$totdays
[1] 365

$Psampest
[1] NA

$Pbootest
     Mean      2.5%       50%     97.5% 
0.4123275 0.0000000 0.0000000 2.6552453 

$Pboots
 [1] 0.0000000 1.9482878 0.7604746 0.0000000 0.0000000 0.0000000 0.0585783 0.0000000
 [9] 0.0000000 0.0000000 0.0000000 0.0000000 1.3815155 0.0000000 0.0000000 0.0000000
[17] 2.2839836 0.0000000 3.2703582 0.0000000 0.0000000 1.4639306 0.0000000 0.0000000
[25] 0.7006116 0.0000000 0.0000000 0.0000000 0.0000000 2.7630310 0.0000000 0.0000000
[33] 0.0000000 0.4964387 0.0000000 0.0000000 0.0000000 0.0000000 2.2188062 0.0000000
[41] 0.0000000 0.0000000 0.0000000 0.0000000 0.0000000 0.0000000 1.5780963 0.0000000
[49] 1.6922620 0.0000000

$Bboots
 [1] 0.000000000 0.120795529 0.046505223 0.000000000 0.000000000 0.000000000 0.001010417
 [8] 0.000000000 0.000000000 0.000000000 0.000000000 0.000000000 0.044985099 0.000000000
[15] 0.000000000 0.000000000 0.068898631 0.000000000 0.132422062 0.000000000 0.000000000
[22] 0.061650660 0.000000000 0.000000000 0.043999432 0.000000000 0.000000000 0.000000000
[29] 0.000000000 0.089970199 0.000000000 0.000000000 0.000000000 0.015679893 0.000000000
[36] 0.000000000 0.000000000 0.000000000 0.093010446 0.000000000 0.000000000 0.000000000
[43] 0.000000000 0.000000000 0.000000000 0.000000000 0.064690907 0.000000000 0.067731155
[50] 0.000000000

$Nboots
 [1] 0.0000000 5.3240741 2.4305556 0.0000000 0.0000000 0.0000000 0.5208333 0.0000000
 [9] 0.0000000 0.0000000 0.0000000 0.0000000 2.0833333 0.0000000 0.0000000 0.0000000
[17] 4.2245370 0.0000000 6.7129630 0.0000000 0.0000000 2.3148148 0.0000000 0.0000000
[25] 3.1250000 0.0000000 0.0000000 0.0000000 0.0000000 4.1666667 0.0000000 0.0000000
[33] 0.0000000 1.2731481 0.0000000 0.0000000 0.0000000 0.0000000 4.8611111 0.0000000
[41] 0.0000000 0.0000000 0.0000000 0.0000000 0.0000000 0.0000000 3.0092593 0.0000000
[49] 3.7037037 0.0000000

$julians
[1] 2040 2085 2122 2143 2192 2232 2278 2283 2362

$intdays
[1] 45 37 21 49 40 46  5 79 43

$Pintsampest
[1] NA NA NA NA NA NA NA NA NA

$Pintboots
           [,1] [,2]      [,3]      [,4] [,5] [,6] [,7] [,8] [,9]
 [1,]        NA   NA        NA        NA   NA   NA   NA   NA   NA
 [2,]        NA   NA 1.9482878        NA   NA   NA   NA   NA   NA
 [3,]        NA   NA 0.7604746        NA   NA   NA   NA   NA   NA
 [4,]        NA   NA        NA        NA   NA   NA   NA   NA   NA
 [5,]        NA   NA        NA        NA   NA   NA   NA   NA   NA
 [6,]        NA    0        NA        NA   NA   NA   NA   NA   NA
 [7,] 0.0585783   NA        NA        NA   NA   NA   NA   NA   NA
 [8,]        NA    0        NA        NA   NA   NA   NA   NA   NA
 [9,]        NA   NA        NA        NA   NA   NA   NA   NA   NA
[10,]        NA   NA        NA        NA    0    0   NA   NA   NA
[11,]        NA   NA        NA        NA   NA   NA   NA   NA   NA
[12,]        NA    0        NA        NA   NA   NA   NA   NA   NA
[13,]        NA   NA        NA 1.3815155    0    0    0    0   NA
[14,]        NA   NA        NA        NA   NA   NA   NA   NA   NA
[15,]        NA   NA        NA        NA   NA   NA   NA   NA   NA
[16,]        NA   NA        NA        NA   NA   NA   NA   NA   NA
[17,] 0.1297493   NA        NA 2.1542343    0   NA   NA   NA   NA
[18,]        NA   NA        NA        NA   NA   NA   NA   NA   NA
[19,]        NA    0 1.1161239 2.1542343    0    0    0    0   NA
[20,]        NA   NA        NA        NA   NA   NA   NA   NA   NA
[21,]        NA   NA        NA        NA   NA   NA   NA   NA   NA
[22,]        NA    0 0.5020377 0.9618929   NA   NA   NA   NA   NA
[23,]        NA   NA        NA        NA   NA   NA   NA   NA   NA
[24,]        NA   NA        NA        NA   NA   NA   NA   NA   NA
[25,]        NA    0 0.7006116        NA   NA   NA   NA   NA   NA
[26,]        NA   NA        NA        NA   NA   NA   NA   NA   NA
[27,]        NA    0        NA        NA   NA   NA   NA   NA   NA
[28,]        NA   NA        NA        NA   NA   NA   NA    0   NA
[29,]        NA   NA        NA        NA   NA   NA   NA   NA   NA
[30,]        NA   NA        NA 2.7630310   NA   NA   NA   NA   NA
[31,]        NA   NA        NA        NA   NA   NA   NA   NA   NA
[32,]        NA   NA        NA        NA    0    0   NA   NA   NA
[33,]        NA   NA        NA        NA   NA    0   NA   NA   NA
[34,]        NA   NA        NA 0.4964387    0   NA   NA    0   NA
[35,]        NA   NA        NA        NA   NA   NA   NA   NA   NA
[36,]        NA    0        NA        NA   NA   NA   NA   NA   NA
[37,]        NA   NA        NA        NA   NA   NA   NA   NA   NA
[38,]        NA   NA        NA        NA   NA   NA   NA   NA   NA
[39,]        NA   NA 0.7604746 1.4583316   NA   NA   NA   NA   NA
[40,]        NA   NA        NA        NA   NA   NA   NA   NA   NA
[41,]        NA   NA        NA        NA   NA   NA   NA    0   NA
[42,]        NA   NA        NA        NA   NA   NA   NA   NA   NA
[43,]        NA   NA        NA        NA   NA   NA   NA   NA   NA
[44,]        NA   NA        NA        NA   NA   NA   NA   NA   NA
[45,]        NA   NA        NA        NA   NA   NA   NA   NA   NA
[46,]        NA   NA        NA        NA   NA   NA   NA    0   NA
[47,]        NA   NA 0.5393872 1.0387091   NA   NA   NA   NA   NA
[48,]        NA    0        NA        NA    0   NA   NA   NA   NA
[49,]        NA   NA 0.5767367 1.1155252    0    0   NA   NA   NA
[50,]        NA   NA        NA        NA   NA   NA   NA   NA   NA

$Bdatesampinfo
      DATE JULIAN N Mean Stdev
1 08/02/11   2040 4   NA    NA
2 09/16/11   2085 7   NA    NA
3 10/23/11   2122 6   NA    NA
4 11/13/11   2143 6   NA    NA
5 01/01/12   2192 6   NA    NA
6 02/10/12   2232 5   NA    NA
7 03/27/12   2278 6   NA    NA
8 04/01/12   2283 3   NA    NA
9 06/19/12   2362 6   NA    NA

$Ndatesampinfo
      DATE JULIAN N Mean Stdev
1 08/02/11   2040 4   NA    NA
2 09/16/11   2085 7   NA    NA
3 10/23/11   2122 6   NA    NA
4 11/13/11   2143 6   NA    NA
5 01/01/12   2192 6   NA    NA
6 02/10/12   2232 5   NA    NA
7 03/27/12   2278 6   NA    NA
8 04/01/12   2283 3   NA    NA
9 06/19/12   2362 6   NA    NA

$Bdateboots
            [,1] [,2] [,3]      [,4] [,5] [,6] [,7] [,8] [,9]
 [1,] 0.00000000    0    0 0.0000000    0    0    0    0    0
 [2,] 0.00000000    0    0 1.9327285    0    0    0    0    0
 [3,] 0.00000000    0    0 0.7440836    0    0    0    0    0
 [4,] 0.00000000    0    0 0.0000000    0    0    0    0    0
 [5,] 0.00000000    0    0 0.0000000    0    0    0    0    0
 [6,] 0.00000000    0    0 0.0000000    0    0    0    0    0
 [7,] 0.01616667    0    0 0.0000000    0    0    0    0    0
 [8,] 0.00000000    0    0 0.0000000    0    0    0    0    0
 [9,] 0.00000000    0    0 0.7440836    0    0    0    0    0
[10,] 0.01077778    0    0 0.0000000    0    0    0    0    0
[11,] 0.00000000    0    0 0.0000000    0    0    0    0    0
[12,] 0.00000000    0    0 0.0000000    0    0    0    0    0
[13,] 0.00000000    0    0 0.7197616    0    0    0    0    0
[14,] 0.00000000    0    0 0.0000000    0    0    0    0    0
[15,] 0.00000000    0    0 0.0000000    0    0    0    0    0
[16,] 0.00000000    0    0 0.0000000    0    0    0    0    0
[17,] 0.04300160    0    0 1.0593765    0    0    0    0    0
[18,] 0.00000000    0    0 0.0000000    0    0    0    0    0
[19,] 0.00000000    0    0 1.0593765    0    0    0    0    0
[20,] 0.00000000    0    0 0.0000000    0    0    0    0    0
[21,] 0.00000000    0    0 1.4881671    0    0    0    0    0
[22,] 0.00000000    0    0 0.4932053    0    0    0    0    0
[23,] 0.00000000    0    0 2.1993774    0    0    0    0    0
[24,] 0.00000000    0    0 0.0000000    0    0    0    0    0
[25,] 0.00000000    0    0 0.7039909    0    0    0    0    0
[26,] 0.00000000    0    0 0.0000000    0    0    0    0    0
[27,] 0.00000000    0    0 0.0000000    0    0    0    0    0
[28,] 0.00000000    0    0 0.0000000    0    0    0    0    0
[29,] 0.00000000    0    0 1.0350545    0    0    0    0    0
[30,] 0.00000000    0    0 1.4395232    0    0    0    0    0
[31,] 0.00000000    0    0 1.2372888    0    0    0    0    0
[32,] 0.00000000    0    0 0.0000000    0    0    0    0    0
[33,] 0.00000000    0    0 0.5418492    0    0    0    0    0
[34,] 0.04300160    0    0 0.2508783    0    0    0    0    0
[35,] 0.06983652    0    0 0.0000000    0    0    0    0    0
[36,] 0.00000000    0    0 0.0000000    0    0    0    0    0
[37,] 0.00000000    0    0 0.0000000    0    0    0    0    0
[38,] 0.00000000    0    0 0.0000000    0    0    0    0    0
[39,] 0.00000000    0    0 0.7440836    0    0    0    0    0
[40,] 0.00000000    0    0 0.0000000    0    0    0    0    0
[41,] 0.00000000    0    0 0.0000000    0    0    0    0    0
[42,] 0.00000000    0    0 0.0000000    0    0    0    0    0
[43,] 0.00000000    0    0 0.0000000    0    0    0    0    0
[44,] 0.00000000    0    0 0.0000000    0    0    0    0    0
[45,] 0.00000000    0    0 0.3238442    0    0    0    0    0
[46,] 0.00000000    0    0 0.0000000    0    0    0    0    0
[47,] 0.00000000    0    0 0.5175273    0    0    0    0    0
[48,] 0.00000000    0    0 0.0000000    0    0    0    0    0
[49,] 0.00000000    0    0 0.5418492    0    0    0    0    0
[50,] 0.00000000    0    0 0.0000000    0    0    0    0    0

$Ndateboots
           [,1] [,2] [,3]     [,4] [,5] [,6] [,7] [,8] [,9]
 [1,]  0.000000    0    0  0.00000    0    0    0    0    0
 [2,]  0.000000    0    0 85.18519    0    0    0    0    0
 [3,]  0.000000    0    0 38.88889    0    0    0    0    0
 [4,]  0.000000    0    0  0.00000    0    0    0    0    0
 [5,]  0.000000    0    0  0.00000    0    0    0    0    0
 [6,]  0.000000    0    0  0.00000    0    0    0    0    0
 [7,]  8.333333    0    0  0.00000    0    0    0    0    0
 [8,]  0.000000    0    0  0.00000    0    0    0    0    0
 [9,]  0.000000    0    0 38.88889    0    0    0    0    0
[10,]  5.555556    0    0  0.00000    0    0    0    0    0
[11,]  0.000000    0    0  0.00000    0    0    0    0    0
[12,]  0.000000    0    0  0.00000    0    0    0    0    0
[13,]  0.000000    0    0 33.33333    0    0    0    0    0
[14,]  0.000000    0    0  0.00000    0    0    0    0    0
[15,]  0.000000    0    0  0.00000    0    0    0    0    0
[16,]  0.000000    0    0  0.00000    0    0    0    0    0
[17,] 13.888889    0    0 53.70370    0    0    0    0    0
[18,]  0.000000    0    0  0.00000    0    0    0    0    0
[19,]  0.000000    0    0 53.70370    0    0    0    0    0
[20,]  0.000000    0    0  0.00000    0    0    0    0    0
[21,]  0.000000    0    0 77.77778    0    0    0    0    0
[22,]  0.000000    0    0 18.51852    0    0    0    0    0
[23,]  0.000000    0    0 88.88889    0    0    0    0    0
[24,]  0.000000    0    0  0.00000    0    0    0    0    0
[25,]  0.000000    0    0 50.00000    0    0    0    0    0
[26,]  0.000000    0    0  0.00000    0    0    0    0    0
[27,]  0.000000    0    0  0.00000    0    0    0    0    0
[28,]  0.000000    0    0  0.00000    0    0    0    0    0
[29,]  0.000000    0    0 48.14815    0    0    0    0    0
[30,]  0.000000    0    0 66.66667    0    0    0    0    0
[31,]  0.000000    0    0 57.40741    0    0    0    0    0
[32,]  0.000000    0    0  0.00000    0    0    0    0    0
[33,]  0.000000    0    0 29.62963    0    0    0    0    0
[34,] 13.888889    0    0 20.37037    0    0    0    0    0
[35,] 19.444444    0    0  0.00000    0    0    0    0    0
[36,]  0.000000    0    0  0.00000    0    0    0    0    0
[37,]  0.000000    0    0  0.00000    0    0    0    0    0
[38,]  0.000000    0    0  0.00000    0    0    0    0    0
[39,]  0.000000    0    0 38.88889    0    0    0    0    0
[40,]  0.000000    0    0  0.00000    0    0    0    0    0
[41,]  0.000000    0    0  0.00000    0    0    0    0    0
[42,]  0.000000    0    0  0.00000    0    0    0    0    0
[43,]  0.000000    0    0  0.00000    0    0    0    0    0
[44,]  0.000000    0    0  0.00000    0    0    0    0    0
[45,]  0.000000    0    0 37.03704    0    0    0    0    0
[46,]  0.000000    0    0  0.00000    0    0    0    0    0
[47,]  0.000000    0    0 24.07407    0    0    0    0    0
[48,]  0.000000    0    0  0.00000    0    0    0    0    0
[49,]  0.000000    0    0 29.62963    0    0    0    0    0
[50,]  0.000000    0    0  0.00000    0    0    0    0    0

