$totdays
[1] 365

$Psampest
[1] 3.123512

$Pbootest
     Mean      2.5%       50%     97.5% 
 8.635931  0.000000 10.323870 16.570894 

$Pboots
 [1]  3.123512 13.447382  0.000000 16.570894  0.000000 13.447382 16.570894 13.447382
 [9]  0.000000  3.123512  6.247024  3.123512  3.123512  3.123512 16.570894 10.323870
[17] 13.447382 10.323870 12.494048 16.570894  0.000000 16.570894 13.447382 13.447382
[25]  3.123512 16.570894 10.323870  3.123512 10.323870 13.447382 13.447382 13.447382
[33] 10.323870  3.123512  6.247024 13.447382  3.123512 16.570894  0.000000  0.000000
[41]  0.000000 10.323870 10.323870  6.247024  3.123512 16.570894 13.447382  6.247024
[49]  0.000000 10.323870

$Bboots
 [1] 0.3577105 1.4308422 0.0000000 1.7885527 0.0000000 1.4308422 1.7885527 1.4308422
 [9] 0.0000000 0.3577105 0.7154211 0.3577105 0.3577105 0.3577105 1.7885527 1.0731316
[17] 1.4308422 1.0731316 1.4308422 1.7885527 0.0000000 1.7885527 1.4308422 1.4308422
[25] 0.3577105 1.7885527 1.0731316 0.3577105 1.0731316 1.4308422 1.4308422 1.4308422
[33] 1.0731316 0.3577105 0.7154211 1.4308422 0.3577105 1.7885527 0.0000000 0.0000000
[41] 0.0000000 1.0731316 1.0731316 0.7154211 0.3577105 1.7885527 1.4308422 0.7154211
[49] 0.0000000 1.0731316

$Nboots
 [1] 0.2314815 0.9259259 0.0000000 1.1574074 0.0000000 0.9259259 1.1574074 0.9259259
 [9] 0.0000000 0.2314815 0.4629630 0.2314815 0.2314815 0.2314815 1.1574074 0.6944444
[17] 0.9259259 0.6944444 0.9259259 1.1574074 0.0000000 1.1574074 0.9259259 0.9259259
[25] 0.2314815 1.1574074 0.6944444 0.2314815 0.6944444 0.9259259 0.9259259 0.9259259
[33] 0.6944444 0.2314815 0.4629630 0.9259259 0.2314815 1.1574074 0.0000000 0.0000000
[41] 0.0000000 0.6944444 0.6944444 0.4629630 0.2314815 1.1574074 0.9259259 0.4629630
[49] 0.0000000 0.6944444

$julians
[1] 2040 2085 2122 2143 2192 2232 2278 2283 2362

$intdays
[1] 45 37 21 49 40 46  5 79 43

$Pintsampest
[1] 1.1691496 1.4028671 0.0000000 0.0000000 0.0000000 0.0000000 0.0000000 0.0000000
[9] 0.5514953

$Pintboots
          [,1]     [,2] [,3] [,4] [,5] [,6] [,7] [,8]      [,9]
 [1,] 1.169150 1.402867    0    0    0    0    0    0 0.5514953
 [2,] 8.184047 1.402867    0    0    0    0    0    0 3.8604673
 [3,] 0.000000 0.000000    0    0    0    0    0    0 0.0000000
 [4,] 9.353197 2.805734    0    0    0    0    0    0 4.4119626
 [5,] 0.000000 0.000000    0    0    0    0    0    0 0.0000000
 [6,] 8.184047 1.402867    0    0    0    0    0    0 3.8604673
 [7,] 9.353197 2.805734    0    0    0    0    0    0 4.4119626
 [8,] 8.184047 1.402867    0    0    0    0    0    0 3.8604673
 [9,] 0.000000 0.000000    0    0    0    0    0    0 0.0000000
[10,] 1.169150 1.402867    0    0    0    0    0    0 0.5514953
[11,] 2.338299 2.805734    0    0    0    0    0    0 1.1029907
[12,] 1.169150 1.402867    0    0    0    0    0    0 0.5514953
[13,] 1.169150 1.402867    0    0    0    0    0    0 0.5514953
[14,] 1.169150 1.402867    0    0    0    0    0    0 0.5514953
[15,] 9.353197 2.805734    0    0    0    0    0    0 4.4119626
[16,] 7.014898 0.000000    0    0    0    0    0    0 3.3089720
[17,] 8.184047 1.402867    0    0    0    0    0    0 3.8604673
[18,] 7.014898 0.000000    0    0    0    0    0    0 3.3089720
[19,] 4.676598 5.611468    0    0    0    0    0    0 2.2059813
[20,] 9.353197 2.805734    0    0    0    0    0    0 4.4119626
[21,] 0.000000 0.000000    0    0    0    0    0    0 0.0000000
[22,] 9.353197 2.805734    0    0    0    0    0    0 4.4119626
[23,] 8.184047 1.402867    0    0    0    0    0    0 3.8604673
[24,] 8.184047 1.402867    0    0    0    0    0    0 3.8604673
[25,] 1.169150 1.402867    0    0    0    0    0    0 0.5514953
[26,] 9.353197 2.805734    0    0    0    0    0    0 4.4119626
[27,] 7.014898 0.000000    0    0    0    0    0    0 3.3089720
[28,] 1.169150 1.402867    0    0    0    0    0    0 0.5514953
[29,] 7.014898 0.000000    0    0    0    0    0    0 3.3089720
[30,] 8.184047 1.402867    0    0    0    0    0    0 3.8604673
[31,] 8.184047 1.402867    0    0    0    0    0    0 3.8604673
[32,] 8.184047 1.402867    0    0    0    0    0    0 3.8604673
[33,] 7.014898 0.000000    0    0    0    0    0    0 3.3089720
[34,] 1.169150 1.402867    0    0    0    0    0    0 0.5514953
[35,] 2.338299 2.805734    0    0    0    0    0    0 1.1029907
[36,] 8.184047 1.402867    0    0    0    0    0    0 3.8604673
[37,] 1.169150 1.402867    0    0    0    0    0    0 0.5514953
[38,] 9.353197 2.805734    0    0    0    0    0    0 4.4119626
[39,] 0.000000 0.000000    0    0    0    0    0    0 0.0000000
[40,] 0.000000 0.000000    0    0    0    0    0    0 0.0000000
[41,] 0.000000 0.000000    0    0    0    0    0    0 0.0000000
[42,] 7.014898 0.000000    0    0    0    0    0    0 3.3089720
[43,] 7.014898 0.000000    0    0    0    0    0    0 3.3089720
[44,] 2.338299 2.805734    0    0    0    0    0    0 1.1029907
[45,] 1.169150 1.402867    0    0    0    0    0    0 0.5514953
[46,] 9.353197 2.805734    0    0    0    0    0    0 4.4119626
[47,] 8.184047 1.402867    0    0    0    0    0    0 3.8604673
[48,] 2.338299 2.805734    0    0    0    0    0    0 1.1029907
[49,] 0.000000 0.000000    0    0    0    0    0    0 0.0000000
[50,] 7.014898 0.000000    0    0    0    0    0    0 3.3089720

$Bdatesampinfo
      DATE JULIAN N     Mean    Stdev
1 08/02/11   2040 1 0.000000       NA
2 09/16/11   2085 6 2.861684 7.009666
3 10/23/11   2122 5 0.000000 0.000000
4 11/13/11   2143 5 0.000000 0.000000
5 01/01/12   2192 5 0.000000 0.000000
6 02/10/12   2232 4 0.000000 0.000000
7 03/27/12   2278 5 0.000000 0.000000
8 04/01/12   2283 2 0.000000 0.000000
9 06/19/12   2362 5 0.000000 0.000000

$Ndatesampinfo
      DATE JULIAN N     Mean    Stdev
1 08/02/11   2040 1 0.000000       NA
2 09/16/11   2085 6 1.851852 4.536092
3 10/23/11   2122 5 0.000000 0.000000
4 11/13/11   2143 5 0.000000 0.000000
5 01/01/12   2192 5 0.000000 0.000000
6 02/10/12   2232 4 0.000000 0.000000
7 03/27/12   2278 5 0.000000 0.000000
8 04/01/12   2283 2 0.000000 0.000000
9 06/19/12   2362 5 0.000000 0.000000

$Bdateboots
          [,1]      [,2] [,3] [,4] [,5] [,6] [,7] [,8] [,9]
 [1,]  0.00000  2.861684    0    0    0    0    0    0    0
 [2,] 17.17011  2.861684    0    0    0    0    0    0    0
 [3,]  0.00000  0.000000    0    0    0    0    0    0    0
 [4,] 17.17011  5.723369    0    0    0    0    0    0    0
 [5,]  0.00000  0.000000    0    0    0    0    0    0    0
 [6,] 17.17011  2.861684    0    0    0    0    0    0    0
 [7,] 17.17011  5.723369    0    0    0    0    0    0    0
 [8,] 17.17011  2.861684    0    0    0    0    0    0    0
 [9,]  0.00000  0.000000    0    0    0    0    0    0    0
[10,]  0.00000  2.861684    0    0    0    0    0    0    0
[11,]  0.00000  5.723369    0    0    0    0    0    0    0
[12,]  0.00000  2.861684    0    0    0    0    0    0    0
[13,]  0.00000  2.861684    0    0    0    0    0    0    0
[14,]  0.00000  2.861684    0    0    0    0    0    0    0
[15,] 17.17011  5.723369    0    0    0    0    0    0    0
[16,] 17.17011  0.000000    0    0    0    0    0    0    0
[17,] 17.17011  2.861684    0    0    0    0    0    0    0
[18,] 17.17011  0.000000    0    0    0    0    0    0    0
[19,]  0.00000 11.446737    0    0    0    0    0    0    0
[20,] 17.17011  5.723369    0    0    0    0    0    0    0
[21,]  0.00000  0.000000    0    0    0    0    0    0    0
[22,] 17.17011  5.723369    0    0    0    0    0    0    0
[23,] 17.17011  2.861684    0    0    0    0    0    0    0
[24,] 17.17011  2.861684    0    0    0    0    0    0    0
[25,]  0.00000  2.861684    0    0    0    0    0    0    0
[26,] 17.17011  5.723369    0    0    0    0    0    0    0
[27,] 17.17011  0.000000    0    0    0    0    0    0    0
[28,]  0.00000  2.861684    0    0    0    0    0    0    0
[29,] 17.17011  0.000000    0    0    0    0    0    0    0
[30,] 17.17011  2.861684    0    0    0    0    0    0    0
[31,] 17.17011  2.861684    0    0    0    0    0    0    0
[32,] 17.17011  2.861684    0    0    0    0    0    0    0
[33,] 17.17011  0.000000    0    0    0    0    0    0    0
[34,]  0.00000  2.861684    0    0    0    0    0    0    0
[35,]  0.00000  5.723369    0    0    0    0    0    0    0
[36,] 17.17011  2.861684    0    0    0    0    0    0    0
[37,]  0.00000  2.861684    0    0    0    0    0    0    0
[38,] 17.17011  5.723369    0    0    0    0    0    0    0
[39,]  0.00000  0.000000    0    0    0    0    0    0    0
[40,]  0.00000  0.000000    0    0    0    0    0    0    0
[41,]  0.00000  0.000000    0    0    0    0    0    0    0
[42,] 17.17011  0.000000    0    0    0    0    0    0    0
[43,] 17.17011  0.000000    0    0    0    0    0    0    0
[44,]  0.00000  5.723369    0    0    0    0    0    0    0
[45,]  0.00000  2.861684    0    0    0    0    0    0    0
[46,] 17.17011  5.723369    0    0    0    0    0    0    0
[47,] 17.17011  2.861684    0    0    0    0    0    0    0
[48,]  0.00000  5.723369    0    0    0    0    0    0    0
[49,]  0.00000  0.000000    0    0    0    0    0    0    0
[50,] 17.17011  0.000000    0    0    0    0    0    0    0

$Ndateboots
          [,1]     [,2] [,3] [,4] [,5] [,6] [,7] [,8] [,9]
 [1,]  0.00000 1.851852    0    0    0    0    0    0    0
 [2,] 11.11111 1.851852    0    0    0    0    0    0    0
 [3,]  0.00000 0.000000    0    0    0    0    0    0    0
 [4,] 11.11111 3.703704    0    0    0    0    0    0    0
 [5,]  0.00000 0.000000    0    0    0    0    0    0    0
 [6,] 11.11111 1.851852    0    0    0    0    0    0    0
 [7,] 11.11111 3.703704    0    0    0    0    0    0    0
 [8,] 11.11111 1.851852    0    0    0    0    0    0    0
 [9,]  0.00000 0.000000    0    0    0    0    0    0    0
[10,]  0.00000 1.851852    0    0    0    0    0    0    0
[11,]  0.00000 3.703704    0    0    0    0    0    0    0
[12,]  0.00000 1.851852    0    0    0    0    0    0    0
[13,]  0.00000 1.851852    0    0    0    0    0    0    0
[14,]  0.00000 1.851852    0    0    0    0    0    0    0
[15,] 11.11111 3.703704    0    0    0    0    0    0    0
[16,] 11.11111 0.000000    0    0    0    0    0    0    0
[17,] 11.11111 1.851852    0    0    0    0    0    0    0
[18,] 11.11111 0.000000    0    0    0    0    0    0    0
[19,]  0.00000 7.407407    0    0    0    0    0    0    0
[20,] 11.11111 3.703704    0    0    0    0    0    0    0
[21,]  0.00000 0.000000    0    0    0    0    0    0    0
[22,] 11.11111 3.703704    0    0    0    0    0    0    0
[23,] 11.11111 1.851852    0    0    0    0    0    0    0
[24,] 11.11111 1.851852    0    0    0    0    0    0    0
[25,]  0.00000 1.851852    0    0    0    0    0    0    0
[26,] 11.11111 3.703704    0    0    0    0    0    0    0
[27,] 11.11111 0.000000    0    0    0    0    0    0    0
[28,]  0.00000 1.851852    0    0    0    0    0    0    0
[29,] 11.11111 0.000000    0    0    0    0    0    0    0
[30,] 11.11111 1.851852    0    0    0    0    0    0    0
[31,] 11.11111 1.851852    0    0    0    0    0    0    0
[32,] 11.11111 1.851852    0    0    0    0    0    0    0
[33,] 11.11111 0.000000    0    0    0    0    0    0    0
[34,]  0.00000 1.851852    0    0    0    0    0    0    0
[35,]  0.00000 3.703704    0    0    0    0    0    0    0
[36,] 11.11111 1.851852    0    0    0    0    0    0    0
[37,]  0.00000 1.851852    0    0    0    0    0    0    0
[38,] 11.11111 3.703704    0    0    0    0    0    0    0
[39,]  0.00000 0.000000    0    0    0    0    0    0    0
[40,]  0.00000 0.000000    0    0    0    0    0    0    0
[41,]  0.00000 0.000000    0    0    0    0    0    0    0
[42,] 11.11111 0.000000    0    0    0    0    0    0    0
[43,] 11.11111 0.000000    0    0    0    0    0    0    0
[44,]  0.00000 3.703704    0    0    0    0    0    0    0
[45,]  0.00000 1.851852    0    0    0    0    0    0    0
[46,] 11.11111 3.703704    0    0    0    0    0    0    0
[47,] 11.11111 1.851852    0    0    0    0    0    0    0
[48,]  0.00000 3.703704    0    0    0    0    0    0    0
[49,]  0.00000 0.000000    0    0    0    0    0    0    0
[50,] 11.11111 0.000000    0    0    0    0    0    0    0

