$totdays
[1] 365

$Psampest
[1] NA

$Pbootest
     Mean      2.5%       50%     97.5% 
0.9734288 0.0000000 0.0000000 7.4101180 

$Pboots
 [1]  0.5432462  0.0000000  2.8990262  0.0000000  1.4059475 11.9510578  1.3313187
 [8]  0.0000000  0.0000000  0.0000000  2.0467734  1.9821941  0.0000000  0.0000000
[15]  0.0000000  0.0000000  8.0554539  0.0000000  5.1872943  0.0000000  0.0000000
[22]  1.0235150  0.6319963  1.5504590  0.0000000  0.0000000  0.0000000  0.4594811
[29]  0.0000000  1.7823546  0.1281270  0.0000000  0.0000000  1.6619404  2.7460671
[36]  0.0000000  0.1964410  0.2163501  0.8903288  0.0000000  0.0000000  0.0000000
[43]  0.0000000  0.6144971  0.0000000  0.0000000  0.0000000  1.3675705  0.0000000
[50]  0.0000000

$Bboots
 [1] 0.014942792 0.000000000 0.100762041 0.000000000 0.051671055 0.343245114 0.042697138
 [8] 0.000000000 0.000000000 0.000000000 0.059789092 0.063896140 0.000000000 0.000000000
[15] 0.000000000 0.000000000 0.232537505 0.000000000 0.142808372 0.000000000 0.000000000
[22] 0.027261176 0.015492101 0.052103355 0.000000000 0.000000000 0.000000000 0.013412700
[29] 0.000000000 0.057392515 0.057856854 0.000000000 0.000000000 0.053305821 0.079785765
[36] 0.000000000 0.003713859 0.004705621 0.032297249 0.000000000 0.000000000 0.000000000
[43] 0.000000000 0.254844332 0.000000000 0.000000000 0.000000000 0.035435179 0.000000000
[50] 0.000000000

$Nboots
 [1]  4.034392  0.000000 12.946429  0.000000  4.745370 12.384259  7.268519  0.000000
 [9]  0.000000  0.000000 12.394180  8.148148  0.000000  0.000000  0.000000  0.000000
[17]  7.060185  0.000000  7.175926  0.000000  0.000000  7.771164  3.356481  9.189815
[25]  0.000000  0.000000  0.000000  4.513889  0.000000 10.115741  3.356481  0.000000
[33]  0.000000  7.615741 11.474868  0.000000  1.041667  1.504630  4.398148  0.000000
[41]  0.000000  0.000000  0.000000  9.490741  0.000000  0.000000  0.000000  4.712302
[49]  0.000000  0.000000

$julians
[1] 2040 2085 2122 2143 2192 2232 2278 2283 2362

$intdays
[1] 45 37 21 49 40 46  5 79 43

$Pintsampest
[1] NA NA NA NA NA NA NA NA NA

$Pintboots
         [,1]      [,2]      [,3]      [,4]      [,5]      [,6]      [,7]      [,8]
 [1,]      NA 0.3120376 0.1301463 0.1010623        NA        NA        NA        NA
 [2,]      NA        NA        NA        NA        NA        NA        NA        NA
 [3,]      NA 0.5036179 0.1910729        NA        NA 2.2043354        NA        NA
 [4,]      NA        NA        NA        NA        NA        NA        NA        NA
 [5,]      NA        NA        NA        NA        NA 1.4059475        NA        NA
 [6,]      NA        NA        NA 0.1778785        NA        NA        NA 11.773179
 [7,]      NA        NA        NA 0.2415038 0.3707008 0.7191141        NA        NA
 [8,]      NA        NA        NA        NA        NA        NA        NA        NA
 [9,]      NA        NA        NA        NA        NA        NA        NA        NA
[10,]      NA        NA        NA        NA        NA        NA        NA        NA
[11,]      NA 0.5206648 0.1655195        NA        NA 1.3605891        NA        NA
[12,]      NA        NA        NA        NA        NA 1.9821941        NA        NA
[13,]      NA        NA        NA        NA        NA        NA        NA        NA
[14,]      NA        NA        NA        NA        NA        NA        NA        NA
[15,]      NA        NA        NA        NA        NA        NA        NA        NA
[16,]      NA        NA        NA        NA        NA        NA        NA        NA
[17,]      NA        NA        NA        NA        NA        NA        NA  8.055454
[18,]      NA        NA        NA        NA        NA        NA        NA        NA
[19,]      NA        NA 0.2209609        NA        NA        NA        NA  4.966333
[20,]      NA        NA        NA        NA        NA        NA        NA        NA
[21,]      NA        NA        NA        NA        NA        NA        NA        NA
[22,]      NA 0.5009163 0.2305637 0.2920350        NA        NA        NA        NA
[23,]      NA 0.6319963        NA        NA        NA        NA        NA        NA
[24,]      NA        NA        NA 0.2712183 1.2792407        NA        NA        NA
[25,]      NA        NA        NA        NA        NA        NA        NA        NA
[26,]      NA        NA        NA        NA        NA        NA        NA        NA
[27,]      NA        NA        NA        NA        NA        NA        NA        NA
[28,]      NA        NA 0.2102548 0.2492263        NA        NA        NA        NA
[29,]      NA        NA        NA        NA        NA        NA        NA        NA
[30,]      NA        NA        NA 0.2141401 1.5682145        NA        NA        NA
[31,]      NA        NA        NA        NA        NA        NA 0.1281270        NA
[32,]      NA        NA        NA        NA        NA        NA        NA        NA
[33,]      NA        NA        NA        NA        NA        NA        NA        NA
[34,]      NA        NA        NA        NA        NA 1.6619404        NA        NA
[35,] 1.79842 0.4729088 0.2815113 0.1932268        NA        NA        NA        NA
[36,]      NA        NA        NA        NA        NA        NA        NA        NA
[37,]      NA        NA        NA 0.1964410        NA        NA        NA        NA
[38,]      NA 0.2163501        NA        NA        NA        NA        NA        NA
[39,]      NA        NA        NA        NA 0.8903288        NA        NA        NA
[40,]      NA        NA        NA        NA        NA        NA        NA        NA
[41,]      NA        NA        NA        NA        NA        NA        NA        NA
[42,]      NA        NA        NA        NA        NA        NA        NA        NA
[43,]      NA        NA        NA        NA        NA        NA        NA        NA
[44,]      NA        NA        NA 0.3040504        NA        NA 0.3104466        NA
[45,]      NA        NA        NA        NA        NA        NA        NA        NA
[46,]      NA        NA        NA        NA        NA        NA        NA        NA
[47,]      NA        NA        NA        NA        NA        NA        NA        NA
[48,] 1.36757        NA        NA        NA        NA        NA        NA        NA
[49,]      NA        NA        NA        NA        NA        NA        NA        NA
[50,]      NA        NA        NA        NA        NA        NA        NA        NA
      [,9]
 [1,]   NA
 [2,]   NA
 [3,]   NA
 [4,]   NA
 [5,]   NA
 [6,]   NA
 [7,]   NA
 [8,]   NA
 [9,]   NA
[10,]   NA
[11,]   NA
[12,]   NA
[13,]   NA
[14,]   NA
[15,]   NA
[16,]   NA
[17,]   NA
[18,]   NA
[19,]   NA
[20,]   NA
[21,]   NA
[22,]   NA
[23,]   NA
[24,]   NA
[25,]   NA
[26,]   NA
[27,]   NA
[28,]   NA
[29,]   NA
[30,]   NA
[31,]   NA
[32,]   NA
[33,]   NA
[34,]   NA
[35,]   NA
[36,]   NA
[37,]   NA
[38,]   NA
[39,]   NA
[40,]   NA
[41,]   NA
[42,]   NA
[43,]   NA
[44,]   NA
[45,]   NA
[46,]   NA
[47,]   NA
[48,]   NA
[49,]   NA
[50,]   NA

$Bdatesampinfo
      DATE JULIAN N Mean Stdev
1 08/02/11   2040 6   NA    NA
2 09/16/11   2085 7   NA    NA
3 10/23/11   2122 6   NA    NA
4 11/13/11   2143 6   NA    NA
5 01/01/12   2192 6   NA    NA
6 02/10/12   2232 5   NA    NA
7 03/27/12   2278 6   NA    NA
8 04/01/12   2283 3   NA    NA
9 06/19/12   2362 6   NA    NA

$Ndatesampinfo
      DATE JULIAN N Mean Stdev
1 08/02/11   2040 6   NA    NA
2 09/16/11   2085 7   NA    NA
3 10/23/11   2122 6   NA    NA
4 11/13/11   2143 6   NA    NA
5 01/01/12   2192 6   NA    NA
6 02/10/12   2232 5   NA    NA
7 03/27/12   2278 6   NA    NA
8 04/01/12   2283 3   NA    NA
9 06/19/12   2362 6   NA    NA

$Bdateboots
           [,1]       [,2]        [,3]       [,4]       [,5]      [,6]       [,7]
 [1,] 0.0000000 0.06144137 0.064253460 0.02456819 0.00000000 0.0000000 0.00000000
 [2,] 0.0000000 0.00000000 0.000000000 0.06767930 0.00000000 0.0000000 0.00000000
 [3,] 0.0000000 0.12777111 0.064253460 0.05690152 0.00000000 0.9255623 0.37345075
 [4,] 0.5907636 0.00000000 0.000000000 0.00000000 0.00000000 0.0000000 0.00000000
 [5,] 0.0000000 0.00000000 0.055293260 0.00000000 0.00000000 0.4960266 0.33071029
 [6,] 0.3967993 0.00000000 0.000000000 0.02816078 0.02072939 0.0000000 0.00000000
 [7,] 0.0000000 0.14356066 0.000000000 0.04461743 0.02072939 0.1545541 0.28796982
 [8,] 0.5467037 0.00000000 0.000000000 0.00000000 0.00000000 0.0000000 0.36971293
 [9,] 0.0000000 0.00000000 0.000000000 0.05029630 0.00000000 0.0000000 0.00000000
[10,] 0.6176868 0.00000000 0.000000000 0.00000000 0.02072939 0.0000000 0.00000000
[11,] 0.0000000 0.15849179 0.026880598 0.06350675 0.00000000 0.5563822 0.12448358
[12,] 0.0000000 0.04785355 0.000000000 0.00000000 0.00000000 0.8978547 0.12448358
[13,] 0.0000000 0.00000000 0.008960199 0.00000000 0.00000000 0.0000000 0.00000000
[14,] 0.4136080 0.00000000 0.000000000 0.00000000 0.00000000 0.0000000 0.00000000
[15,] 0.6614187 0.00000000 0.046333061 0.00000000 0.00000000 0.1847319 0.00000000
[16,] 0.3604178 0.00000000 0.055293260 0.00000000 0.00000000 0.0000000 0.00000000
[17,] 0.0000000 0.10660827 0.000000000 0.00000000 0.00000000 0.0000000 0.00000000
[18,] 0.1052567 0.00000000 0.064253460 0.00000000 0.00000000 0.0000000 0.00000000
[19,] 0.0000000 0.00000000 0.110586521 0.04461743 0.00000000 0.0000000 0.00000000
[20,] 0.6344955 0.00000000 0.000000000 0.00000000 0.00000000 0.0000000 0.00000000
[21,] 0.0000000 0.06767306 0.000000000 0.00000000 0.02072939 0.0000000 0.00000000
[22,] 0.0000000 0.09839375 0.101626321 0.05690152 0.02072939 0.0000000 0.00000000
[23,] 0.0000000 0.14624730 0.101626321 0.00000000 0.04145877 0.0000000 0.00000000
[24,] 0.5638405 0.00000000 0.000000000 0.05122265 0.02072939 0.7409722 0.00000000
[25,] 0.0000000 0.12019609 0.000000000 0.00000000 0.00000000 0.0000000 0.00000000
[26,] 0.5185366 0.00000000 0.156919582 0.00000000 0.02072939 0.0000000 0.00000000
[27,] 0.0000000 0.00000000 0.138999183 0.00000000 0.00000000 0.0000000 0.00000000
[28,] 0.3686322 0.00000000 0.101626321 0.04612374 0.02072939 0.0000000 0.00000000
[29,] 0.3432810 0.00000000 0.101626321 0.00000000 0.00000000 0.0000000 0.00000000
[30,] 0.0000000 0.09705043 0.000000000 0.03685228 0.02072939 0.8399692 0.00000000
[31,] 0.0000000 0.12019609 0.000000000 0.00000000 0.02072939 0.0000000 0.36971293
[32,] 0.0000000 0.00000000 0.138999183 0.00000000 0.00000000 0.0000000 0.00000000
[33,] 0.4576679 0.00000000 0.000000000 0.00000000 0.00000000 0.0000000 0.00000000
[34,] 0.0000000 0.08480593 0.000000000 0.00000000 0.00000000 0.7711500 0.08174312
[35,] 0.7679193 0.04919687 0.156919582 0.04821002 0.00000000 0.0000000 0.00000000
[36,] 0.0000000 0.00000000 0.000000000 0.00000000 0.00000000 0.0000000 0.00000000
[37,] 0.0000000 0.00000000 0.000000000 0.01796296 0.04145877 0.0000000 0.24522935
[38,] 0.0000000 0.06632974 0.008960199 0.00000000 0.00000000 0.0000000 0.00000000
[39,] 0.0000000 0.15091677 0.000000000 0.00000000 0.02072939 0.4960266 0.00000000
[40,] 0.0000000 0.00000000 0.000000000 0.00000000 0.02072939 0.0000000 0.12448358
[41,] 0.0000000 0.00000000 0.064253460 0.00000000 0.00000000 0.0000000 0.00000000
[42,] 0.0000000 0.06009804 0.000000000 0.00000000 0.00000000 1.1403302 0.00000000
[43,] 0.3429530 0.00000000 0.000000000 0.00000000 0.00000000 0.0000000 0.00000000
[44,] 0.0000000 0.13732896 0.000000000 0.04461743 0.04145877 0.0000000 0.28796982
[45,] 0.4041497 0.00000000 0.000000000 0.04821002 0.00000000 0.5865599 0.00000000
[46,] 0.0000000 0.13867228 0.000000000 0.00000000 0.00000000 0.0000000 0.00000000
[47,] 0.0000000 0.00000000 0.000000000 0.00000000 0.00000000 0.4381411 0.00000000
[48,] 0.4576679 0.10929492 0.000000000 0.04461743 0.00000000 0.5865599 0.00000000
[49,] 0.0000000 0.00000000 0.000000000 0.03024706 0.00000000 0.0000000 0.00000000
[50,] 0.0000000 0.00000000 0.000000000 0.00000000 0.08291755 0.0000000 0.24896717
           [,8]       [,9]
 [1,] 0.0000000 0.03427359
 [2,] 0.0000000 0.00000000
 [3,] 0.0000000 0.00000000
 [4,] 0.0000000 0.00000000
 [5,] 0.0000000 0.21724548
 [6,] 5.2771966 0.16583509
 [7,] 0.0000000 0.00000000
 [8,] 0.0000000 0.01713679
 [9,] 5.2771966 0.00000000
[10,] 0.0000000 0.00000000
[11,] 0.0000000 0.00000000
[12,] 0.0000000 0.03427359
[13,] 0.0000000 0.11719114
[14,] 0.0000000 0.00000000
[15,] 0.0000000 0.00000000
[16,] 0.0000000 0.16583509
[17,] 3.7034633 0.01713679
[18,] 0.0000000 0.00000000
[19,] 2.1297300 0.00000000
[20,] 2.1297300 0.00000000
[21,] 0.0000000 0.00000000
[22,] 0.0000000 0.00000000
[23,] 2.1297300 0.00000000
[24,] 3.7034633 0.00000000
[25,] 0.0000000 0.13432793
[26,] 3.7034633 0.00000000
[27,] 0.0000000 0.00000000
[28,] 0.0000000 0.00000000
[29,] 0.5559967 0.00000000
[30,] 0.0000000 0.00000000
[31,] 0.5559967 0.00000000
[32,] 0.0000000 0.01713679
[33,] 0.0000000 0.00000000
[34,] 0.0000000 0.00000000
[35,] 5.2771966 0.00000000
[36,] 0.0000000 0.00000000
[37,] 0.0000000 0.00000000
[38,] 0.0000000 0.11719114
[39,] 0.0000000 0.00000000
[40,] 0.0000000 0.11719114
[41,] 0.0000000 0.00000000
[42,] 0.5559967 0.00000000
[43,] 0.0000000 0.00000000
[44,] 3.7034633 0.00000000
[45,] 0.0000000 0.11719114
[46,] 0.0000000 0.00000000
[47,] 3.7034633 0.00000000
[48,] 2.1297300 0.00000000
[49,] 0.0000000 0.03427359
[50,] 0.0000000 0.10005434

$Ndateboots
          [,1]     [,2]      [,3]      [,4]      [,5]      [,6]      [,7]      [,8]
 [1,]  0.00000 12.69841  7.407407 18.518519  0.000000   0.00000  0.000000   0.00000
 [2,]  0.00000  0.00000  0.000000 40.740741  0.000000   0.00000  0.000000   0.00000
 [3,]  0.00000 34.92063  7.407407 35.185185  0.000000 111.11111 11.111111   0.00000
 [4,] 51.85185  0.00000  0.000000  0.000000  0.000000   0.00000  0.000000   0.00000
 [5,]  0.00000  0.00000  5.555556  0.000000  0.000000  66.66667  9.259259   0.00000
 [6,] 50.00000  0.00000  0.000000 20.370370  3.703704   0.00000  0.000000 144.44444
 [7,]  0.00000 38.09524  0.000000 25.925926  3.703704  37.77778  7.407407   0.00000
 [8,] 38.88889  0.00000  0.000000  0.000000  0.000000   0.00000  9.259259   0.00000
 [9,]  0.00000  0.00000  0.000000 25.925926  0.000000   0.00000  0.000000 144.44444
[10,] 62.96296  0.00000  0.000000  0.000000  3.703704   0.00000  0.000000   0.00000
[11,]  0.00000 41.26984  5.555556 44.444444  0.000000  97.77778  3.703704   0.00000
[12,]  0.00000 12.69841  0.000000  0.000000  0.000000 126.66667  3.703704   0.00000
[13,]  0.00000  0.00000  1.851852  0.000000  0.000000   0.00000  0.000000   0.00000
[14,] 37.03704  0.00000  0.000000  0.000000  0.000000   0.00000  0.000000   0.00000
[15,] 61.11111  0.00000  3.703704  0.000000  0.000000  53.33333  0.000000   0.00000
[16,] 44.44444  0.00000  5.555556  0.000000  0.000000   0.00000  0.000000   0.00000
[17,]  0.00000 19.04762  0.000000  0.000000  0.000000   0.00000  0.000000 111.11111
[18,] 27.77778  0.00000  7.407407  0.000000  0.000000   0.00000  0.000000   0.00000
[19,]  0.00000  0.00000 11.111111 25.925926  0.000000   0.00000  0.000000  77.77778
[20,] 50.00000  0.00000  0.000000  0.000000  0.000000   0.00000  0.000000  77.77778
[21,]  0.00000 25.39683  0.000000  0.000000  3.703704   0.00000  0.000000   0.00000
[22,]  0.00000 31.74603  9.259259 35.185185  3.703704   0.00000  0.000000   0.00000
[23,]  0.00000 44.44444  9.259259  0.000000  7.407407   0.00000  0.000000  77.77778
[24,] 40.74074  0.00000  0.000000 35.185185  3.703704 104.44444  0.000000 111.11111
[25,]  0.00000 19.04762  0.000000  0.000000  0.000000   0.00000  0.000000   0.00000
[26,] 50.00000  0.00000 14.814815  0.000000  3.703704   0.00000  0.000000 111.11111
[27,]  0.00000  0.00000 11.111111  0.000000  0.000000   0.00000  0.000000   0.00000
[28,] 61.11111  0.00000  9.259259 29.629630  3.703704   0.00000  0.000000   0.00000
[29,] 42.59259  0.00000  9.259259  0.000000  0.000000   0.00000  0.000000  44.44444
[30,]  0.00000 28.57143  0.000000 27.777778  3.703704 126.66667  0.000000   0.00000
[31,]  0.00000 19.04762  0.000000  0.000000  3.703704   0.00000  9.259259  44.44444
[32,]  0.00000  0.00000 11.111111  0.000000  0.000000   0.00000  0.000000   0.00000
[33,] 50.00000  0.00000  0.000000  0.000000  0.000000   0.00000  0.000000   0.00000
[34,]  0.00000 31.74603  0.000000  0.000000  0.000000 120.00000  1.851852   0.00000
[35,] 66.66667 15.87302 14.814815 27.777778  0.000000   0.00000  0.000000 144.44444
[36,]  0.00000  0.00000  0.000000  0.000000  0.000000   0.00000  0.000000   0.00000
[37,]  0.00000  0.00000  0.000000  9.259259  7.407407   0.00000  5.555556   0.00000
[38,]  0.00000 22.22222  1.851852  0.000000  0.000000   0.00000  0.000000   0.00000
[39,]  0.00000 25.39683  0.000000  0.000000  3.703704  66.66667  0.000000   0.00000
[40,]  0.00000  0.00000  0.000000  0.000000  3.703704   0.00000  3.703704   0.00000
[41,]  0.00000  0.00000  7.407407  0.000000  0.000000   0.00000  0.000000   0.00000
[42,]  0.00000  9.52381  0.000000  0.000000  0.000000 133.33333  0.000000  44.44444
[43,] 27.77778  0.00000  0.000000  0.000000  0.000000   0.00000  0.000000   0.00000
[44,]  0.00000 25.39683  0.000000 25.925926  7.407407   0.00000  7.407407 111.11111
[45,] 42.59259  0.00000  0.000000 27.777778  0.000000 113.33333  0.000000   0.00000
[46,]  0.00000 28.57143  0.000000  0.000000  0.000000   0.00000  0.000000   0.00000
[47,]  0.00000  0.00000  0.000000  0.000000  0.000000  66.66667  0.000000 111.11111
[48,] 50.00000 25.39683  0.000000 25.925926  0.000000 113.33333  0.000000  77.77778
[49,]  0.00000  0.00000  0.000000 18.518519  0.000000   0.00000  0.000000   0.00000
[50,]  0.00000  0.00000  0.000000  0.000000 14.814815   0.00000  7.407407   0.00000
           [,9]
 [1,]  3.703704
 [2,]  0.000000
 [3,]  0.000000
 [4,]  0.000000
 [5,] 35.185185
 [6,] 29.629630
 [7,]  0.000000
 [8,]  1.851852
 [9,]  0.000000
[10,]  0.000000
[11,]  0.000000
[12,]  3.703704
[13,] 18.518519
[14,]  0.000000
[15,]  0.000000
[16,] 29.629630
[17,]  1.851852
[18,]  0.000000
[19,]  0.000000
[20,]  0.000000
[21,]  0.000000
[22,]  0.000000
[23,]  0.000000
[24,]  0.000000
[25,] 20.370370
[26,]  0.000000
[27,]  0.000000
[28,]  0.000000
[29,]  0.000000
[30,]  0.000000
[31,]  0.000000
[32,]  1.851852
[33,]  0.000000
[34,]  0.000000
[35,]  0.000000
[36,]  0.000000
[37,]  0.000000
[38,] 18.518519
[39,]  0.000000
[40,] 18.518519
[41,]  0.000000
[42,]  0.000000
[43,]  0.000000
[44,]  0.000000
[45,] 18.518519
[46,]  0.000000
[47,]  0.000000
[48,]  0.000000
[49,]  3.703704
[50,] 16.666667

