$totdays
[1] 365

$Psampest
[1] 7.569828

$Pbootest
     Mean      2.5%       50%     97.5% 
18.110125  0.013819 15.372502 43.302329 

$Pboots
 [1] 28.29932843 50.76314004  0.12283555  0.06141777  0.00000000 28.23791065 22.52522938
 [8] 43.25473024  0.46569469 15.07823736  7.56982757  7.63124534  0.00000000 43.31614802
[15]  0.06141777 15.60534983 35.80773822  0.12283555 28.36074620  7.97410448  7.97410448
[22] 28.23791065  7.97410448  0.52711246 35.68490267  8.03552226 35.74632045 28.17649288
[29]  0.40427691 15.07823736 22.92950630 15.20107291 35.74632045 35.68490267 35.68490267
[36] 35.74632045  8.09694003 35.80773822 35.74632045  0.06141777  7.91268671 15.54393205
[43] 22.52522938  0.06141777  0.52711246  7.63124534 28.29932843 23.05234184  0.40427691
[50] 35.74632045

$Bboots
 [1]  4.94027803 10.77329924  0.05606613  0.02803307  0.00000000  4.91224496  5.86105428
 [8]  8.81961448  0.09811573  3.93540258  1.98171782  2.00975089  0.00000000  8.84764754
[15]  0.02803307  4.06155138  6.89396278  0.05606613  4.96831109  2.05180049  2.05180049
[22]  4.91224496  2.05180049  0.12614879  6.83789665  2.07983355  6.86592972  4.88421190
[29]  0.07008266  3.93540258  5.93113694  3.99146871  6.86592972  6.83789665  6.83789665
[36]  6.86592972  2.10786662  6.89396278  6.86592972  0.02803307  2.02376742  4.03351831
[43]  5.86105428  0.02803307  0.12614879  2.00975089  4.94027803  5.98720307  0.07008266
[50]  6.86592972

$Nboots
 [1] 1.2500000 1.8055556 0.5555556 0.2777778 0.0000000 0.9722222 0.8333333 1.5277778
 [9] 0.9722222 0.8333333 0.5555556 0.8333333 0.0000000 1.8055556 0.2777778 2.0833333
[17] 1.5277778 0.5555556 1.5277778 1.2500000 1.2500000 0.9722222 1.2500000 1.2500000
[25] 0.9722222 1.5277778 1.2500000 0.6944444 0.6944444 0.8333333 1.5277778 1.3888889
[33] 1.2500000 0.9722222 0.9722222 1.2500000 1.8055556 1.5277778 1.2500000 0.2777778
[41] 0.9722222 1.8055556 0.8333333 0.2777778 1.2500000 0.8333333 1.2500000 2.0833333
[49] 0.6944444 1.2500000

$julians
[1] 2040 2085 2122 2143 2192 2232 2278 2283 2362

$intdays
[1] 45 37 21 49 40 46  5 79 43

$Pintsampest
[1] 0.000000000 0.000000000 0.000000000 4.154744126 3.353665669 0.055415673 0.006002101
[8] 0.000000000 0.000000000

$Pintboots
           [,1] [,2] [,3]      [,4]      [,5]       [,6]        [,7] [,8]      [,9]
 [1,] 19.068345    0    0  0.000000  0.000000 0.11083135 0.012004203    0 9.1081476
 [2,] 19.068345    0    0 12.464232 10.060997 0.05541567 0.006002101    0 9.1081476
 [3,]  0.000000    0    0  0.000000  0.000000 0.11083135 0.012004203    0 0.0000000
 [4,]  0.000000    0    0  0.000000  0.000000 0.05541567 0.006002101    0 0.0000000
 [5,]  0.000000    0    0  0.000000  0.000000 0.00000000 0.000000000    0 0.0000000
 [6,] 19.068345    0    0  0.000000  0.000000 0.05541567 0.006002101    0 9.1081476
 [7,]  0.000000    0    0 12.464232 10.060997 0.00000000 0.000000000    0 0.0000000
 [8,] 19.068345    0    0  8.309488  6.707331 0.05541567 0.006002101    0 9.1081476
 [9,]  0.273593    0    0  0.000000  0.000000 0.05541567 0.006002101    0 0.1306839
[10,]  0.000000    0    0  8.309488  6.707331 0.05541567 0.006002101    0 0.0000000
[11,]  0.000000    0    0  4.154744  3.353666 0.05541567 0.006002101    0 0.0000000
[12,]  0.000000    0    0  4.154744  3.353666 0.11083135 0.012004203    0 0.0000000
[13,]  0.000000    0    0  0.000000  0.000000 0.00000000 0.000000000    0 0.0000000
[14,] 19.068345    0    0  8.309488  6.707331 0.11083135 0.012004203    0 9.1081476
[15,]  0.000000    0    0  0.000000  0.000000 0.05541567 0.006002101    0 0.0000000
[16,]  0.273593    0    0  8.309488  6.707331 0.16624702 0.018006304    0 0.1306839
[17,] 19.068345    0    0  4.154744  3.353666 0.11083135 0.012004203    0 9.1081476
[18,]  0.000000    0    0  0.000000  0.000000 0.11083135 0.012004203    0 0.0000000
[19,] 19.068345    0    0  0.000000  0.000000 0.16624702 0.018006304    0 9.1081476
[20,]  0.273593    0    0  4.154744  3.353666 0.05541567 0.006002101    0 0.1306839
[21,]  0.273593    0    0  4.154744  3.353666 0.05541567 0.006002101    0 0.1306839
[22,] 19.068345    0    0  0.000000  0.000000 0.05541567 0.006002101    0 9.1081476
[23,]  0.273593    0    0  4.154744  3.353666 0.05541567 0.006002101    0 0.1306839
[24,]  0.273593    0    0  0.000000  0.000000 0.11083135 0.012004203    0 0.1306839
[25,] 19.068345    0    0  4.154744  3.353666 0.00000000 0.000000000    0 9.1081476
[26,]  0.273593    0    0  4.154744  3.353666 0.11083135 0.012004203    0 0.1306839
[27,] 19.068345    0    0  4.154744  3.353666 0.05541567 0.006002101    0 9.1081476
[28,] 19.068345    0    0  0.000000  0.000000 0.00000000 0.000000000    0 9.1081476
[29,]  0.273593    0    0  0.000000  0.000000 0.00000000 0.000000000    0 0.1306839
[30,]  0.000000    0    0  8.309488  6.707331 0.05541567 0.006002101    0 0.0000000
[31,]  0.273593    0    0 12.464232 10.060997 0.00000000 0.000000000    0 0.1306839
[32,]  0.000000    0    0  8.309488  6.707331 0.16624702 0.018006304    0 0.0000000
[33,] 19.068345    0    0  4.154744  3.353666 0.05541567 0.006002101    0 9.1081476
[34,] 19.068345    0    0  4.154744  3.353666 0.00000000 0.000000000    0 9.1081476
[35,] 19.068345    0    0  4.154744  3.353666 0.00000000 0.000000000    0 9.1081476
[36,] 19.068345    0    0  4.154744  3.353666 0.05541567 0.006002101    0 9.1081476
[37,]  0.273593    0    0  4.154744  3.353666 0.16624702 0.018006304    0 0.1306839
[38,] 19.068345    0    0  4.154744  3.353666 0.11083135 0.012004203    0 9.1081476
[39,] 19.068345    0    0  4.154744  3.353666 0.05541567 0.006002101    0 9.1081476
[40,]  0.000000    0    0  0.000000  0.000000 0.05541567 0.006002101    0 0.0000000
[41,]  0.273593    0    0  4.154744  3.353666 0.00000000 0.000000000    0 0.1306839
[42,]  0.273593    0    0  8.309488  6.707331 0.11083135 0.012004203    0 0.1306839
[43,]  0.000000    0    0 12.464232 10.060997 0.00000000 0.000000000    0 0.0000000
[44,]  0.000000    0    0  0.000000  0.000000 0.05541567 0.006002101    0 0.0000000
[45,]  0.273593    0    0  0.000000  0.000000 0.11083135 0.012004203    0 0.1306839
[46,]  0.000000    0    0  4.154744  3.353666 0.11083135 0.012004203    0 0.0000000
[47,] 19.068345    0    0  0.000000  0.000000 0.11083135 0.012004203    0 9.1081476
[48,]  0.273593    0    0 12.464232 10.060997 0.11083135 0.012004203    0 0.1306839
[49,]  0.273593    0    0  0.000000  0.000000 0.00000000 0.000000000    0 0.1306839
[50,] 19.068345    0    0  4.154744  3.353666 0.05541567 0.006002101    0 9.1081476

$Bdatesampinfo
      DATE JULIAN N       Mean      Stdev
1 08/02/11   2040 1  0.0000000         NA
2 09/16/11   2085 6  0.0000000  0.0000000
3 10/23/11   2122 5  0.0000000  0.0000000
4 11/13/11   2143 5  0.0000000  0.0000000
5 01/01/12   2192 5 15.6294781 34.9485754
6 02/10/12   2232 4  0.0000000  0.0000000
7 03/27/12   2278 5  0.2242645  0.5014707
8 04/01/12   2283 2  0.0000000  0.0000000
9 06/19/12   2362 5  0.0000000  0.0000000

$Ndatesampinfo
      DATE JULIAN N     Mean   Stdev
1 08/02/11   2040 1 0.000000      NA
2 09/16/11   2085 6 0.000000 0.00000
3 10/23/11   2122 5 0.000000 0.00000
4 11/13/11   2143 5 0.000000 0.00000
5 01/01/12   2192 5 2.222222 4.96904
6 02/10/12   2232 4 0.000000 0.00000
7 03/27/12   2278 5 2.222222 4.96904
8 04/01/12   2283 2 0.000000 0.00000
9 06/19/12   2362 5 0.000000 0.00000

$Bdateboots
           [,1] [,2] [,3] [,4]     [,5] [,6]      [,7] [,8] [,9]
 [1,] 78.147390    0    0    0  0.00000    0 0.4485290    0    0
 [2,] 78.147390    0    0    0 46.88843    0 0.2242645    0    0
 [3,]  0.000000    0    0    0  0.00000    0 0.4485290    0    0
 [4,]  0.000000    0    0    0  0.00000    0 0.2242645    0    0
 [5,]  0.000000    0    0    0  0.00000    0 0.0000000    0    0
 [6,] 78.147390    0    0    0  0.00000    0 0.2242645    0    0
 [7,]  0.000000    0    0    0 46.88843    0 0.0000000    0    0
 [8,] 78.147390    0    0    0 31.25896    0 0.2242645    0    0
 [9,]  1.121323    0    0    0  0.00000    0 0.2242645    0    0
[10,]  0.000000    0    0    0 31.25896    0 0.2242645    0    0
[11,]  0.000000    0    0    0 15.62948    0 0.2242645    0    0
[12,]  0.000000    0    0    0 15.62948    0 0.4485290    0    0
[13,]  0.000000    0    0    0  0.00000    0 0.0000000    0    0
[14,] 78.147390    0    0    0 31.25896    0 0.4485290    0    0
[15,]  0.000000    0    0    0  0.00000    0 0.2242645    0    0
[16,]  1.121323    0    0    0 31.25896    0 0.6727936    0    0
[17,] 78.147390    0    0    0 15.62948    0 0.4485290    0    0
[18,]  0.000000    0    0    0  0.00000    0 0.4485290    0    0
[19,] 78.147390    0    0    0  0.00000    0 0.6727936    0    0
[20,]  1.121323    0    0    0 15.62948    0 0.2242645    0    0
[21,]  1.121323    0    0    0 15.62948    0 0.2242645    0    0
[22,] 78.147390    0    0    0  0.00000    0 0.2242645    0    0
[23,]  1.121323    0    0    0 15.62948    0 0.2242645    0    0
[24,]  1.121323    0    0    0  0.00000    0 0.4485290    0    0
[25,] 78.147390    0    0    0 15.62948    0 0.0000000    0    0
[26,]  1.121323    0    0    0 15.62948    0 0.4485290    0    0
[27,] 78.147390    0    0    0 15.62948    0 0.2242645    0    0
[28,] 78.147390    0    0    0  0.00000    0 0.0000000    0    0
[29,]  1.121323    0    0    0  0.00000    0 0.0000000    0    0
[30,]  0.000000    0    0    0 31.25896    0 0.2242645    0    0
[31,]  1.121323    0    0    0 46.88843    0 0.0000000    0    0
[32,]  0.000000    0    0    0 31.25896    0 0.6727936    0    0
[33,] 78.147390    0    0    0 15.62948    0 0.2242645    0    0
[34,] 78.147390    0    0    0 15.62948    0 0.0000000    0    0
[35,] 78.147390    0    0    0 15.62948    0 0.0000000    0    0
[36,] 78.147390    0    0    0 15.62948    0 0.2242645    0    0
[37,]  1.121323    0    0    0 15.62948    0 0.6727936    0    0
[38,] 78.147390    0    0    0 15.62948    0 0.4485290    0    0
[39,] 78.147390    0    0    0 15.62948    0 0.2242645    0    0
[40,]  0.000000    0    0    0  0.00000    0 0.2242645    0    0
[41,]  1.121323    0    0    0 15.62948    0 0.0000000    0    0
[42,]  1.121323    0    0    0 31.25896    0 0.4485290    0    0
[43,]  0.000000    0    0    0 46.88843    0 0.0000000    0    0
[44,]  0.000000    0    0    0  0.00000    0 0.2242645    0    0
[45,]  1.121323    0    0    0  0.00000    0 0.4485290    0    0
[46,]  0.000000    0    0    0 15.62948    0 0.4485290    0    0
[47,] 78.147390    0    0    0  0.00000    0 0.4485290    0    0
[48,]  1.121323    0    0    0 46.88843    0 0.4485290    0    0
[49,]  1.121323    0    0    0  0.00000    0 0.0000000    0    0
[50,] 78.147390    0    0    0 15.62948    0 0.2242645    0    0

$Ndateboots
          [,1] [,2] [,3] [,4]     [,5] [,6]     [,7] [,8] [,9]
 [1,] 11.11111    0    0    0 0.000000    0 4.444444    0    0
 [2,] 11.11111    0    0    0 6.666667    0 2.222222    0    0
 [3,]  0.00000    0    0    0 0.000000    0 4.444444    0    0
 [4,]  0.00000    0    0    0 0.000000    0 2.222222    0    0
 [5,]  0.00000    0    0    0 0.000000    0 0.000000    0    0
 [6,] 11.11111    0    0    0 0.000000    0 2.222222    0    0
 [7,]  0.00000    0    0    0 6.666667    0 0.000000    0    0
 [8,] 11.11111    0    0    0 4.444444    0 2.222222    0    0
 [9,] 11.11111    0    0    0 0.000000    0 2.222222    0    0
[10,]  0.00000    0    0    0 4.444444    0 2.222222    0    0
[11,]  0.00000    0    0    0 2.222222    0 2.222222    0    0
[12,]  0.00000    0    0    0 2.222222    0 4.444444    0    0
[13,]  0.00000    0    0    0 0.000000    0 0.000000    0    0
[14,] 11.11111    0    0    0 4.444444    0 4.444444    0    0
[15,]  0.00000    0    0    0 0.000000    0 2.222222    0    0
[16,] 11.11111    0    0    0 4.444444    0 6.666667    0    0
[17,] 11.11111    0    0    0 2.222222    0 4.444444    0    0
[18,]  0.00000    0    0    0 0.000000    0 4.444444    0    0
[19,] 11.11111    0    0    0 0.000000    0 6.666667    0    0
[20,] 11.11111    0    0    0 2.222222    0 2.222222    0    0
[21,] 11.11111    0    0    0 2.222222    0 2.222222    0    0
[22,] 11.11111    0    0    0 0.000000    0 2.222222    0    0
[23,] 11.11111    0    0    0 2.222222    0 2.222222    0    0
[24,] 11.11111    0    0    0 0.000000    0 4.444444    0    0
[25,] 11.11111    0    0    0 2.222222    0 0.000000    0    0
[26,] 11.11111    0    0    0 2.222222    0 4.444444    0    0
[27,] 11.11111    0    0    0 2.222222    0 2.222222    0    0
[28,] 11.11111    0    0    0 0.000000    0 0.000000    0    0
[29,] 11.11111    0    0    0 0.000000    0 0.000000    0    0
[30,]  0.00000    0    0    0 4.444444    0 2.222222    0    0
[31,] 11.11111    0    0    0 6.666667    0 0.000000    0    0
[32,]  0.00000    0    0    0 4.444444    0 6.666667    0    0
[33,] 11.11111    0    0    0 2.222222    0 2.222222    0    0
[34,] 11.11111    0    0    0 2.222222    0 0.000000    0    0
[35,] 11.11111    0    0    0 2.222222    0 0.000000    0    0
[36,] 11.11111    0    0    0 2.222222    0 2.222222    0    0
[37,] 11.11111    0    0    0 2.222222    0 6.666667    0    0
[38,] 11.11111    0    0    0 2.222222    0 4.444444    0    0
[39,] 11.11111    0    0    0 2.222222    0 2.222222    0    0
[40,]  0.00000    0    0    0 0.000000    0 2.222222    0    0
[41,] 11.11111    0    0    0 2.222222    0 0.000000    0    0
[42,] 11.11111    0    0    0 4.444444    0 4.444444    0    0
[43,]  0.00000    0    0    0 6.666667    0 0.000000    0    0
[44,]  0.00000    0    0    0 0.000000    0 2.222222    0    0
[45,] 11.11111    0    0    0 0.000000    0 4.444444    0    0
[46,]  0.00000    0    0    0 2.222222    0 4.444444    0    0
[47,] 11.11111    0    0    0 0.000000    0 4.444444    0    0
[48,] 11.11111    0    0    0 6.666667    0 4.444444    0    0
[49,] 11.11111    0    0    0 0.000000    0 0.000000    0    0
[50,] 11.11111    0    0    0 2.222222    0 2.222222    0    0

