$totdays
[1] 365

$Psampest
[1] 0.03694472

$Pbootest
     Mean      2.5%       50%     97.5% 
0.1071117 0.0000000 0.1154085 0.2179301 

$Pboots
 [1] 0.11540851 0.15235322 0.15235322 0.11540851 0.15235322 0.15235322 0.15235322
 [8] 0.11540851 0.11540851 0.15235322 0.03694472 0.11540851 0.00000000 0.00000000
[15] 0.03694472 0.11540851 0.15235322 0.22624266 0.18929794 0.11540851 0.11540851
[22] 0.00000000 0.03694472 0.03694472 0.03694472 0.03694472 0.11540851 0.11540851
[29] 0.22624266 0.07388943 0.03694472 0.15235322 0.11540851 0.15235322 0.15235322
[36] 0.07388943 0.03694472 0.18929794 0.11083415 0.18929794 0.03694472 0.15235322
[43] 0.11540851 0.00000000 0.15235322 0.00000000 0.15235322 0.15235322 0.07388943
[50] 0.15235322

$Bboots
 [1] 0.02000644 0.03000966 0.03000966 0.02000644 0.03000966 0.03000966 0.03000966
 [8] 0.02000644 0.02000644 0.03000966 0.01000322 0.02000644 0.00000000 0.00000000
[15] 0.01000322 0.02000644 0.03000966 0.05001609 0.04001288 0.02000644 0.02000644
[22] 0.00000000 0.01000322 0.01000322 0.01000322 0.01000322 0.02000644 0.02000644
[29] 0.05001609 0.02000644 0.01000322 0.03000966 0.02000644 0.03000966 0.03000966
[36] 0.02000644 0.01000322 0.04001288 0.03000966 0.04001288 0.01000322 0.03000966
[43] 0.02000644 0.00000000 0.03000966 0.00000000 0.03000966 0.03000966 0.02000644
[50] 0.03000966

$Nboots
 [1] 1.3888889 2.0833333 2.0833333 1.3888889 2.0833333 2.0833333 2.0833333 1.3888889
 [9] 1.3888889 2.0833333 0.6944444 1.3888889 0.0000000 0.0000000 0.6944444 1.3888889
[17] 2.0833333 3.4722222 2.7777778 1.3888889 1.3888889 0.0000000 0.6944444 0.6944444
[25] 0.6944444 0.6944444 1.3888889 1.3888889 3.4722222 1.3888889 0.6944444 2.0833333
[33] 1.3888889 2.0833333 2.0833333 1.3888889 0.6944444 2.7777778 2.0833333 2.7777778
[41] 0.6944444 2.0833333 1.3888889 0.0000000 2.0833333 0.0000000 2.0833333 2.0833333
[49] 1.3888889 2.0833333

$julians
[1] 2040 2085 2122 2143 2192 2232 2278 2283 2362

$intdays
[1] 45 37 21 49 40 46  5 79 43

$Pintsampest
[1] 0.00000000 0.00000000 0.00000000 0.00000000 0.01717040 0.01977432 0.00000000
[8] 0.00000000 0.00000000

$Pintboots
            [,1] [,2] [,3] [,4]      [,5]       [,6] [,7] [,8]       [,9]
 [1,] 0.07810231    0    0    0 0.0000000 0.00000000    0    0 0.03730619
 [2,] 0.07810231    0    0    0 0.0171704 0.01977432    0    0 0.03730619
 [3,] 0.07810231    0    0    0 0.0171704 0.01977432    0    0 0.03730619
 [4,] 0.07810231    0    0    0 0.0000000 0.00000000    0    0 0.03730619
 [5,] 0.07810231    0    0    0 0.0171704 0.01977432    0    0 0.03730619
 [6,] 0.07810231    0    0    0 0.0171704 0.01977432    0    0 0.03730619
 [7,] 0.07810231    0    0    0 0.0171704 0.01977432    0    0 0.03730619
 [8,] 0.07810231    0    0    0 0.0000000 0.00000000    0    0 0.03730619
 [9,] 0.07810231    0    0    0 0.0000000 0.00000000    0    0 0.03730619
[10,] 0.07810231    0    0    0 0.0171704 0.01977432    0    0 0.03730619
[11,] 0.00000000    0    0    0 0.0171704 0.01977432    0    0 0.00000000
[12,] 0.07810231    0    0    0 0.0000000 0.00000000    0    0 0.03730619
[13,] 0.00000000    0    0    0 0.0000000 0.00000000    0    0 0.00000000
[14,] 0.00000000    0    0    0 0.0000000 0.00000000    0    0 0.00000000
[15,] 0.00000000    0    0    0 0.0171704 0.01977432    0    0 0.00000000
[16,] 0.07810231    0    0    0 0.0000000 0.00000000    0    0 0.03730619
[17,] 0.07810231    0    0    0 0.0171704 0.01977432    0    0 0.03730619
[18,] 0.07810231    0    0    0 0.0515112 0.05932295    0    0 0.03730619
[19,] 0.07810231    0    0    0 0.0343408 0.03954863    0    0 0.03730619
[20,] 0.07810231    0    0    0 0.0000000 0.00000000    0    0 0.03730619
[21,] 0.07810231    0    0    0 0.0000000 0.00000000    0    0 0.03730619
[22,] 0.00000000    0    0    0 0.0000000 0.00000000    0    0 0.00000000
[23,] 0.00000000    0    0    0 0.0171704 0.01977432    0    0 0.00000000
[24,] 0.00000000    0    0    0 0.0171704 0.01977432    0    0 0.00000000
[25,] 0.00000000    0    0    0 0.0171704 0.01977432    0    0 0.00000000
[26,] 0.00000000    0    0    0 0.0171704 0.01977432    0    0 0.00000000
[27,] 0.07810231    0    0    0 0.0000000 0.00000000    0    0 0.03730619
[28,] 0.07810231    0    0    0 0.0000000 0.00000000    0    0 0.03730619
[29,] 0.07810231    0    0    0 0.0515112 0.05932295    0    0 0.03730619
[30,] 0.00000000    0    0    0 0.0343408 0.03954863    0    0 0.00000000
[31,] 0.00000000    0    0    0 0.0171704 0.01977432    0    0 0.00000000
[32,] 0.07810231    0    0    0 0.0171704 0.01977432    0    0 0.03730619
[33,] 0.07810231    0    0    0 0.0000000 0.00000000    0    0 0.03730619
[34,] 0.07810231    0    0    0 0.0171704 0.01977432    0    0 0.03730619
[35,] 0.07810231    0    0    0 0.0171704 0.01977432    0    0 0.03730619
[36,] 0.00000000    0    0    0 0.0343408 0.03954863    0    0 0.00000000
[37,] 0.00000000    0    0    0 0.0171704 0.01977432    0    0 0.00000000
[38,] 0.07810231    0    0    0 0.0343408 0.03954863    0    0 0.03730619
[39,] 0.00000000    0    0    0 0.0515112 0.05932295    0    0 0.00000000
[40,] 0.07810231    0    0    0 0.0343408 0.03954863    0    0 0.03730619
[41,] 0.00000000    0    0    0 0.0171704 0.01977432    0    0 0.00000000
[42,] 0.07810231    0    0    0 0.0171704 0.01977432    0    0 0.03730619
[43,] 0.07810231    0    0    0 0.0000000 0.00000000    0    0 0.03730619
[44,] 0.00000000    0    0    0 0.0000000 0.00000000    0    0 0.00000000
[45,] 0.07810231    0    0    0 0.0171704 0.01977432    0    0 0.03730619
[46,] 0.00000000    0    0    0 0.0000000 0.00000000    0    0 0.00000000
[47,] 0.07810231    0    0    0 0.0171704 0.01977432    0    0 0.03730619
[48,] 0.07810231    0    0    0 0.0171704 0.01977432    0    0 0.03730619
[49,] 0.00000000    0    0    0 0.0343408 0.03954863    0    0 0.00000000
[50,] 0.07810231    0    0    0 0.0171704 0.01977432    0    0 0.03730619

$Bdatesampinfo
      DATE JULIAN N       Mean     Stdev
1 08/02/11   2040 1 0.00000000        NA
2 09/16/11   2085 6 0.00000000 0.0000000
3 10/23/11   2122 5 0.00000000 0.0000000
4 11/13/11   2143 5 0.00000000 0.0000000
5 01/01/12   2192 5 0.00000000 0.0000000
6 02/10/12   2232 4 0.08002575 0.1600515
7 03/27/12   2278 5 0.00000000 0.0000000
8 04/01/12   2283 2 0.00000000 0.0000000
9 06/19/12   2362 5 0.00000000 0.0000000

$Ndatesampinfo
      DATE JULIAN N     Mean    Stdev
1 08/02/11   2040 1 0.000000       NA
2 09/16/11   2085 6 0.000000  0.00000
3 10/23/11   2122 5 0.000000  0.00000
4 11/13/11   2143 5 0.000000  0.00000
5 01/01/12   2192 5 0.000000  0.00000
6 02/10/12   2232 4 5.555556 11.11111
7 03/27/12   2278 5 0.000000  0.00000
8 04/01/12   2283 2 0.000000  0.00000
9 06/19/12   2362 5 0.000000  0.00000

$Bdateboots
          [,1] [,2] [,3] [,4] [,5]       [,6] [,7] [,8] [,9]
 [1,] 0.320103    0    0    0    0 0.00000000    0    0    0
 [2,] 0.320103    0    0    0    0 0.08002575    0    0    0
 [3,] 0.320103    0    0    0    0 0.08002575    0    0    0
 [4,] 0.320103    0    0    0    0 0.00000000    0    0    0
 [5,] 0.320103    0    0    0    0 0.08002575    0    0    0
 [6,] 0.320103    0    0    0    0 0.08002575    0    0    0
 [7,] 0.320103    0    0    0    0 0.08002575    0    0    0
 [8,] 0.320103    0    0    0    0 0.00000000    0    0    0
 [9,] 0.320103    0    0    0    0 0.00000000    0    0    0
[10,] 0.320103    0    0    0    0 0.08002575    0    0    0
[11,] 0.000000    0    0    0    0 0.08002575    0    0    0
[12,] 0.320103    0    0    0    0 0.00000000    0    0    0
[13,] 0.000000    0    0    0    0 0.00000000    0    0    0
[14,] 0.000000    0    0    0    0 0.00000000    0    0    0
[15,] 0.000000    0    0    0    0 0.08002575    0    0    0
[16,] 0.320103    0    0    0    0 0.00000000    0    0    0
[17,] 0.320103    0    0    0    0 0.08002575    0    0    0
[18,] 0.320103    0    0    0    0 0.24007726    0    0    0
[19,] 0.320103    0    0    0    0 0.16005150    0    0    0
[20,] 0.320103    0    0    0    0 0.00000000    0    0    0
[21,] 0.320103    0    0    0    0 0.00000000    0    0    0
[22,] 0.000000    0    0    0    0 0.00000000    0    0    0
[23,] 0.000000    0    0    0    0 0.08002575    0    0    0
[24,] 0.000000    0    0    0    0 0.08002575    0    0    0
[25,] 0.000000    0    0    0    0 0.08002575    0    0    0
[26,] 0.000000    0    0    0    0 0.08002575    0    0    0
[27,] 0.320103    0    0    0    0 0.00000000    0    0    0
[28,] 0.320103    0    0    0    0 0.00000000    0    0    0
[29,] 0.320103    0    0    0    0 0.24007726    0    0    0
[30,] 0.000000    0    0    0    0 0.16005150    0    0    0
[31,] 0.000000    0    0    0    0 0.08002575    0    0    0
[32,] 0.320103    0    0    0    0 0.08002575    0    0    0
[33,] 0.320103    0    0    0    0 0.00000000    0    0    0
[34,] 0.320103    0    0    0    0 0.08002575    0    0    0
[35,] 0.320103    0    0    0    0 0.08002575    0    0    0
[36,] 0.000000    0    0    0    0 0.16005150    0    0    0
[37,] 0.000000    0    0    0    0 0.08002575    0    0    0
[38,] 0.320103    0    0    0    0 0.16005150    0    0    0
[39,] 0.000000    0    0    0    0 0.24007726    0    0    0
[40,] 0.320103    0    0    0    0 0.16005150    0    0    0
[41,] 0.000000    0    0    0    0 0.08002575    0    0    0
[42,] 0.320103    0    0    0    0 0.08002575    0    0    0
[43,] 0.320103    0    0    0    0 0.00000000    0    0    0
[44,] 0.000000    0    0    0    0 0.00000000    0    0    0
[45,] 0.320103    0    0    0    0 0.08002575    0    0    0
[46,] 0.000000    0    0    0    0 0.00000000    0    0    0
[47,] 0.320103    0    0    0    0 0.08002575    0    0    0
[48,] 0.320103    0    0    0    0 0.08002575    0    0    0
[49,] 0.000000    0    0    0    0 0.16005150    0    0    0
[50,] 0.320103    0    0    0    0 0.08002575    0    0    0

$Ndateboots
          [,1] [,2] [,3] [,4] [,5]      [,6] [,7] [,8] [,9]
 [1,] 22.22222    0    0    0    0  0.000000    0    0    0
 [2,] 22.22222    0    0    0    0  5.555556    0    0    0
 [3,] 22.22222    0    0    0    0  5.555556    0    0    0
 [4,] 22.22222    0    0    0    0  0.000000    0    0    0
 [5,] 22.22222    0    0    0    0  5.555556    0    0    0
 [6,] 22.22222    0    0    0    0  5.555556    0    0    0
 [7,] 22.22222    0    0    0    0  5.555556    0    0    0
 [8,] 22.22222    0    0    0    0  0.000000    0    0    0
 [9,] 22.22222    0    0    0    0  0.000000    0    0    0
[10,] 22.22222    0    0    0    0  5.555556    0    0    0
[11,]  0.00000    0    0    0    0  5.555556    0    0    0
[12,] 22.22222    0    0    0    0  0.000000    0    0    0
[13,]  0.00000    0    0    0    0  0.000000    0    0    0
[14,]  0.00000    0    0    0    0  0.000000    0    0    0
[15,]  0.00000    0    0    0    0  5.555556    0    0    0
[16,] 22.22222    0    0    0    0  0.000000    0    0    0
[17,] 22.22222    0    0    0    0  5.555556    0    0    0
[18,] 22.22222    0    0    0    0 16.666667    0    0    0
[19,] 22.22222    0    0    0    0 11.111111    0    0    0
[20,] 22.22222    0    0    0    0  0.000000    0    0    0
[21,] 22.22222    0    0    0    0  0.000000    0    0    0
[22,]  0.00000    0    0    0    0  0.000000    0    0    0
[23,]  0.00000    0    0    0    0  5.555556    0    0    0
[24,]  0.00000    0    0    0    0  5.555556    0    0    0
[25,]  0.00000    0    0    0    0  5.555556    0    0    0
[26,]  0.00000    0    0    0    0  5.555556    0    0    0
[27,] 22.22222    0    0    0    0  0.000000    0    0    0
[28,] 22.22222    0    0    0    0  0.000000    0    0    0
[29,] 22.22222    0    0    0    0 16.666667    0    0    0
[30,]  0.00000    0    0    0    0 11.111111    0    0    0
[31,]  0.00000    0    0    0    0  5.555556    0    0    0
[32,] 22.22222    0    0    0    0  5.555556    0    0    0
[33,] 22.22222    0    0    0    0  0.000000    0    0    0
[34,] 22.22222    0    0    0    0  5.555556    0    0    0
[35,] 22.22222    0    0    0    0  5.555556    0    0    0
[36,]  0.00000    0    0    0    0 11.111111    0    0    0
[37,]  0.00000    0    0    0    0  5.555556    0    0    0
[38,] 22.22222    0    0    0    0 11.111111    0    0    0
[39,]  0.00000    0    0    0    0 16.666667    0    0    0
[40,] 22.22222    0    0    0    0 11.111111    0    0    0
[41,]  0.00000    0    0    0    0  5.555556    0    0    0
[42,] 22.22222    0    0    0    0  5.555556    0    0    0
[43,] 22.22222    0    0    0    0  0.000000    0    0    0
[44,]  0.00000    0    0    0    0  0.000000    0    0    0
[45,] 22.22222    0    0    0    0  5.555556    0    0    0
[46,]  0.00000    0    0    0    0  0.000000    0    0    0
[47,] 22.22222    0    0    0    0  5.555556    0    0    0
[48,] 22.22222    0    0    0    0  5.555556    0    0    0
[49,]  0.00000    0    0    0    0 11.111111    0    0    0
[50,] 22.22222    0    0    0    0  5.555556    0    0    0

