$totdays
[1] 365

$Psampest
[1] NA

$Pbootest
     Mean      2.5%       50%     97.5% 
10.421849  0.000000  2.393142 85.786246 

$Pboots
 [1]  0.000000  8.211770  0.000000  7.717714  0.000000 89.455038  0.000000  0.000000
 [9]  0.000000  0.000000 12.246693  2.910198  2.359630  2.321918  0.000000  9.230040
[17]  2.470339 10.082300  7.436931  2.297963  0.000000  1.460534  6.444101  7.424672
[25]  3.278179  1.331545  3.174974  5.975631 78.901216 60.220652  2.694818  0.000000
[33] 12.842835  0.000000  0.000000  5.292241  0.000000  4.068464  0.000000  0.000000
[41] 69.255268  2.426654  0.000000  0.000000  0.000000  7.504320  0.000000  4.270690
[49]  0.000000 87.785126

$Bboots
 [1] 0.00000000 0.28984026 0.00000000 0.31986135 0.00000000 2.21252038 0.00000000
 [8] 0.00000000 0.00000000 0.00000000 0.54098907 0.10366189 0.07734965 0.07869983
[15] 0.00000000 0.35503620 0.17558926 0.42786524 0.29959812 1.36943005 0.00000000
[22] 0.04699692 0.21949008 0.26466668 0.12666770 0.07983058 0.17168801 0.21782376
[29] 3.60136396 1.52180216 0.09404201 0.00000000 0.52721839 0.00000000 0.00000000
[36] 0.19540544 0.00000000 0.14786599 0.00000000 0.00000000 1.74235748 0.15786667
[43] 0.00000000 0.00000000 0.00000000 0.24756326 0.00000000 0.14394690 0.00000000
[50] 2.00072219

$Nboots
 [1]   0.000000  35.787037   0.000000   9.623016   0.000000  96.087963   0.000000
 [8]   0.000000   0.000000   0.000000  12.136243   5.638228   3.472222   5.539021
[15]   0.000000  25.453042   5.092593  11.259921  25.833333  39.351852   0.000000
[22]   2.199074  28.935185  29.722222   4.613095   3.935185   6.365741  21.319444
[29] 104.398148  58.217593  13.518519   0.000000  18.039021   0.000000   0.000000
[36]  28.611111   0.000000  22.037037   0.000000   0.000000  58.564815   6.250000
[43]   0.000000   0.000000   0.000000  21.091270   0.000000  18.518519   0.000000
[50]  70.370370

$julians
[1] 2040 2085 2122 2143 2192 2232 2278 2283 2362

$intdays
[1] 45 37 21 49 40 46  5 79 43

$Pintsampest
[1] NA NA NA NA NA NA NA NA NA

$Pintboots
           [,1]     [,2]     [,3]      [,4]     [,5]     [,6]     [,7]     [,8] [,9]
 [1,]        NA       NA       NA        NA       NA       NA       NA       NA   NA
 [2,]        NA       NA       NA        NA 3.495428 4.716341       NA       NA   NA
 [3,]        NA       NA       NA        NA       NA       NA       NA       NA   NA
 [4,]  7.717714       NA       NA        NA       NA       NA       NA       NA   NA
 [5,]        NA       NA       NA        NA       NA       NA       NA       NA   NA
 [6,]        NA       NA 1.417354 0.8421561 5.426499       NA       NA 81.76903   NA
 [7,]        NA       NA       NA        NA       NA       NA       NA       NA   NA
 [8,]        NA       NA       NA        NA       NA       NA       NA       NA   NA
 [9,]        NA       NA       NA        NA       NA       NA       NA       NA   NA
[10,]        NA       NA       NA        NA       NA       NA       NA       NA   NA
[11,] 12.246693       NA       NA        NA       NA       NA       NA       NA   NA
[12,]        NA 2.910198       NA        NA       NA       NA       NA       NA   NA
[13,]        NA       NA       NA 2.3596299       NA       NA       NA       NA   NA
[14,]        NA 2.321918       NA        NA       NA       NA       NA       NA   NA
[15,]        NA       NA       NA        NA       NA       NA       NA       NA   NA
[16,]        NA 4.854423       NA        NA 4.375616       NA       NA       NA   NA
[17,]        NA       NA 2.470339        NA       NA       NA       NA       NA   NA
[18,] 10.082300       NA       NA        NA       NA       NA       NA       NA   NA
[19,]        NA       NA 1.298799        NA       NA 6.138132       NA       NA   NA
[20,]        NA       NA       NA        NA       NA       NA 2.297963       NA   NA
[21,]        NA       NA       NA        NA       NA       NA       NA       NA   NA
[22,]        NA       NA       NA 1.4605337       NA       NA       NA       NA   NA
[23,]        NA       NA       NA        NA 2.601285 3.842816       NA       NA   NA
[24,]        NA       NA       NA        NA 3.182506 4.242165       NA       NA   NA
[25,]        NA 3.278179       NA        NA       NA       NA       NA       NA   NA
[26,]        NA       NA 1.331545        NA       NA       NA       NA       NA   NA
[27,]        NA       NA 1.800837 1.3741366       NA       NA       NA       NA   NA
[28,]        NA       NA       NA 1.9925142 3.983117       NA       NA       NA   NA
[29,]        NA 2.885204       NA        NA       NA       NA 2.834216 73.18180   NA
[30,]        NA 4.104404 1.726701 2.5539516       NA       NA       NA 51.83560   NA
[31,]        NA       NA       NA        NA 2.694818       NA       NA       NA   NA
[32,]        NA       NA       NA        NA       NA       NA       NA       NA   NA
[33,]  9.884418 2.958417       NA        NA       NA       NA       NA       NA   NA
[34,]        NA       NA       NA        NA       NA       NA       NA       NA   NA
[35,]        NA       NA       NA        NA       NA       NA       NA       NA   NA
[36,]        NA       NA       NA        NA 5.292241       NA       NA       NA   NA
[37,]        NA       NA       NA        NA       NA       NA       NA       NA   NA
[38,]        NA       NA       NA        NA 4.068464       NA       NA       NA   NA
[39,]        NA       NA       NA        NA       NA       NA       NA       NA   NA
[40,]        NA       NA       NA        NA       NA       NA       NA       NA   NA
[41,]        NA       NA 3.192473        NA       NA       NA       NA 66.06279   NA
[42,]        NA       NA 2.426654        NA       NA       NA       NA       NA   NA
[43,]        NA       NA       NA        NA       NA       NA       NA       NA   NA
[44,]        NA       NA       NA        NA       NA       NA       NA       NA   NA
[45,]        NA       NA       NA        NA       NA       NA       NA       NA   NA
[46,]        NA 3.272028       NA        NA       NA 4.232293       NA       NA   NA
[47,]        NA       NA       NA        NA       NA       NA       NA       NA   NA
[48,]        NA       NA       NA        NA       NA 4.270690       NA       NA   NA
[49,]        NA       NA       NA        NA       NA       NA       NA       NA   NA
[50,]        NA       NA       NA        NA       NA       NA       NA 87.78513   NA

$Bdatesampinfo
      DATE JULIAN N Mean Stdev
1 08/02/11   2040 6   NA    NA
2 09/16/11   2085 7   NA    NA
3 10/23/11   2122 6   NA    NA
4 11/13/11   2143 6   NA    NA
5 01/01/12   2192 6   NA    NA
6 02/10/12   2232 5   NA    NA
7 03/27/12   2278 6   NA    NA
8 04/01/12   2283 3   NA    NA
9 06/19/12   2362 6   NA    NA

$Ndatesampinfo
      DATE JULIAN N Mean Stdev
1 08/02/11   2040 6   NA    NA
2 09/16/11   2085 7   NA    NA
3 10/23/11   2122 6   NA    NA
4 11/13/11   2143 6   NA    NA
5 01/01/12   2192 6   NA    NA
6 02/10/12   2232 5   NA    NA
7 03/27/12   2278 6   NA    NA
8 04/01/12   2283 3   NA    NA
9 06/19/12   2362 6   NA    NA

$Bdateboots
           [,1]       [,2]      [,3]      [,4]      [,5]     [,6]       [,7]     [,8]
 [1,] 2.8098809 0.00000000 1.2256536 0.0000000 0.0000000 0.000000 0.10261773  0.00000
 [2,] 0.0000000 0.29257957 0.0000000 0.0000000 0.1331535 1.893610 0.71707075  0.00000
 [3,] 0.0000000 0.00000000 0.0000000 0.6187972 0.0000000 0.000000 0.00000000 21.76552
 [4,] 4.9168825 0.20089909 0.0000000 0.0000000 0.0000000 1.704915 0.00000000  0.00000
 [5,] 5.6720289 0.00000000 0.0000000 1.3304466 0.0000000 0.000000 0.00000000 21.76552
 [6,] 0.0000000 0.00000000 1.6473187 0.0000000 0.3994605 2.937793 0.00000000 26.82276
 [7,] 0.0000000 0.00000000 0.0000000 0.0000000 0.0000000 2.946415 0.00000000 16.70829
 [8,] 0.0000000 0.00000000 0.0000000 0.2629725 0.0000000 0.000000 0.00000000  0.00000
 [9,] 0.0000000 0.00000000 0.0000000 0.0000000 0.0000000 0.000000 0.00000000  0.00000
[10,] 0.0000000 0.00000000 0.0000000 0.0000000 0.2663070 0.000000 0.12822141  0.00000
[11,] 7.7582323 0.89759283 0.0000000 0.0000000 0.1331535 0.000000 0.71707075  0.00000
[12,] 0.0000000 0.83469269 0.8238975 0.0000000 0.3994605 0.000000 0.00000000  0.00000
[13,] 0.0000000 1.54163118 0.0000000 1.2375943 0.0000000 0.000000 0.69993396  0.00000
[14,] 0.0000000 0.27404398 0.9851533 0.0000000 0.1331535 0.000000 1.32285386  0.00000
[15,] 3.6292356 0.00000000 0.0000000 0.0000000 0.0000000 1.910854 0.00000000  0.00000
[16,] 0.0000000 1.61477608 1.3722459 0.0000000 0.1331535 2.560404 0.00000000  0.00000
[17,] 0.0000000 0.00000000 1.5718338 1.2375943 0.0000000 0.000000 0.00000000  0.00000
[18,] 6.0234686 0.82237523 0.0000000 0.0000000 0.0000000 0.000000 0.10261773  0.00000
[19,] 0.0000000 0.00000000 0.7513443 0.6187972 0.0000000 2.749098 0.67433029  0.00000
[20,] 0.0000000 0.20297180 0.0000000 0.0000000 0.0000000 0.000000 0.14535820 21.76552
[21,] 0.0000000 0.00000000 0.0000000 0.0000000 0.0000000 0.000000 0.14535820  0.00000
[22,] 0.0000000 0.33487142 0.0000000 0.6187972 0.1331535 0.000000 0.00000000 16.70829
[23,] 0.0000000 0.92430046 0.0000000 0.0000000 0.0000000 1.397385 0.71707075  0.00000
[24,] 0.0000000 1.60038591 0.0000000 0.0000000 0.1331535 1.722160 0.65719349  0.00000
[25,] 0.0000000 0.11750945 1.9091738 0.0000000 0.0000000 1.388763 0.00000000  0.00000
[26,] 0.0000000 0.00000000 0.7513443 0.5259449 0.0000000 0.000000 0.00000000  0.00000
[27,] 6.0131638 0.00000000 1.6358983 0.3558247 0.3994605 0.000000 0.00000000  0.00000
[28,] 0.0000000 0.83676540 0.0000000 0.9746219 0.1331535 2.244251 0.00000000  0.00000
[29,] 0.0000000 0.78008339 0.9292259 0.0000000 0.0000000 0.000000 1.25450972 26.82276
[30,] 0.0000000 1.58806845 1.0562606 0.9746219 0.3994605 0.000000 0.00000000 16.70829
[31,] 0.5426167 0.00000000 0.0000000 0.0000000 0.1331535 1.371519 0.00000000  0.00000
[32,] 0.0000000 0.00000000 0.0000000 0.8817696 0.0000000 0.000000 0.00000000  0.00000
[33,] 6.3106999 0.41826106 1.2882723 0.0000000 0.0000000 0.000000 0.00000000  0.00000
[34,] 3.9806753 0.00000000 0.5833972 0.0000000 0.2663070 0.000000 0.00000000  0.00000
[35,] 2.8740892 0.00000000 1.0430430 0.0000000 0.2663070 0.000000 0.68279717  0.00000
[36,] 0.0000000 2.08996243 0.0000000 0.0000000 0.0000000 3.126487 0.00000000  0.00000
[37,] 0.0000000 0.00000000 0.0000000 0.0000000 0.0000000 0.000000 0.00000000 21.76552
[38,] 0.0000000 0.92015504 0.0000000 0.0000000 0.2663070 2.099549 0.00000000 21.76552
[39,] 0.0000000 0.00000000 1.1697262 0.0000000 0.0000000 0.000000 0.00000000  0.00000
[40,] 0.0000000 0.00000000 0.0000000 0.0000000 0.0000000 2.227007 0.00000000  0.00000
[41,] 3.7355947 0.00000000 2.7343923 0.9746219 0.0000000 0.000000 0.00000000 21.76552
[42,] 0.0000000 0.00000000 1.2882723 1.2375943 0.0000000 0.000000 0.00000000  0.00000
[43,] 0.0000000 0.07107218 0.0000000 0.2629725 0.0000000 0.000000 0.00000000  0.00000
[44,] 8.8753117 0.00000000 0.0000000 0.0000000 0.2663070 0.000000 1.87742962  0.00000
[45,] 0.0000000 0.00000000 0.0000000 0.5259449 0.0000000 0.000000 0.00000000  0.00000
[46,] 0.0000000 0.90783758 0.9292259 0.0000000 0.0000000 2.046935 0.07701406  0.00000
[47,] 6.0234686 0.00000000 0.0000000 0.3558247 0.0000000 2.757720 0.00000000  0.00000
[48,] 0.0000000 0.00000000 0.0000000 0.0000000 0.0000000 1.586080 0.71707075  0.00000
[49,] 0.0000000 0.33487142 0.0000000 0.0000000 0.0000000 1.063988 0.00000000  0.00000
[50,] 0.0000000 0.00000000 0.0000000 0.0000000 0.0000000 0.000000 0.00000000 26.82276
           [,9]
 [1,] 2.8004663
 [2,] 3.7896655
 [3,] 0.0000000
 [4,] 1.4482928
 [5,] 0.0000000
 [6,] 3.1935339
 [7,] 0.0000000
 [8,] 0.0000000
 [9,] 0.0000000
[10,] 0.0000000
[11,] 0.0000000
[12,] 0.0000000
[13,] 0.0000000
[14,] 0.0000000
[15,] 0.0000000
[16,] 0.0000000
[17,] 5.0030923
[18,] 0.0000000
[19,] 1.3754591
[20,] 0.0000000
[21,] 1.4097681
[22,] 0.0000000
[23,] 5.0073080
[24,] 0.0000000
[25,] 3.0204782
[26,] 0.0000000
[27,] 0.0000000
[28,] 0.0000000
[29,] 1.0124847
[30,] 1.5912552
[31,] 0.0000000
[32,] 1.5870395
[33,] 0.0000000
[34,] 0.0000000
[35,] 0.6152014
[36,] 0.0000000
[37,] 0.0000000
[38,] 0.0000000
[39,] 0.0000000
[40,] 2.0058996
[41,] 2.4031830
[42,] 0.0000000
[43,] 0.0000000
[44,] 4.1953803
[45,] 3.4008136
[46,] 0.0000000
[47,] 0.0000000
[48,] 0.0000000
[49,] 0.0000000
[50,] 5.1887952

$Ndateboots
           [,1]     [,2]     [,3]      [,4]      [,5]     [,6]      [,7]     [,8]
 [1,]  74.07407  0.00000 62.96296  0.000000  0.000000   0.0000  5.555556   0.0000
 [2,]   0.00000 12.69841  0.00000  0.000000  7.407407 273.3333 18.518519   0.0000
 [3,]   0.00000  0.00000  0.00000 27.777778  0.000000   0.0000  0.000000 622.2222
 [4,] 122.22222 31.74603  0.00000  0.000000  0.000000 217.7778  0.000000   0.0000
 [5,] 125.92593  0.00000  0.00000 42.592593  0.000000   0.0000  0.000000 622.2222
 [6,]   0.00000  0.00000 38.88889  0.000000 22.222222 402.2222  0.000000 722.2222
 [7,]   0.00000  0.00000  0.00000  0.000000  0.000000 406.6667  0.000000 522.2222
 [8,]   0.00000  0.00000  0.00000 20.370370  0.000000   0.0000  0.000000   0.0000
 [9,]   0.00000  0.00000  0.00000  0.000000  0.000000   0.0000  0.000000   0.0000
[10,]   0.00000  0.00000  0.00000  0.000000 14.814815   0.0000  5.555556   0.0000
[11,] 159.25926 34.92063  0.00000  0.000000  7.407407   0.0000 18.518519   0.0000
[12,]   0.00000 47.61905 42.59259  0.000000 22.222222   0.0000  0.000000   0.0000
[13,]   0.00000 66.66667  0.00000 55.555556  0.000000   0.0000 16.666667   0.0000
[14,]   0.00000 34.92063 53.70370  0.000000  7.407407   0.0000 27.777778   0.0000
[15,]  87.03704  0.00000  0.00000  0.000000  0.000000 282.2222  0.000000   0.0000
[16,]   0.00000 69.84127 38.88889  0.000000  7.407407 291.1111  0.000000   0.0000
[17,]   0.00000  0.00000 25.92593 55.555556  0.000000   0.0000  0.000000   0.0000
[18,] 138.88889 41.26984  0.00000  0.000000  0.000000   0.0000  5.555556   0.0000
[19,]   0.00000  0.00000 22.22222 27.777778  0.000000 346.6667 16.666667   0.0000
[20,]   0.00000 22.22222  0.00000  0.000000  0.000000   0.0000  7.407407 622.2222
[21,]   0.00000  0.00000  0.00000  0.000000  0.000000   0.0000  7.407407   0.0000
[22,]   0.00000 31.74603  0.00000 27.777778  7.407407   0.0000  0.000000 522.2222
[23,]   0.00000 38.09524  0.00000  0.000000  0.000000 222.2222 18.518519   0.0000
[24,]   0.00000 73.01587  0.00000  0.000000  7.407407 226.6667 14.814815   0.0000
[25,]   0.00000 12.69841 61.11111  0.000000  0.000000 217.7778  0.000000   0.0000
[26,]   0.00000  0.00000 22.22222 40.740741  0.000000   0.0000  0.000000   0.0000
[27,] 137.03704  0.00000 64.81481  7.407407 22.222222   0.0000  0.000000   0.0000
[28,]   0.00000 38.09524  0.00000 35.185185  7.407407 291.1111  0.000000   0.0000
[29,]   0.00000 22.22222 50.00000  0.000000  0.000000   0.0000 25.925926 722.2222
[30,]   0.00000 66.66667 16.66667 35.185185 22.222222   0.0000  0.000000 522.2222
[31,]  22.22222  0.00000  0.00000  0.000000  7.407407 208.8889  0.000000   0.0000
[32,]   0.00000  0.00000  0.00000 48.148148  0.000000   0.0000  0.000000   0.0000
[33,] 142.59259 50.79365 44.44444  0.000000  0.000000   0.0000  0.000000   0.0000
[34,] 100.00000  0.00000 33.33333  0.000000 14.814815   0.0000  0.000000   0.0000
[35,]  83.33333  0.00000 38.88889  0.000000 14.814815   0.0000 14.814815   0.0000
[36,]   0.00000 73.01587  0.00000  0.000000  0.000000 457.7778  0.000000   0.0000
[37,]   0.00000  0.00000  0.00000  0.000000  0.000000   0.0000  0.000000 622.2222
[38,]   0.00000 57.14286  0.00000  0.000000 14.814815 337.7778  0.000000 622.2222
[39,]   0.00000  0.00000 59.25926  0.000000  0.000000   0.0000  0.000000   0.0000
[40,]   0.00000  0.00000  0.00000  0.000000  0.000000 282.2222  0.000000   0.0000
[41,]  83.33333  0.00000 61.11111 35.185185  0.000000   0.0000  0.000000 622.2222
[42,]   0.00000  0.00000 44.44444 55.555556  0.000000   0.0000  0.000000   0.0000
[43,]   0.00000 12.69841  0.00000 20.370370  0.000000   0.0000  0.000000   0.0000
[44,] 188.88889  0.00000  0.00000  0.000000 14.814815   0.0000 37.037037   0.0000
[45,]   0.00000  0.00000  0.00000 40.740741  0.000000   0.0000  0.000000   0.0000
[46,]   0.00000 50.79365 50.00000  0.000000  0.000000 231.1111  5.555556   0.0000
[47,] 138.88889  0.00000  0.00000  7.407407  0.000000 351.1111  0.000000   0.0000
[48,]   0.00000  0.00000  0.00000  0.000000  0.000000 277.7778 18.518519   0.0000
[49,]   0.00000 31.74603  0.00000  0.000000  0.000000 213.3333  0.000000   0.0000
[50,]   0.00000  0.00000  0.00000  0.000000  0.000000   0.0000  0.000000 722.2222
           [,9]
 [1,] 275.92593
 [2,] 305.55556
 [3,]   0.00000
 [4,] 183.33333
 [5,]   0.00000
 [6,] 329.62963
 [7,]   0.00000
 [8,]   0.00000
 [9,]   0.00000
[10,]   0.00000
[11,]   0.00000
[12,]   0.00000
[13,]   0.00000
[14,]   0.00000
[15,]   0.00000
[16,]   0.00000
[17,] 368.51852
[18,]   0.00000
[19,] 190.74074
[20,]   0.00000
[21,] 185.18519
[22,]   0.00000
[23,] 372.22222
[24,]   0.00000
[25,] 305.55556
[26,]   0.00000
[27,]   0.00000
[28,]   0.00000
[29,] 127.77778
[30,] 216.66667
[31,]   0.00000
[32,] 212.96296
[33,]   0.00000
[34,]   0.00000
[35,]  70.37037
[36,]   0.00000
[37,]   0.00000
[38,]   0.00000
[39,]   0.00000
[40,] 161.11111
[41,] 218.51852
[42,]   0.00000
[43,]   0.00000
[44,] 370.37037
[45,] 255.55556
[46,]   0.00000
[47,]   0.00000
[48,]   0.00000
[49,]   0.00000
[50,] 403.70370

