$totdays
[1] 365

$Psampest
[1] NA

$Pbootest
    Mean     2.5%      50%    97.5% 
0.410357 0.000000 0.000000 2.752971 

$Pboots
 [1] 0.00000000 0.36298594 0.00000000 0.00000000 0.00000000 0.00000000 0.00000000
 [8] 0.00000000 0.00000000 0.00000000 0.00000000 0.00000000 0.00000000 0.00000000
[15] 0.00000000 0.36298594 2.75869910 0.00000000 0.36298594 0.00000000 2.38419773
[22] 0.00000000 0.00000000 1.01391697 0.00000000 0.00000000 1.67575478 0.00000000
[29] 0.00000000 0.00000000 2.73323990 2.73109791 0.00000000 0.00000000 0.00000000
[36] 0.00000000 0.00000000 0.00000000 0.03476504 0.00000000 1.03839837 0.00000000
[43] 0.10429511 0.00000000 0.00000000 2.90872433 0.00000000 2.04580162 0.00000000
[50] 0.00000000

$Bboots
 [1] 0.000000000 0.008884023 0.000000000 0.000000000 0.000000000 0.000000000 0.000000000
 [8] 0.000000000 0.000000000 0.000000000 0.000000000 0.000000000 0.000000000 0.000000000
[15] 0.000000000 0.008884023 0.069212066 0.000000000 0.008884023 0.000000000 0.122966156
[22] 0.000000000 0.000000000 0.018394312 0.000000000 0.000000000 0.075507007 0.000000000
[29] 0.000000000 0.000000000 0.139194622 0.139427062 0.000000000 0.000000000 0.000000000
[36] 0.000000000 0.000000000 0.000000000 0.011768856 0.000000000 0.058376706 0.000000000
[43] 0.035306569 0.000000000 0.000000000 0.145002060 0.000000000 0.104158387 0.000000000
[50] 0.000000000

$Nboots
 [1] 0.0000000 1.5873016 0.0000000 0.0000000 0.0000000 0.0000000 0.0000000 0.0000000
 [9] 0.0000000 0.0000000 0.0000000 0.0000000 0.0000000 0.0000000 0.0000000 1.5873016
[17] 4.9768519 0.0000000 1.5873016 0.0000000 3.0919312 0.0000000 0.0000000 1.0416667
[25] 0.0000000 0.0000000 2.7447090 0.0000000 0.0000000 0.0000000 3.4391534 3.4391534
[33] 0.0000000 0.0000000 0.0000000 0.0000000 0.0000000 0.0000000 0.9259259 0.0000000
[41] 0.8101852 0.0000000 2.7777778 0.0000000 0.0000000 3.6706349 0.0000000 1.7361111
[49] 0.0000000 0.0000000

$julians
[1] 2040 2085 2122 2143 2192 2232 2278 2283 2362

$intdays
[1] 45 37 21 49 40 46  5 79 43

$Pintsampest
[1] NA NA NA NA NA NA NA NA NA

$Pintboots
          [,1]      [,2] [,3] [,4] [,5] [,6]       [,7]     [,8] [,9]
 [1,]       NA        NA   NA   NA   NA   NA         NA       NA   NA
 [2,]       NA 0.3629859    0   NA   NA   NA         NA       NA   NA
 [3,]       NA        NA   NA   NA   NA    0         NA       NA   NA
 [4,]       NA        NA   NA   NA   NA   NA         NA       NA   NA
 [5,]       NA        NA   NA   NA   NA   NA         NA       NA   NA
 [6,]       NA 0.0000000   NA   NA   NA   NA         NA       NA   NA
 [7,]       NA        NA   NA   NA   NA   NA         NA       NA   NA
 [8,]       NA        NA   NA   NA   NA   NA         NA       NA   NA
 [9,]       NA        NA   NA   NA   NA   NA         NA       NA   NA
[10,]       NA        NA   NA   NA   NA   NA         NA       NA   NA
[11,]       NA        NA   NA   NA   NA   NA         NA       NA   NA
[12,]       NA        NA    0   NA   NA   NA         NA       NA   NA
[13,]       NA        NA   NA   NA   NA   NA         NA       NA   NA
[14,]       NA        NA    0    0   NA   NA         NA       NA   NA
[15,]       NA        NA   NA   NA   NA    0         NA       NA   NA
[16,]       NA 0.3629859    0   NA   NA   NA         NA       NA   NA
[17,]       NA        NA   NA    0   NA   NA 0.06953007 2.689169   NA
[18,]       NA        NA   NA   NA   NA   NA         NA       NA   NA
[19,]       NA 0.3629859    0    0   NA   NA         NA       NA   NA
[20,]       NA        NA   NA   NA   NA   NA         NA       NA   NA
[21,] 2.384198        NA   NA    0    0   NA         NA       NA   NA
[22,]       NA        NA   NA   NA    0   NA         NA       NA   NA
[23,]       NA        NA    0   NA   NA   NA         NA       NA   NA
[24,]       NA        NA   NA   NA   NA   NA         NA 1.013917   NA
[25,]       NA        NA   NA   NA   NA   NA         NA       NA   NA
[26,]       NA        NA   NA   NA   NA   NA         NA       NA   NA
[27,] 1.675755        NA   NA   NA   NA   NA         NA       NA   NA
[28,]       NA        NA   NA   NA   NA   NA         NA       NA   NA
[29,]       NA        NA   NA   NA   NA    0         NA       NA   NA
[30,]       NA        NA   NA   NA   NA   NA         NA       NA   NA
[31,] 2.551747 0.1814930   NA   NA   NA   NA         NA       NA   NA
[32,] 2.549605 0.1814930   NA   NA   NA   NA         NA       NA   NA
[33,]       NA 0.0000000   NA   NA   NA   NA         NA       NA   NA
[34,]       NA        NA    0   NA   NA   NA         NA       NA   NA
[35,]       NA        NA   NA    0    0   NA         NA       NA   NA
[36,]       NA        NA   NA   NA   NA   NA         NA       NA   NA
[37,]       NA 0.0000000   NA   NA   NA   NA         NA       NA   NA
[38,]       NA        NA   NA   NA   NA   NA         NA       NA   NA
[39,]       NA        NA   NA   NA   NA   NA 0.03476504       NA   NA
[40,]       NA        NA    0   NA   NA   NA         NA       NA   NA
[41,] 1.038398        NA   NA   NA   NA   NA         NA       NA   NA
[42,]       NA        NA   NA   NA   NA   NA         NA       NA   NA
[43,]       NA        NA   NA   NA   NA   NA 0.10429511       NA   NA
[44,]       NA        NA   NA   NA   NA   NA         NA       NA   NA
[45,]       NA        NA   NA   NA   NA   NA         NA       NA   NA
[46,] 2.908724        NA   NA   NA   NA   NA         NA       NA   NA
[47,]       NA        NA   NA   NA   NA   NA         NA       NA   NA
[48,] 2.045802        NA   NA   NA   NA   NA         NA       NA   NA
[49,]       NA        NA   NA   NA   NA    0         NA       NA   NA
[50,]       NA        NA   NA   NA   NA    0         NA       NA   NA

$Bdatesampinfo
      DATE JULIAN N Mean Stdev
1 08/02/11   2040 6   NA    NA
2 09/16/11   2085 7   NA    NA
3 10/23/11   2122 6   NA    NA
4 11/13/11   2143 6   NA    NA
5 01/01/12   2192 6   NA    NA
6 02/10/12   2232 5   NA    NA
7 03/27/12   2278 6   NA    NA
8 04/01/12   2283 3   NA    NA
9 06/19/12   2362 6   NA    NA

$Ndatesampinfo
      DATE JULIAN N Mean Stdev
1 08/02/11   2040 6   NA    NA
2 09/16/11   2085 7   NA    NA
3 10/23/11   2122 6   NA    NA
4 11/13/11   2143 6   NA    NA
5 01/01/12   2192 6   NA    NA
6 02/10/12   2232 5   NA    NA
7 03/27/12   2278 6   NA    NA
8 04/01/12   2283 3   NA    NA
9 06/19/12   2362 6   NA    NA

$Bdateboots
           [,1]       [,2] [,3] [,4] [,5] [,6] [,7]      [,8]       [,9]
 [1,] 0.0000000 0.07107218    0    0    0    0    0 0.0000000 0.47753337
 [2,] 0.0000000 0.14214437    0    0    0    0    0 0.0000000 0.26870532
 [3,] 0.0000000 0.14214437    0    0    0    0    0 0.0000000 0.00000000
 [4,] 1.3604192 0.00000000    0    0    0    0    0 0.0000000 0.30657150
 [5,] 0.0000000 0.00000000    0    0    0    0    0 0.0000000 0.26870532
 [6,] 0.0000000 0.00000000    0    0    0    0    0 0.0000000 0.35418625
 [7,] 2.0886886 0.00000000    0    0    0    0    0 0.0000000 0.58502539
 [8,] 0.0000000 0.00000000    0    0    0    0    0 0.0000000 0.00000000
 [9,] 0.0000000 0.00000000    0    0    0    0    0 0.0000000 0.43966719
[10,] 0.0000000 0.00000000    0    0    0    0    0 0.0000000 0.00000000
[11,] 0.0000000 0.07107218    0    0    0    0    0 0.3766034 0.00000000
[12,] 0.5583324 0.00000000    0    0    0    0    0 0.0000000 0.00000000
[13,] 2.5535835 0.00000000    0    0    0    0    0 0.0000000 0.35418625
[14,] 0.0000000 0.00000000    0    0    0    0    0 0.0000000 0.00000000
[15,] 0.0000000 0.00000000    0    0    0    0    0 0.0000000 0.49954445
[16,] 0.0000000 0.14214437    0    0    0    0    0 0.0000000 0.00000000
[17,] 0.4733578 0.00000000    0    0    0    0    0 0.3766034 0.35418625
[18,] 0.0000000 0.00000000    0    0    0    0    0 0.0000000 0.00000000
[19,] 0.0000000 0.14214437    0    0    0    0    0 0.0000000 0.43966719
[20,] 0.0000000 0.00000000    0    0    0    0    0 0.0000000 0.00000000
[21,] 1.8253141 0.14214437    0    0    0    0    0 0.0000000 0.00000000
[22,] 0.0000000 0.00000000    0    0    0    0    0 0.0000000 0.58502539
[23,] 1.8290332 0.00000000    0    0    0    0    0 0.3766034 0.00000000
[24,] 2.5498645 0.00000000    0    0    0    0    0 0.0000000 0.29430899
[25,] 0.0000000 0.14214437    0    0    0    0    0 0.3766034 0.00000000
[26,] 0.0000000 0.00000000    0    0    0    0    0 0.5649051 0.00000000
[27,] 1.0659677 0.14214437    0    0    0    0    0 0.1883017 0.00000000
[28,] 1.7167127 0.00000000    0    0    0    0    0 0.0000000 0.00000000
[29,] 0.0000000 0.00000000    0    0    0    0    0 0.0000000 0.00000000
[30,] 0.0000000 0.00000000    0    0    0    0    0 0.0000000 0.00000000
[31,] 2.0849696 0.07107218    0    0    0    0    0 0.5649051 0.00000000
[32,] 2.0886886 0.07107218    0    0    0    0    0 0.0000000 0.00000000
[33,] 0.0000000 0.00000000    0    0    0    0    0 0.0000000 0.73038359
[34,] 0.0000000 0.00000000    0    0    0    0    0 0.0000000 0.00000000
[35,] 0.0000000 0.00000000    0    0    0    0    0 0.5649051 0.00000000
[36,] 0.0000000 0.00000000    0    0    0    0    0 0.0000000 0.07573236
[37,] 0.0000000 0.00000000    0    0    0    0    0 0.0000000 0.00000000
[38,] 0.0000000 0.07107218    0    0    0    0    0 0.0000000 0.08548094
[39,] 0.0000000 0.00000000    0    0    0    0    0 0.1883017 0.00000000
[40,] 1.3604192 0.00000000    0    0    0    0    0 0.0000000 0.20882805
[41,] 0.9340273 0.00000000    0    0    0    0    0 0.0000000 0.00000000
[42,] 0.7287879 0.00000000    0    0    0    0    0 0.0000000 0.00000000
[43,] 0.0000000 0.00000000    0    0    0    0    0 0.5649051 0.00000000
[44,] 0.5973538 0.00000000    0    0    0    0    0 0.0000000 0.00000000
[45,] 0.0000000 0.00000000    0    0    0    0    0 0.0000000 0.58502539
[46,] 2.1778886 0.14214437    0    0    0    0    0 0.0000000 0.00000000
[47,] 0.0000000 0.00000000    0    0    0    0    0 0.0000000 0.69251741
[48,] 1.6665342 0.00000000    0    0    0    0    0 0.0000000 0.00000000
[49,] 0.0000000 0.00000000    0    0    0    0    0 0.0000000 0.73038359
[50,] 0.0000000 0.00000000    0    0    0    0    0 0.0000000 0.67050633

$Ndateboots
          [,1]     [,2] [,3] [,4] [,5] [,6] [,7]     [,8]      [,9]
 [1,]  0.00000 12.69841    0    0    0    0    0  0.00000 29.629630
 [2,]  0.00000 25.39683    0    0    0    0    0  0.00000 16.666667
 [3,]  0.00000 25.39683    0    0    0    0    0  0.00000  0.000000
 [4,] 20.37037  0.00000    0    0    0    0    0  0.00000 22.222222
 [5,]  0.00000  0.00000    0    0    0    0    0  0.00000 16.666667
 [6,]  0.00000  0.00000    0    0    0    0    0  0.00000 20.370370
 [7,] 29.62963  0.00000    0    0    0    0    0  0.00000 31.481481
 [8,]  0.00000  0.00000    0    0    0    0    0  0.00000  0.000000
 [9,]  0.00000  0.00000    0    0    0    0    0  0.00000 24.074074
[10,]  0.00000  0.00000    0    0    0    0    0  0.00000  0.000000
[11,]  0.00000 12.69841    0    0    0    0    0 29.62963  0.000000
[12,] 12.96296  0.00000    0    0    0    0    0  0.00000  0.000000
[13,] 33.33333  0.00000    0    0    0    0    0  0.00000 20.370370
[14,]  0.00000  0.00000    0    0    0    0    0  0.00000  0.000000
[15,]  0.00000  0.00000    0    0    0    0    0  0.00000 27.777778
[16,]  0.00000 25.39683    0    0    0    0    0  0.00000  0.000000
[17,] 14.81481  0.00000    0    0    0    0    0 29.62963 20.370370
[18,]  0.00000  0.00000    0    0    0    0    0  0.00000  0.000000
[19,]  0.00000 25.39683    0    0    0    0    0  0.00000 24.074074
[20,]  0.00000  0.00000    0    0    0    0    0  0.00000  0.000000
[21,] 24.07407 25.39683    0    0    0    0    0  0.00000  0.000000
[22,]  0.00000  0.00000    0    0    0    0    0  0.00000 31.481481
[23,] 24.07407  0.00000    0    0    0    0    0 29.62963  0.000000
[24,] 33.33333  0.00000    0    0    0    0    0  0.00000 16.666667
[25,]  0.00000 25.39683    0    0    0    0    0 29.62963  0.000000
[26,]  0.00000  0.00000    0    0    0    0    0 44.44444  0.000000
[27,] 18.51852 25.39683    0    0    0    0    0 14.81481  0.000000
[28,] 29.62963  0.00000    0    0    0    0    0  0.00000  0.000000
[29,]  0.00000  0.00000    0    0    0    0    0  0.00000  0.000000
[30,]  0.00000  0.00000    0    0    0    0    0  0.00000  0.000000
[31,] 29.62963 12.69841    0    0    0    0    0 44.44444  0.000000
[32,] 29.62963 12.69841    0    0    0    0    0  0.00000  0.000000
[33,]  0.00000  0.00000    0    0    0    0    0  0.00000 38.888889
[34,]  0.00000  0.00000    0    0    0    0    0  0.00000  0.000000
[35,]  0.00000  0.00000    0    0    0    0    0 44.44444  0.000000
[36,]  0.00000  0.00000    0    0    0    0    0  0.00000 11.111111
[37,]  0.00000  0.00000    0    0    0    0    0  0.00000  0.000000
[38,]  0.00000 12.69841    0    0    0    0    0  0.00000  3.703704
[39,]  0.00000  0.00000    0    0    0    0    0 14.81481  0.000000
[40,] 20.37037  0.00000    0    0    0    0    0  0.00000 12.962963
[41,] 12.96296  0.00000    0    0    0    0    0  0.00000  0.000000
[42,] 14.81481  0.00000    0    0    0    0    0  0.00000  0.000000
[43,]  0.00000  0.00000    0    0    0    0    0 44.44444  0.000000
[44,] 14.81481  0.00000    0    0    0    0    0  0.00000  0.000000
[45,]  0.00000  0.00000    0    0    0    0    0  0.00000 31.481481
[46,] 33.33333 25.39683    0    0    0    0    0  0.00000  0.000000
[47,]  0.00000  0.00000    0    0    0    0    0  0.00000 33.333333
[48,] 27.77778  0.00000    0    0    0    0    0  0.00000  0.000000
[49,]  0.00000  0.00000    0    0    0    0    0  0.00000 38.888889
[50,]  0.00000  0.00000    0    0    0    0    0  0.00000 35.185185

