$totdays
[1] 365

$Psampest
[1] NA

$Pbootest
      Mean       2.5%        50%      97.5% 
 3.4405905  0.0000000  0.5645395 18.6494115 

$Pboots
 [1]  0.17567852  2.81785463  0.00000000 18.37794962  2.89284220  2.94160613 17.12055233
 [8]  0.00000000  0.08783926 15.41710042 18.72822297  0.00000000  0.00000000  0.00000000
[15] 16.74316376  2.69681070  2.09886067  0.00000000  0.17567852  0.29274454  0.69899350
[22]  1.95560271  0.00000000 22.01973000  0.00000000  2.75538604  2.81785463  0.00000000
[29]  0.00000000  0.00000000  0.00000000  0.57409413  0.00000000  0.61711933  3.79947972
[36]  2.94259811  1.46854234  0.00000000  0.60123393  0.00000000 12.40144135  6.85656047
[43]  0.26351778  1.87036783  0.00000000  0.00000000  0.00000000  9.26511414  0.00000000
[50]  0.55498480

$Bboots
 [1] 0.004284199 0.149355358 0.000000000 0.554093063 0.442718965 0.394043854 1.450813783
 [8] 0.000000000 0.002142099 0.705012323 1.335704186 0.000000000 0.000000000 0.000000000
[15] 0.540467104 1.073196874 0.094160593 0.000000000 0.004284199 0.010067867 0.683208274
[22] 0.089233764 0.000000000 0.743068856 0.000000000 0.386701959 0.149355358 0.000000000
[29] 0.000000000 0.000000000 0.000000000 0.875784901 0.000000000 0.794205153 0.272876022
[36] 0.151829022 0.071637153 0.000000000 0.667753017 0.000000000 1.263640767 0.938082045
[43] 0.006426298 0.109508235 0.000000000 0.000000000 0.000000000 0.885239417 0.000000000
[50] 0.018207844

$Nboots
 [1]  0.4629630  2.8935185  0.0000000 14.8148148  5.9722222  5.9490741 28.8194444
 [8]  0.0000000  0.2314815 16.4351852 28.8194444  0.0000000  0.0000000  0.0000000
[15] 13.4259259 18.5185185  3.5416667  0.0000000  0.4629630  1.0879630 12.5000000
[22]  3.0092593  0.0000000 16.8981481  0.0000000  4.9305556  2.8935185  0.0000000
[29]  0.0000000  0.0000000  0.0000000 13.5416667  0.0000000 14.6990741  5.6712963
[36]  3.4722222  1.1574074  0.0000000 13.8888889  0.0000000 24.6759259 18.4027778
[43]  0.6944444  3.7037037  0.0000000  0.0000000  0.0000000 18.4722222  0.0000000
[50]  1.9675926

$julians
[1] 2040 2085 2122 2143 2192 2232 2278 2283 2362

$intdays
[1] 45 37 21 49 40 46  5 79 43

$Pintsampest
[1] NA NA NA NA NA NA NA NA NA

$Pintboots
            [,1]      [,2]     [,3]     [,4]      [,5]     [,6]      [,7]      [,8]
 [1,] 0.17567852        NA       NA       NA        NA       NA        NA        NA
 [2,] 0.17567852 2.6421761       NA       NA        NA       NA        NA        NA
 [3,]         NA        NA       NA       NA        NA       NA        NA        NA
 [4,]         NA        NA       NA       NA        NA       NA        NA 18.377950
 [5,]         NA        NA       NA       NA        NA 2.892842        NA        NA
 [6,] 0.08783926        NA       NA       NA 0.3176590 2.536108        NA        NA
 [7,]         NA        NA       NA       NA        NA       NA 0.6770293 16.443523
 [8,]         NA        NA       NA       NA        NA       NA        NA        NA
 [9,] 0.08783926        NA       NA       NA        NA       NA        NA        NA
[10,]         NA 2.5238362 3.105463       NA        NA       NA        NA  9.787801
[11,]         NA        NA       NA 1.827162        NA       NA 0.5885989 16.312462
[12,]         NA        NA       NA       NA        NA       NA        NA        NA
[13,]         NA        NA       NA       NA        NA       NA        NA        NA
[14,]         NA        NA       NA       NA        NA       NA        NA        NA
[15,]         NA        NA       NA       NA        NA       NA        NA 16.743164
[16,]         NA        NA       NA       NA 0.1868582 1.914448 0.5955046        NA
[17,] 0.00000000 1.9556027       NA       NA 0.1432580       NA        NA        NA
[18,]         NA        NA       NA       NA        NA       NA        NA        NA
[19,] 0.17567852        NA       NA       NA        NA       NA        NA        NA
[20,]         NA        NA       NA       NA 0.2927445       NA        NA        NA
[21,] 0.17567852        NA       NA       NA        NA       NA 0.5233150        NA
[22,]         NA 1.9556027       NA       NA        NA       NA        NA        NA
[23,]         NA        NA       NA       NA        NA       NA        NA        NA
[24,]         NA        NA       NA       NA        NA       NA        NA 22.019730
[25,]         NA        NA       NA       NA        NA       NA        NA        NA
[26,]         NA        NA       NA       NA        NA 2.755386        NA        NA
[27,] 0.17567852 2.6421761       NA       NA        NA       NA        NA        NA
[28,]         NA        NA       NA       NA        NA       NA        NA        NA
[29,]         NA        NA       NA       NA        NA       NA        NA        NA
[30,]         NA        NA       NA       NA        NA       NA        NA        NA
[31,]         NA        NA       NA       NA        NA       NA        NA        NA
[32,]         NA        NA       NA       NA        NA       NA 0.5740941        NA
[33,]         NA        NA       NA       NA        NA       NA        NA        NA
[34,]         NA        NA       NA       NA        NA       NA 0.6171193        NA
[35,]         NA        NA 2.288764 1.510716        NA       NA        NA        NA
[36,]         NA 2.9425981       NA       NA        NA       NA        NA        NA
[37,]         NA        NA       NA 1.468542        NA       NA        NA        NA
[38,]         NA        NA       NA       NA        NA       NA        NA        NA
[39,]         NA        NA       NA       NA        NA       NA 0.6012339        NA
[40,]         NA        NA       NA       NA        NA       NA        NA        NA
[41,]         NA        NA       NA       NA        NA 2.568307 0.4947946  9.338340
[42,]         NA        NA 1.923576       NA        NA       NA 0.4405086  4.492475
[43,] 0.26351778        NA       NA       NA        NA       NA        NA        NA
[44,]         NA 0.6614139 1.208954       NA        NA       NA        NA        NA
[45,]         NA        NA       NA       NA        NA       NA        NA        NA
[46,]         NA        NA       NA       NA        NA       NA        NA        NA
[47,]         NA        NA       NA       NA        NA       NA        NA        NA
[48,]         NA        NA       NA       NA        NA 2.255388 0.3019431  6.707783
[49,]         NA        NA       NA       NA        NA       NA        NA        NA
[50,] 0.08783926        NA       NA       NA 0.4671455       NA        NA        NA
      [,9]
 [1,]   NA
 [2,]   NA
 [3,]   NA
 [4,]   NA
 [5,]   NA
 [6,]   NA
 [7,]   NA
 [8,]   NA
 [9,]   NA
[10,]   NA
[11,]   NA
[12,]   NA
[13,]   NA
[14,]   NA
[15,]   NA
[16,]   NA
[17,]   NA
[18,]   NA
[19,]   NA
[20,]   NA
[21,]   NA
[22,]   NA
[23,]   NA
[24,]   NA
[25,]   NA
[26,]   NA
[27,]   NA
[28,]   NA
[29,]   NA
[30,]   NA
[31,]   NA
[32,]   NA
[33,]   NA
[34,]   NA
[35,]   NA
[36,]   NA
[37,]   NA
[38,]   NA
[39,]   NA
[40,]   NA
[41,]   NA
[42,]   NA
[43,]   NA
[44,]   NA
[45,]   NA
[46,]   NA
[47,]   NA
[48,]   NA
[49,]   NA
[50,]   NA

$Bdatesampinfo
      DATE JULIAN N Mean Stdev
1 08/02/11   2040 3   NA    NA
2 09/16/11   2085 7   NA    NA
3 10/23/11   2122 6   NA    NA
4 11/13/11   2143 6   NA    NA
5 01/01/12   2192 6   NA    NA
6 02/10/12   2232 5   NA    NA
7 03/27/12   2278 6   NA    NA
8 04/01/12   2283 3   NA    NA
9 06/19/12   2362 6   NA    NA

$Ndatesampinfo
      DATE JULIAN N Mean Stdev
1 08/02/11   2040 3   NA    NA
2 09/16/11   2085 7   NA    NA
3 10/23/11   2122 6   NA    NA
4 11/13/11   2143 6   NA    NA
5 01/01/12   2192 6   NA    NA
6 02/10/12   2232 5   NA    NA
7 03/27/12   2278 6   NA    NA
8 04/01/12   2283 3   NA    NA
9 06/19/12   2362 6   NA    NA

$Bdateboots
            [,1] [,2]      [,3]     [,4]       [,5]       [,6]     [,7]       [,8]
 [1,] 0.06854718    0 0.0000000 0.000000 0.00000000 0.00000000 0.000000  0.0000000
 [2,] 0.06854718    0 2.3211386 0.000000 0.03427359 0.00000000 0.000000  4.2000703
 [3,] 0.00000000    0 0.0000000 0.000000 0.00000000 0.20564153 0.000000  0.0000000
 [4,] 0.00000000    0 0.4853144 0.000000 0.00000000 0.00000000 0.000000  7.4759719
 [5,] 0.00000000    0 0.0000000 0.000000 0.00000000 0.26733399 6.816169  0.0000000
 [6,] 0.03427359    0 0.0000000 0.000000 0.05141038 0.12338492 5.972248  0.0000000
 [7,] 0.00000000    0 0.0000000 0.000000 0.01713679 0.00000000 7.158122  7.4759719
 [8,] 0.00000000    0 0.0000000 0.000000 0.00000000 0.00000000 0.000000  0.0000000
 [9,] 0.03427359    0 0.0000000 0.000000 0.00000000 0.00000000 0.000000  0.0000000
[10,] 0.00000000    0 2.2098463 2.226298 0.00000000 0.28789814 0.000000  4.2000703
[11,] 0.00000000    0 0.0000000 1.345973 0.03427359 0.00000000 4.198891  7.4759719
[12,] 0.00000000    0 0.0000000 1.647679 0.00000000 0.00000000 0.000000  0.9241687
[13,] 0.00000000    0 0.0000000 1.639488 0.00000000 0.00000000 0.000000  0.0000000
[14,] 0.00000000    0 0.0000000 1.273768 0.00000000 0.00000000 0.000000  7.4759719
[15,] 0.06854718    0 0.0000000 0.000000 0.00000000 0.00000000 0.000000  7.4759719
[16,] 0.10282076    0 0.0000000 0.000000 0.00000000 0.10282076 4.744768  7.4759719
[17,] 0.00000000    0 1.4277402 0.000000 0.01713679 0.06169246 0.000000  0.0000000
[18,] 0.00000000    0 0.0000000 0.000000 0.00000000 0.00000000 0.000000  0.0000000
[19,] 0.06854718    0 0.0000000 1.096861 0.00000000 0.00000000 9.862958  0.0000000
[20,] 0.00000000    0 0.0000000 0.000000 0.01713679 0.14394907 0.000000  0.0000000
[21,] 0.06854718    0 0.0000000 1.973091 0.00000000 0.00000000 6.662715  4.2000703
[22,] 0.00000000    0 1.4277402 0.000000 0.00000000 0.26733399 0.000000  0.0000000
[23,] 0.00000000    0 0.0000000 0.000000 0.00000000 0.00000000 3.013017  0.0000000
[24,] 0.00000000    0 0.0000000 0.000000 0.00000000 0.20564153 0.000000 10.7518735
[25,] 0.00000000    0 0.0000000 0.000000 0.00000000 0.14394907 0.000000  0.0000000
[26,] 0.00000000    0 0.0000000 0.000000 0.00000000 0.16451322 6.022718  0.0000000
[27,] 0.06854718    0 2.3211386 0.000000 0.03427359 0.00000000 0.000000  4.2000703
[28,] 0.00000000    0 0.0000000 0.000000 0.00000000 0.00000000 5.963383  0.0000000
[29,] 0.00000000    0 0.0000000 0.000000 0.00000000 0.00000000 0.000000  4.2000703
[30,] 0.00000000    0 0.0000000 0.000000 0.03427359 0.00000000 0.000000  0.0000000
[31,] 0.00000000    0 0.0000000 2.262511 0.00000000 0.16451322 0.000000  0.0000000
[32,] 0.10282076    0 1.1429369 0.000000 0.01713679 0.00000000 9.812488  4.2000703
[33,] 0.06854718    0 2.4160730 0.000000 0.00000000 0.00000000 9.222962  0.0000000
[34,] 0.06854718    0 0.0000000 0.000000 0.00000000 0.00000000 5.231311  7.4759719
[35,] 0.00000000    0 2.2098463 1.060948 0.03427359 0.00000000 0.000000  0.0000000
[36,] 0.00000000    0 2.4292644 0.000000 0.00000000 0.24676984 0.000000  0.0000000
[37,] 0.00000000    0 0.0000000 1.129058 0.01713679 0.00000000 0.000000  0.0000000
[38,] 0.03427359    0 0.0000000 1.964900 0.00000000 0.00000000 9.128583  0.0000000
[39,] 0.00000000    0 0.0000000 0.000000 0.00000000 0.00000000 3.208076  7.4759719
[40,] 0.00000000    0 0.0000000 0.000000 0.00000000 0.32902645 0.000000  0.0000000
[41,] 0.03427359    0 0.0000000 1.462582 0.00000000 0.22620568 5.630295  4.2000703
[42,] 0.00000000    0 1.2768740 1.273768 0.00000000 0.00000000 9.913429  0.9241687
[43,] 0.10282076    0 0.0000000 1.535166 0.00000000 0.00000000 0.000000  0.0000000
[44,] 0.00000000    0 0.3476394 1.056853 0.00000000 0.08225661 0.000000  0.0000000
[45,] 0.00000000    0 0.0000000 0.000000 0.00000000 0.00000000 0.000000  0.0000000
[46,] 0.00000000    0 1.3491636 0.000000 0.00000000 0.00000000 5.231311  0.0000000
[47,] 0.00000000    0 1.2768740 0.000000 0.00000000 0.00000000 0.000000  0.0000000
[48,] 0.00000000    0 0.0000000 1.900886 0.00000000 0.16451322 5.435235  0.9241687
[49,] 0.00000000    0 1.5390325 0.000000 0.00000000 0.16451322 0.000000  0.0000000
[50,] 0.03427359    0 0.0000000 0.000000 0.05141038 0.20564153 0.000000  7.4759719
           [,9]
 [1,] 1.2119622
 [2,] 0.0000000
 [3,] 0.0000000
 [4,] 1.3895171
 [5,] 0.0000000
 [6,] 0.0000000
 [7,] 1.1029546
 [8,] 0.0000000
 [9,] 0.0000000
[10,] 0.4341364
[11,] 0.8401861
[12,] 0.0000000
[13,] 0.4745969
[14,] 0.0000000
[15,] 1.1715017
[16,] 0.0000000
[17,] 0.0000000
[18,] 0.6626313
[19,] 0.3655892
[20,] 0.0000000
[21,] 0.0000000
[22,] 0.0000000
[23,] 0.0000000
[24,] 1.1372282
[25,] 0.5431441
[26,] 0.0000000
[27,] 0.0000000
[28,] 0.0000000
[29,] 0.0000000
[30,] 0.0000000
[31,] 0.6969049
[32,] 0.0000000
[33,] 0.0000000
[34,] 0.0000000
[35,] 0.0000000
[36,] 0.0000000
[37,] 0.0000000
[38,] 0.0000000
[39,] 0.0000000
[40,] 1.1372282
[41,] 0.3313156
[42,] 0.6969049
[43,] 0.8059125
[44,] 0.0000000
[45,] 0.0000000
[46,] 0.0000000
[47,] 0.7997256
[48,] 1.2805094
[49,] 0.0000000
[50,] 0.0000000

$Ndateboots
           [,1] [,2]     [,3]     [,4]     [,5]      [,6]     [,7]      [,8]      [,9]
 [1,]  7.407407    0  0.00000  0.00000 0.000000  0.000000  0.00000   0.00000 33.333333
 [2,]  7.407407    0 38.88889  0.00000 3.703704  0.000000  0.00000 125.92593  0.000000
 [3,]  0.000000    0  0.00000  0.00000 0.000000 22.222222  0.00000   0.00000  0.000000
 [4,]  0.000000    0 29.62963  0.00000 0.000000  0.000000  0.00000 185.18519 51.851852
 [5,]  0.000000    0  0.00000  0.00000 0.000000 28.888889 66.66667   0.00000  0.000000
 [6,]  3.703704    0  0.00000  0.00000 5.555556 13.333333 59.25926   0.00000  0.000000
 [7,]  0.000000    0  0.00000  0.00000 1.851852  0.000000 68.51852 185.18519 22.222222
 [8,]  0.000000    0  0.00000  0.00000 0.000000  0.000000  0.00000   0.00000  0.000000
 [9,]  3.703704    0  0.00000  0.00000 0.000000  0.000000  0.00000   0.00000  0.000000
[10,]  0.000000    0 42.59259 37.03704 0.000000 31.111111  0.00000 125.92593 14.814815
[11,]  0.000000    0  0.00000 20.37037 3.703704  0.000000 40.74074 185.18519 25.925926
[12,]  0.000000    0  0.00000 38.88889 0.000000  0.000000  0.00000  66.66667  0.000000
[13,]  0.000000    0  0.00000 38.88889 0.000000  0.000000  0.00000   0.00000 18.518519
[14,]  0.000000    0  0.00000 25.92593 0.000000  0.000000  0.00000 185.18519  0.000000
[15,]  7.407407    0  0.00000  0.00000 0.000000  0.000000  0.00000 185.18519 29.629630
[16,] 11.111111    0  0.00000  0.00000 0.000000 11.111111 44.44444 185.18519  0.000000
[17,]  0.000000    0 48.14815  0.00000 1.851852  6.666667  0.00000   0.00000  0.000000
[18,]  0.000000    0  0.00000  0.00000 0.000000  0.000000  0.00000   0.00000  7.407407
[19,]  7.407407    0  0.00000 18.51852 0.000000  0.000000 92.59259   0.00000  7.407407
[20,]  0.000000    0  0.00000  0.00000 1.851852 15.555556  0.00000   0.00000  0.000000
[21,]  7.407407    0  0.00000 35.18519 0.000000  0.000000 66.66667 125.92593  0.000000
[22,]  0.000000    0 48.14815  0.00000 0.000000 28.888889  0.00000   0.00000  0.000000
[23,]  0.000000    0  0.00000  0.00000 0.000000  0.000000 31.48148   0.00000  0.000000
[24,]  0.000000    0  0.00000  0.00000 0.000000 22.222222  0.00000 244.44444 25.925926
[25,]  0.000000    0  0.00000  0.00000 0.000000 15.555556  0.00000   0.00000 25.925926
[26,]  0.000000    0  0.00000  0.00000 0.000000 17.777778 61.11111   0.00000  0.000000
[27,]  7.407407    0 38.88889  0.00000 3.703704  0.000000  0.00000 125.92593  0.000000
[28,]  0.000000    0  0.00000  0.00000 0.000000  0.000000 62.96296   0.00000  0.000000
[29,]  0.000000    0  0.00000  0.00000 0.000000  0.000000  0.00000 125.92593  0.000000
[30,]  0.000000    0  0.00000  0.00000 3.703704  0.000000  0.00000   0.00000  0.000000
[31,]  0.000000    0  0.00000 53.70370 0.000000 17.777778  0.00000   0.00000 11.111111
[32,] 11.111111    0 20.37037  0.00000 1.851852  0.000000 90.74074 125.92593  0.000000
[33,]  7.407407    0 48.14815  0.00000 0.000000  0.000000 87.03704   0.00000  0.000000
[34,]  7.407407    0  0.00000  0.00000 0.000000  0.000000 50.00000 185.18519  0.000000
[35,]  0.000000    0 42.59259 22.22222 3.703704  0.000000  0.00000   0.00000  0.000000
[36,]  0.000000    0 55.55556  0.00000 0.000000 26.666667  0.00000   0.00000  0.000000
[37,]  0.000000    0  0.00000 16.66667 1.851852  0.000000  0.00000   0.00000  0.000000
[38,]  3.703704    0  0.00000 35.18519 0.000000  0.000000 87.03704   0.00000  0.000000
[39,]  0.000000    0  0.00000  0.00000 0.000000  0.000000 37.03704 185.18519  0.000000
[40,]  0.000000    0  0.00000  0.00000 0.000000 35.555556  0.00000   0.00000 25.925926
[41,]  3.703704    0  0.00000 31.48148 0.000000 24.444444 57.40741 125.92593  3.703704
[42,]  0.000000    0 29.62963 25.92593 0.000000  0.000000 94.44444  66.66667 11.111111
[43,] 11.111111    0  0.00000 27.77778 0.000000  0.000000  0.00000   0.00000 22.222222
[44,]  0.000000    0 18.51852 22.22222 0.000000  8.888889  0.00000   0.00000  0.000000
[45,]  0.000000    0  0.00000  0.00000 0.000000  0.000000  0.00000   0.00000  0.000000
[46,]  0.000000    0 25.92593  0.00000 0.000000  0.000000 50.00000   0.00000  0.000000
[47,]  0.000000    0 29.62963  0.00000 0.000000  0.000000  0.00000   0.00000 22.222222
[48,]  0.000000    0  0.00000 40.74074 0.000000 17.777778 51.85185  66.66667 40.740741
[49,]  0.000000    0 44.44444  0.00000 0.000000 17.777778  0.00000   0.00000  0.000000
[50,]  3.703704    0  0.00000  0.00000 5.555556 22.222222  0.00000 185.18519  0.000000

