$totdays
[1] 365

$Psampest
[1] 0.1963369

$Pbootest
     Mean      2.5%       50%     97.5% 
0.6682838 0.0000000 0.7548712 1.3438819 

$Pboots
 [1] 0.7548712 0.9512081 0.9512081 0.0000000 0.7548712 0.9512081 0.0000000 0.0000000
 [9] 0.0000000 0.1963369 0.9512081 0.1963369 0.5890107 0.3926738 0.9512081 0.1963369
[17] 0.7548712 0.7548712 0.3926738 0.9512081 0.9512081 0.1963369 0.0000000 1.3438819
[25] 1.3438819 0.1963369 0.7548712 0.0000000 0.9512081 0.1963369 0.1963369 0.9512081
[33] 0.9512081 1.1475450 1.1475450 1.1475450 0.7548712 0.9512081 0.7548712 1.3438819
[41] 0.9512081 1.1475450 0.3926738 0.9512081 0.9512081 0.7548712 0.9512081 0.1963369
[49] 1.1475450 0.0000000

$Bboots
 [1] 0.13085918 0.17447891 0.17447891 0.00000000 0.13085918 0.17447891 0.00000000
 [8] 0.00000000 0.00000000 0.04361973 0.17447891 0.04361973 0.13085918 0.08723945
[15] 0.17447891 0.04361973 0.13085918 0.13085918 0.08723945 0.17447891 0.17447891
[22] 0.04361973 0.00000000 0.26171836 0.26171836 0.04361973 0.13085918 0.00000000
[29] 0.17447891 0.04361973 0.04361973 0.17447891 0.17447891 0.21809864 0.21809864
[36] 0.21809864 0.13085918 0.17447891 0.13085918 0.26171836 0.17447891 0.21809864
[43] 0.08723945 0.17447891 0.17447891 0.13085918 0.17447891 0.04361973 0.21809864
[50] 0.00000000

$Nboots
 [1] 0.6944444 0.9259259 0.9259259 0.0000000 0.6944444 0.9259259 0.0000000 0.0000000
 [9] 0.0000000 0.2314815 0.9259259 0.2314815 0.6944444 0.4629630 0.9259259 0.2314815
[17] 0.6944444 0.6944444 0.4629630 0.9259259 0.9259259 0.2314815 0.0000000 1.3888889
[25] 1.3888889 0.2314815 0.6944444 0.0000000 0.9259259 0.2314815 0.2314815 0.9259259
[33] 0.9259259 1.1574074 1.1574074 1.1574074 0.6944444 0.9259259 0.6944444 1.3888889
[41] 0.9259259 1.1574074 0.4629630 0.9259259 0.9259259 0.6944444 0.9259259 0.2314815
[49] 1.1574074 0.0000000

$julians
[1] 2040 2085 2122 2143 2192 2232 2278 2283 2362

$intdays
[1] 45 37 21 49 40 46  5 79 43

$Pintsampest
[1] 0.08514275 0.07052503 0.00000000 0.00000000 0.00000000 0.00000000 0.00000000
[8] 0.00000000 0.04066911

$Pintboots
            [,1]       [,2] [,3] [,4] [,5] [,6] [,7] [,8]       [,9]
 [1,] 0.51085650 0.00000000    0    0    0    0    0    0 0.24401469
 [2,] 0.59599925 0.07052503    0    0    0    0    0    0 0.28468380
 [3,] 0.59599925 0.07052503    0    0    0    0    0    0 0.28468380
 [4,] 0.00000000 0.00000000    0    0    0    0    0    0 0.00000000
 [5,] 0.51085650 0.00000000    0    0    0    0    0    0 0.24401469
 [6,] 0.59599925 0.07052503    0    0    0    0    0    0 0.28468380
 [7,] 0.00000000 0.00000000    0    0    0    0    0    0 0.00000000
 [8,] 0.00000000 0.00000000    0    0    0    0    0    0 0.00000000
 [9,] 0.00000000 0.00000000    0    0    0    0    0    0 0.00000000
[10,] 0.08514275 0.07052503    0    0    0    0    0    0 0.04066911
[11,] 0.59599925 0.07052503    0    0    0    0    0    0 0.28468380
[12,] 0.08514275 0.07052503    0    0    0    0    0    0 0.04066911
[13,] 0.25542825 0.21157510    0    0    0    0    0    0 0.12200734
[14,] 0.17028550 0.14105007    0    0    0    0    0    0 0.08133823
[15,] 0.59599925 0.07052503    0    0    0    0    0    0 0.28468380
[16,] 0.08514275 0.07052503    0    0    0    0    0    0 0.04066911
[17,] 0.51085650 0.00000000    0    0    0    0    0    0 0.24401469
[18,] 0.51085650 0.00000000    0    0    0    0    0    0 0.24401469
[19,] 0.17028550 0.14105007    0    0    0    0    0    0 0.08133823
[20,] 0.59599925 0.07052503    0    0    0    0    0    0 0.28468380
[21,] 0.59599925 0.07052503    0    0    0    0    0    0 0.28468380
[22,] 0.08514275 0.07052503    0    0    0    0    0    0 0.04066911
[23,] 0.00000000 0.00000000    0    0    0    0    0    0 0.00000000
[24,] 0.76628475 0.21157510    0    0    0    0    0    0 0.36602203
[25,] 0.76628475 0.21157510    0    0    0    0    0    0 0.36602203
[26,] 0.08514275 0.07052503    0    0    0    0    0    0 0.04066911
[27,] 0.51085650 0.00000000    0    0    0    0    0    0 0.24401469
[28,] 0.00000000 0.00000000    0    0    0    0    0    0 0.00000000
[29,] 0.59599925 0.07052503    0    0    0    0    0    0 0.28468380
[30,] 0.08514275 0.07052503    0    0    0    0    0    0 0.04066911
[31,] 0.08514275 0.07052503    0    0    0    0    0    0 0.04066911
[32,] 0.59599925 0.07052503    0    0    0    0    0    0 0.28468380
[33,] 0.59599925 0.07052503    0    0    0    0    0    0 0.28468380
[34,] 0.68114200 0.14105007    0    0    0    0    0    0 0.32535291
[35,] 0.68114200 0.14105007    0    0    0    0    0    0 0.32535291
[36,] 0.68114200 0.14105007    0    0    0    0    0    0 0.32535291
[37,] 0.51085650 0.00000000    0    0    0    0    0    0 0.24401469
[38,] 0.59599925 0.07052503    0    0    0    0    0    0 0.28468380
[39,] 0.51085650 0.00000000    0    0    0    0    0    0 0.24401469
[40,] 0.76628475 0.21157510    0    0    0    0    0    0 0.36602203
[41,] 0.59599925 0.07052503    0    0    0    0    0    0 0.28468380
[42,] 0.68114200 0.14105007    0    0    0    0    0    0 0.32535291
[43,] 0.17028550 0.14105007    0    0    0    0    0    0 0.08133823
[44,] 0.59599925 0.07052503    0    0    0    0    0    0 0.28468380
[45,] 0.59599925 0.07052503    0    0    0    0    0    0 0.28468380
[46,] 0.51085650 0.00000000    0    0    0    0    0    0 0.24401469
[47,] 0.59599925 0.07052503    0    0    0    0    0    0 0.28468380
[48,] 0.08514275 0.07052503    0    0    0    0    0    0 0.04066911
[49,] 0.68114200 0.14105007    0    0    0    0    0    0 0.32535291
[50,] 0.00000000 0.00000000    0    0    0    0    0    0 0.00000000

$Bdatesampinfo
      DATE JULIAN N      Mean     Stdev
1 08/02/11   2040 1 0.0000000        NA
2 09/16/11   2085 6 0.3489578 0.8547686
3 10/23/11   2122 5 0.0000000 0.0000000
4 11/13/11   2143 5 0.0000000 0.0000000
5 01/01/12   2192 5 0.0000000 0.0000000
6 02/10/12   2232 4 0.0000000 0.0000000
7 03/27/12   2278 5 0.0000000 0.0000000
8 04/01/12   2283 2 0.0000000 0.0000000
9 06/19/12   2362 5 0.0000000 0.0000000

$Ndatesampinfo
      DATE JULIAN N     Mean    Stdev
1 08/02/11   2040 1 0.000000       NA
2 09/16/11   2085 6 1.851852 4.536092
3 10/23/11   2122 5 0.000000 0.000000
4 11/13/11   2143 5 0.000000 0.000000
5 01/01/12   2192 5 0.000000 0.000000
6 02/10/12   2232 4 0.000000 0.000000
7 03/27/12   2278 5 0.000000 0.000000
8 04/01/12   2283 2 0.000000 0.000000
9 06/19/12   2362 5 0.000000 0.000000

$Bdateboots
          [,1]      [,2] [,3] [,4] [,5] [,6] [,7] [,8] [,9]
 [1,] 2.093747 0.0000000    0    0    0    0    0    0    0
 [2,] 2.093747 0.3489578    0    0    0    0    0    0    0
 [3,] 2.093747 0.3489578    0    0    0    0    0    0    0
 [4,] 0.000000 0.0000000    0    0    0    0    0    0    0
 [5,] 2.093747 0.0000000    0    0    0    0    0    0    0
 [6,] 2.093747 0.3489578    0    0    0    0    0    0    0
 [7,] 0.000000 0.0000000    0    0    0    0    0    0    0
 [8,] 0.000000 0.0000000    0    0    0    0    0    0    0
 [9,] 0.000000 0.0000000    0    0    0    0    0    0    0
[10,] 0.000000 0.3489578    0    0    0    0    0    0    0
[11,] 2.093747 0.3489578    0    0    0    0    0    0    0
[12,] 0.000000 0.3489578    0    0    0    0    0    0    0
[13,] 0.000000 1.0468734    0    0    0    0    0    0    0
[14,] 0.000000 0.6979156    0    0    0    0    0    0    0
[15,] 2.093747 0.3489578    0    0    0    0    0    0    0
[16,] 0.000000 0.3489578    0    0    0    0    0    0    0
[17,] 2.093747 0.0000000    0    0    0    0    0    0    0
[18,] 2.093747 0.0000000    0    0    0    0    0    0    0
[19,] 0.000000 0.6979156    0    0    0    0    0    0    0
[20,] 2.093747 0.3489578    0    0    0    0    0    0    0
[21,] 2.093747 0.3489578    0    0    0    0    0    0    0
[22,] 0.000000 0.3489578    0    0    0    0    0    0    0
[23,] 0.000000 0.0000000    0    0    0    0    0    0    0
[24,] 2.093747 1.0468734    0    0    0    0    0    0    0
[25,] 2.093747 1.0468734    0    0    0    0    0    0    0
[26,] 0.000000 0.3489578    0    0    0    0    0    0    0
[27,] 2.093747 0.0000000    0    0    0    0    0    0    0
[28,] 0.000000 0.0000000    0    0    0    0    0    0    0
[29,] 2.093747 0.3489578    0    0    0    0    0    0    0
[30,] 0.000000 0.3489578    0    0    0    0    0    0    0
[31,] 0.000000 0.3489578    0    0    0    0    0    0    0
[32,] 2.093747 0.3489578    0    0    0    0    0    0    0
[33,] 2.093747 0.3489578    0    0    0    0    0    0    0
[34,] 2.093747 0.6979156    0    0    0    0    0    0    0
[35,] 2.093747 0.6979156    0    0    0    0    0    0    0
[36,] 2.093747 0.6979156    0    0    0    0    0    0    0
[37,] 2.093747 0.0000000    0    0    0    0    0    0    0
[38,] 2.093747 0.3489578    0    0    0    0    0    0    0
[39,] 2.093747 0.0000000    0    0    0    0    0    0    0
[40,] 2.093747 1.0468734    0    0    0    0    0    0    0
[41,] 2.093747 0.3489578    0    0    0    0    0    0    0
[42,] 2.093747 0.6979156    0    0    0    0    0    0    0
[43,] 0.000000 0.6979156    0    0    0    0    0    0    0
[44,] 2.093747 0.3489578    0    0    0    0    0    0    0
[45,] 2.093747 0.3489578    0    0    0    0    0    0    0
[46,] 2.093747 0.0000000    0    0    0    0    0    0    0
[47,] 2.093747 0.3489578    0    0    0    0    0    0    0
[48,] 0.000000 0.3489578    0    0    0    0    0    0    0
[49,] 2.093747 0.6979156    0    0    0    0    0    0    0
[50,] 0.000000 0.0000000    0    0    0    0    0    0    0

$Ndateboots
          [,1]     [,2] [,3] [,4] [,5] [,6] [,7] [,8] [,9]
 [1,] 11.11111 0.000000    0    0    0    0    0    0    0
 [2,] 11.11111 1.851852    0    0    0    0    0    0    0
 [3,] 11.11111 1.851852    0    0    0    0    0    0    0
 [4,]  0.00000 0.000000    0    0    0    0    0    0    0
 [5,] 11.11111 0.000000    0    0    0    0    0    0    0
 [6,] 11.11111 1.851852    0    0    0    0    0    0    0
 [7,]  0.00000 0.000000    0    0    0    0    0    0    0
 [8,]  0.00000 0.000000    0    0    0    0    0    0    0
 [9,]  0.00000 0.000000    0    0    0    0    0    0    0
[10,]  0.00000 1.851852    0    0    0    0    0    0    0
[11,] 11.11111 1.851852    0    0    0    0    0    0    0
[12,]  0.00000 1.851852    0    0    0    0    0    0    0
[13,]  0.00000 5.555556    0    0    0    0    0    0    0
[14,]  0.00000 3.703704    0    0    0    0    0    0    0
[15,] 11.11111 1.851852    0    0    0    0    0    0    0
[16,]  0.00000 1.851852    0    0    0    0    0    0    0
[17,] 11.11111 0.000000    0    0    0    0    0    0    0
[18,] 11.11111 0.000000    0    0    0    0    0    0    0
[19,]  0.00000 3.703704    0    0    0    0    0    0    0
[20,] 11.11111 1.851852    0    0    0    0    0    0    0
[21,] 11.11111 1.851852    0    0    0    0    0    0    0
[22,]  0.00000 1.851852    0    0    0    0    0    0    0
[23,]  0.00000 0.000000    0    0    0    0    0    0    0
[24,] 11.11111 5.555556    0    0    0    0    0    0    0
[25,] 11.11111 5.555556    0    0    0    0    0    0    0
[26,]  0.00000 1.851852    0    0    0    0    0    0    0
[27,] 11.11111 0.000000    0    0    0    0    0    0    0
[28,]  0.00000 0.000000    0    0    0    0    0    0    0
[29,] 11.11111 1.851852    0    0    0    0    0    0    0
[30,]  0.00000 1.851852    0    0    0    0    0    0    0
[31,]  0.00000 1.851852    0    0    0    0    0    0    0
[32,] 11.11111 1.851852    0    0    0    0    0    0    0
[33,] 11.11111 1.851852    0    0    0    0    0    0    0
[34,] 11.11111 3.703704    0    0    0    0    0    0    0
[35,] 11.11111 3.703704    0    0    0    0    0    0    0
[36,] 11.11111 3.703704    0    0    0    0    0    0    0
[37,] 11.11111 0.000000    0    0    0    0    0    0    0
[38,] 11.11111 1.851852    0    0    0    0    0    0    0
[39,] 11.11111 0.000000    0    0    0    0    0    0    0
[40,] 11.11111 5.555556    0    0    0    0    0    0    0
[41,] 11.11111 1.851852    0    0    0    0    0    0    0
[42,] 11.11111 3.703704    0    0    0    0    0    0    0
[43,]  0.00000 3.703704    0    0    0    0    0    0    0
[44,] 11.11111 1.851852    0    0    0    0    0    0    0
[45,] 11.11111 1.851852    0    0    0    0    0    0    0
[46,] 11.11111 0.000000    0    0    0    0    0    0    0
[47,] 11.11111 1.851852    0    0    0    0    0    0    0
[48,]  0.00000 1.851852    0    0    0    0    0    0    0
[49,] 11.11111 3.703704    0    0    0    0    0    0    0
[50,]  0.00000 0.000000    0    0    0    0    0    0    0

