$totdays
[1] 365

$Psampest
[1] NA

$Pbootest
       Mean        2.5%         50%       97.5% 
0.008290989 0.000000000 0.000000000 0.057098127 

$Pboots
 [1] 0.0000000000 0.0000000000 0.0000000000 0.0000000000 0.0000000000 0.0259896333
 [7] 0.0082165088 0.0156652785 0.0000000000 0.0047145809 0.0000000000 0.0027576676
[13] 0.0000000000 0.0127130013 0.0485050533 0.0000000000 0.0203773831 0.0000000000
[19] 0.0003213475 0.0246495263 0.0000000000 0.0000000000 0.0158636843 0.0038825961
[25] 0.0000000000 0.0114253944 0.0000000000 0.0000000000 0.0000000000 0.0000000000
[31] 0.0000000000 0.0595928909 0.0000000000 0.0000000000 0.0000000000 0.0140430216
[37] 0.0000000000 0.0000000000 0.0000000000 0.0000000000 0.1200551304 0.0000000000
[43] 0.0199616105 0.0000000000 0.0058151412 0.0000000000 0.0000000000 0.0000000000
[49] 0.0000000000 0.0000000000

$Bboots
 [1] 0.000000000 0.000000000 0.000000000 0.000000000 0.000000000 0.006657422 0.001200694
 [8] 0.003962292 0.000000000 0.001457986 0.000000000 0.001500868 0.000000000 0.005223021
[15] 0.013027535 0.000000000 0.006560937 0.000000000 0.000750434 0.003602083 0.000000000
[22] 0.000000000 0.004262465 0.001200694 0.000000000 0.002926693 0.000000000 0.000000000
[29] 0.000000000 0.000000000 0.000000000 0.014408333 0.000000000 0.000000000 0.000000000
[36] 0.003301910 0.000000000 0.000000000 0.000000000 0.000000000 0.034494236 0.000000000
[43] 0.005373108 0.000000000 0.001470851 0.000000000 0.000000000 0.000000000 0.000000000
[50] 0.000000000

$Nboots
 [1]  0.0000000  0.0000000  0.0000000  0.0000000  0.0000000  4.6875000  0.9259259
 [8]  2.0833333  0.0000000  0.7275132  0.0000000  0.9259259  0.0000000  3.7500000
[15]  7.2685185  0.0000000  4.8611111  0.0000000  0.5787037  2.7777778  0.0000000
[22]  0.0000000  2.0370370  0.6283069  0.0000000  1.2648810  0.0000000  0.0000000
[29]  0.0000000  0.0000000  0.0000000  9.9867725  0.0000000  0.0000000  0.0000000
[36]  1.3888889  0.0000000  0.0000000  0.0000000  0.0000000 22.6851852  0.0000000
[43]  2.9166667  0.0000000  0.8564815  0.0000000  0.0000000  0.0000000  0.0000000
[50]  0.0000000

$julians
[1] 2040 2085 2122 2143 2192 2232 2278 2283 2362

$intdays
[1] 45 37 21 49 40 46  5 79 43

$Pintsampest
[1] NA NA NA NA NA NA NA NA NA

$Pintboots
            [,1]        [,2]        [,3]        [,4]        [,5]        [,6]
 [1,]         NA          NA          NA          NA          NA          NA
 [2,]         NA          NA          NA          NA          NA          NA
 [3,]         NA          NA          NA          NA          NA          NA
 [4,]         NA          NA          NA          NA          NA          NA
 [5,]         NA          NA          NA          NA          NA          NA
 [6,] 0.02598963          NA          NA          NA          NA          NA
 [7,]         NA          NA          NA          NA          NA          NA
 [8,]         NA          NA          NA          NA          NA 0.015665278
 [9,]         NA          NA          NA          NA          NA          NA
[10,]         NA 0.004714581          NA          NA          NA          NA
[11,]         NA          NA          NA          NA          NA          NA
[12,]         NA          NA 0.002757668          NA          NA          NA
[13,]         NA          NA          NA          NA          NA          NA
[14,]         NA          NA          NA          NA          NA 0.011748959
[15,]         NA          NA          NA          NA 0.019785376 0.028719677
[16,]         NA          NA          NA          NA          NA          NA
[17,]         NA 0.019274316 0.001103067          NA          NA          NA
[18,]         NA          NA          NA          NA          NA          NA
[19,]         NA          NA          NA          NA          NA          NA
[20,]         NA          NA          NA          NA          NA          NA
[21,]         NA          NA          NA          NA          NA          NA
[22,]         NA          NA          NA          NA          NA          NA
[23,]         NA          NA          NA 0.006383192 0.009480493          NA
[24,]         NA 0.003882596          NA          NA          NA          NA
[25,]         NA          NA          NA          NA          NA          NA
[26,] 0.01142539          NA          NA          NA          NA          NA
[27,]         NA          NA          NA          NA          NA          NA
[28,]         NA          NA          NA          NA          NA          NA
[29,]         NA          NA          NA          NA          NA          NA
[30,]         NA          NA          NA          NA          NA          NA
[31,]         NA          NA          NA          NA          NA          NA
[32,]         NA 0.034943364          NA          NA          NA          NA
[33,]         NA          NA          NA          NA          NA          NA
[34,]         NA          NA          NA          NA          NA          NA
[35,]         NA          NA          NA          NA          NA          NA
[36,]         NA          NA          NA 0.014043022          NA          NA
[37,]         NA          NA          NA          NA          NA          NA
[38,]         NA          NA          NA          NA          NA          NA
[39,]         NA          NA          NA          NA          NA          NA
[40,]         NA          NA          NA          NA          NA          NA
[41,] 0.05022151 0.037716647 0.004963802 0.011489745 0.015663423          NA
[42,]         NA          NA          NA          NA          NA          NA
[43,]         NA          NA          NA          NA 0.008450004 0.011511606
[44,]         NA          NA          NA          NA          NA          NA
[45,]         NA          NA          NA          NA          NA 0.005815141
[46,]         NA          NA          NA          NA          NA          NA
[47,]         NA          NA          NA          NA          NA          NA
[48,]         NA          NA          NA          NA          NA          NA
[49,]         NA          NA          NA          NA          NA          NA
[50,]         NA          NA          NA          NA          NA          NA
              [,7]        [,8] [,9]
 [1,]           NA          NA   NA
 [2,]           NA          NA   NA
 [3,]           NA          NA   NA
 [4,]           NA          NA   NA
 [5,]           NA          NA   NA
 [6,]           NA          NA   NA
 [7,]           NA 0.008216509   NA
 [8,]           NA          NA   NA
 [9,]           NA          NA   NA
[10,]           NA          NA   NA
[11,]           NA          NA   NA
[12,]           NA          NA   NA
[13,]           NA          NA   NA
[14,] 0.0009640425          NA   NA
[15,]           NA          NA   NA
[16,]           NA          NA   NA
[17,]           NA          NA   NA
[18,]           NA          NA   NA
[19,] 0.0003213475          NA   NA
[20,]           NA 0.024649526   NA
[21,]           NA          NA   NA
[22,]           NA          NA   NA
[23,]           NA          NA   NA
[24,]           NA          NA   NA
[25,]           NA          NA   NA
[26,]           NA          NA   NA
[27,]           NA          NA   NA
[28,]           NA          NA   NA
[29,]           NA          NA   NA
[30,]           NA          NA   NA
[31,]           NA          NA   NA
[32,]           NA 0.024649526   NA
[33,]           NA          NA   NA
[34,]           NA          NA   NA
[35,]           NA          NA   NA
[36,]           NA          NA   NA
[37,]           NA          NA   NA
[38,]           NA          NA   NA
[39,]           NA          NA   NA
[40,]           NA          NA   NA
[41,]           NA          NA   NA
[42,]           NA          NA   NA
[43,]           NA          NA   NA
[44,]           NA          NA   NA
[45,]           NA          NA   NA
[46,]           NA          NA   NA
[47,]           NA          NA   NA
[48,]           NA          NA   NA
[49,]           NA          NA   NA
[50,]           NA          NA   NA

$Bdatesampinfo
      DATE JULIAN N Mean Stdev
1 08/02/11   2040 4   NA    NA
2 09/16/11   2085 7   NA    NA
3 10/23/11   2122 6   NA    NA
4 11/13/11   2143 6   NA    NA
5 01/01/12   2192 6   NA    NA
6 02/10/12   2232 5   NA    NA
7 03/27/12   2278 6   NA    NA
8 04/01/12   2283 3   NA    NA
9 06/19/12   2362 6   NA    NA

$Ndatesampinfo
      DATE JULIAN N Mean Stdev
1 08/02/11   2040 4   NA    NA
2 09/16/11   2085 7   NA    NA
3 10/23/11   2122 6   NA    NA
4 11/13/11   2143 6   NA    NA
5 01/01/12   2192 6   NA    NA
6 02/10/12   2232 5   NA    NA
7 03/27/12   2278 6   NA    NA
8 04/01/12   2283 3   NA    NA
9 06/19/12   2362 6   NA    NA

$Bdateboots
             [,1]       [,2]        [,3]        [,4]        [,5]       [,6]       [,7]
 [1,] 0.000000000 0.00000000 0.000000000 0.000000000 0.000000000 0.05763333 0.00000000
 [2,] 0.021612500 0.00000000 0.000000000 0.000000000 0.000000000 0.00000000 0.00000000
 [3,] 0.018010417 0.00000000 0.004802778 0.000000000 0.000000000 0.00000000 0.01200694
 [4,] 0.003602083 0.00000000 0.000000000 0.000000000 0.000000000 0.06339667 0.00000000
 [5,] 0.000000000 0.01852500 0.000000000 0.014408333 0.000000000 0.00000000 0.00000000
 [6,] 0.018010417 0.08850833 0.000000000 0.000000000 0.000000000 0.00000000 0.00000000
 [7,] 0.043225000 0.00000000 0.000000000 0.019211111 0.000000000 0.00000000 0.00000000
 [8,] 0.025214583 0.00000000 0.000000000 0.000000000 0.000000000 0.06339667 0.00000000
 [9,] 0.000000000 0.00000000 0.000000000 0.009605556 0.000000000 0.00000000 0.00000000
[10,] 0.000000000 0.01852500 0.004802778 0.000000000 0.000000000 0.00000000 0.01200694
[11,] 0.000000000 0.00000000 0.004802778 0.000000000 0.000000000 0.02881667 0.00000000
[12,] 0.000000000 0.00000000 0.004802778 0.019211111 0.000000000 0.09221333 0.00000000
[13,] 0.000000000 0.00000000 0.004802778 0.000000000 0.000000000 0.00000000 0.00000000
[14,] 0.000000000 0.00000000 0.000000000 0.024013889 0.000000000 0.01152667 0.03602083
[15,] 0.043225000 0.00000000 0.000000000 0.000000000 0.000000000 0.09221333 0.02401389
[16,] 0.000000000 0.00000000 0.000000000 0.000000000 0.000000000 0.00000000 0.00000000
[17,] 0.000000000 0.09056667 0.004802778 0.004802778 0.000000000 0.00000000 0.00000000
[18,] 0.000000000 0.09056667 0.000000000 0.000000000 0.009605556 0.00000000 0.00000000
[19,] 0.000000000 0.02058333 0.000000000 0.009605556 0.000000000 0.00000000 0.01200694
[20,] 0.000000000 0.00000000 0.000000000 0.000000000 0.000000000 0.00000000 0.00000000
[21,] 0.000000000 0.00000000 0.000000000 0.000000000 0.000000000 0.00000000 0.00000000
[22,] 0.000000000 0.00000000 0.000000000 0.000000000 0.000000000 0.00000000 0.00000000
[23,] 0.000000000 0.00000000 0.000000000 0.014408333 0.009605556 0.03458000 0.00000000
[24,] 0.000000000 0.01440833 0.004802778 0.000000000 0.004802778 0.00000000 0.00000000
[25,] 0.032418750 0.00000000 0.000000000 0.014408333 0.000000000 0.00000000 0.00000000
[26,] 0.032418750 0.01440833 0.000000000 0.000000000 0.000000000 0.00000000 0.00000000
[27,] 0.021612500 0.00000000 0.000000000 0.000000000 0.000000000 0.00000000 0.00000000
[28,] 0.021612500 0.00000000 0.000000000 0.000000000 0.000000000 0.01152667 0.00000000
[29,] 0.000000000 0.00000000 0.004802778 0.000000000 0.009605556 0.00000000 0.01200694
[30,] 0.000000000 0.00000000 0.000000000 0.000000000 0.000000000 0.00000000 0.00000000
[31,] 0.000000000 0.09262500 0.000000000 0.000000000 0.000000000 0.00000000 0.00000000
[32,] 0.000000000 0.17290000 0.000000000 0.000000000 0.004802778 0.00000000 0.00000000
[33,] 0.000000000 0.00000000 0.000000000 0.019211111 0.000000000 0.00000000 0.00000000
[34,] 0.021612500 0.00000000 0.000000000 0.000000000 0.000000000 0.00000000 0.03602083
[35,] 0.032418750 0.00000000 0.000000000 0.000000000 0.000000000 0.00000000 0.00000000
[36,] 0.000000000 0.00000000 0.000000000 0.033619444 0.019211111 0.00000000 0.03602083
[37,] 0.000000000 0.00000000 0.000000000 0.000000000 0.000000000 0.00000000 0.00000000
[38,] 0.000000000 0.00000000 0.000000000 0.000000000 0.000000000 0.00000000 0.01200694
[39,] 0.000000000 0.08645000 0.000000000 0.014408333 0.000000000 0.00000000 0.00000000
[40,] 0.000000000 0.00000000 0.009605556 0.000000000 0.000000000 0.04034333 0.00000000
[41,] 0.028816667 0.17701667 0.009605556 0.033619444 0.009605556 0.06339667 0.00000000
[42,] 0.000000000 0.00000000 0.009605556 0.000000000 0.004802778 0.00000000 0.00000000
[43,] 0.000000000 0.00000000 0.000000000 0.000000000 0.004802778 0.03458000 0.01200694
[44,] 0.000000000 0.16878333 0.000000000 0.000000000 0.000000000 0.00000000 0.00000000
[45,] 0.000000000 0.00000000 0.000000000 0.000000000 0.000000000 0.01152667 0.01200694
[46,] 0.018010417 0.00000000 0.000000000 0.000000000 0.000000000 0.05763333 0.00000000
[47,] 0.000000000 0.00000000 0.000000000 0.000000000 0.000000000 0.00000000 0.00000000
[48,] 0.000000000 0.00000000 0.000000000 0.000000000 0.000000000 0.01729000 0.00000000
[49,] 0.057633333 0.00000000 0.000000000 0.000000000 0.000000000 0.00000000 0.00000000
[50,] 0.000000000 0.00617500 0.000000000 0.000000000 0.000000000 0.00000000 0.00000000
      [,8]       [,9]
 [1,]    0 0.00000000
 [2,]    0 0.00000000
 [3,]    0 0.00000000
 [4,]    0 0.03842222
 [5,]    0 0.05763333
 [6,]    0 0.00000000
 [7,]    0 0.01921111
 [8,]    0 0.00000000
 [9,]    0 0.00000000
[10,]    0 0.00000000
[11,]    0 0.05763333
[12,]    0 0.00000000
[13,]    0 0.00000000
[14,]    0 0.00000000
[15,]    0 0.00000000
[16,]    0 0.00000000
[17,]    0 0.00000000
[18,]    0 0.00000000
[19,]    0 0.00000000
[20,]    0 0.05763333
[21,]    0 0.00000000
[22,]    0 0.00000000
[23,]    0 0.00000000
[24,]    0 0.03842222
[25,]    0 0.00000000
[26,]    0 0.00000000
[27,]    0 0.03842222
[28,]    0 0.03842222
[29,]    0 0.05763333
[30,]    0 0.01921111
[31,]    0 0.00000000
[32,]    0 0.05763333
[33,]    0 0.00000000
[34,]    0 0.01921111
[35,]    0 0.00000000
[36,]    0 0.00000000
[37,]    0 0.00000000
[38,]    0 0.00000000
[39,]    0 0.00000000
[40,]    0 0.00000000
[41,]    0 0.00000000
[42,]    0 0.00000000
[43,]    0 0.00000000
[44,]    0 0.00000000
[45,]    0 0.00000000
[46,]    0 0.00000000
[47,]    0 0.00000000
[48,]    0 0.00000000
[49,]    0 0.01921111
[50,]    0 0.00000000

$Ndateboots
           [,1]       [,2]     [,3]      [,4]     [,5]      [,6]      [,7] [,8]
 [1,]  0.000000   0.000000 0.000000  0.000000 0.000000 31.111111  0.000000    0
 [2,] 11.111111   0.000000 0.000000  0.000000 0.000000  0.000000  0.000000    0
 [3,]  8.333333   0.000000 3.703704  0.000000 0.000000  0.000000  9.259259    0
 [4,]  2.777778   0.000000 0.000000  0.000000 0.000000 33.333333  0.000000    0
 [5,]  0.000000   7.936508 0.000000  7.407407 0.000000  0.000000  0.000000    0
 [6,]  8.333333  66.666667 0.000000  0.000000 0.000000  0.000000  0.000000    0
 [7,] 16.666667   0.000000 0.000000  7.407407 0.000000  0.000000  0.000000    0
 [8,] 13.888889   0.000000 0.000000  0.000000 0.000000 33.333333  0.000000    0
 [9,]  0.000000   0.000000 0.000000  3.703704 0.000000  0.000000  0.000000    0
[10,]  0.000000   7.936508 3.703704  0.000000 0.000000  0.000000  9.259259    0
[11,]  0.000000   0.000000 3.703704  0.000000 0.000000 15.555556  0.000000    0
[12,]  0.000000   0.000000 3.703704 11.111111 0.000000 48.888889  0.000000    0
[13,]  0.000000   0.000000 3.703704  0.000000 0.000000  0.000000  0.000000    0
[14,]  0.000000   0.000000 0.000000 11.111111 0.000000  4.444444 27.777778    0
[15,] 16.666667   0.000000 0.000000  0.000000 0.000000 48.888889 18.518519    0
[16,]  0.000000   0.000000 0.000000  0.000000 0.000000  0.000000  0.000000    0
[17,]  0.000000  66.666667 3.703704  3.703704 0.000000  0.000000  0.000000    0
[18,]  0.000000  66.666667 0.000000  0.000000 3.703704  0.000000  0.000000    0
[19,]  0.000000   9.523810 0.000000  3.703704 0.000000  0.000000  9.259259    0
[20,]  0.000000   0.000000 0.000000  0.000000 0.000000  0.000000  0.000000    0
[21,]  0.000000   0.000000 0.000000  0.000000 0.000000  0.000000  0.000000    0
[22,]  0.000000   0.000000 0.000000  0.000000 0.000000  0.000000  0.000000    0
[23,]  0.000000   0.000000 0.000000  7.407407 3.703704 17.777778  0.000000    0
[24,]  0.000000   6.349206 3.703704  0.000000 1.851852  0.000000  0.000000    0
[25,] 13.888889   0.000000 0.000000 11.111111 0.000000  0.000000  0.000000    0
[26,] 13.888889   6.349206 0.000000  0.000000 0.000000  0.000000  0.000000    0
[27,] 11.111111   0.000000 0.000000  0.000000 0.000000  0.000000  0.000000    0
[28,] 11.111111   0.000000 0.000000  0.000000 0.000000  4.444444  0.000000    0
[29,]  0.000000   0.000000 3.703704  0.000000 3.703704  0.000000  9.259259    0
[30,]  0.000000   0.000000 0.000000  0.000000 0.000000  0.000000  0.000000    0
[31,]  0.000000  68.253968 0.000000  0.000000 0.000000  0.000000  0.000000    0
[32,]  0.000000 130.158730 0.000000  0.000000 1.851852  0.000000  0.000000    0
[33,]  0.000000   0.000000 0.000000  7.407407 0.000000  0.000000  0.000000    0
[34,] 11.111111   0.000000 0.000000  0.000000 0.000000  0.000000 27.777778    0
[35,] 13.888889   0.000000 0.000000  0.000000 0.000000  0.000000  0.000000    0
[36,]  0.000000   0.000000 0.000000 14.814815 7.407407  0.000000 27.777778    0
[37,]  0.000000   0.000000 0.000000  0.000000 0.000000  0.000000  0.000000    0
[38,]  0.000000   0.000000 0.000000  0.000000 0.000000  0.000000  9.259259    0
[39,]  0.000000  65.079365 0.000000  7.407407 0.000000  0.000000  0.000000    0
[40,]  0.000000   0.000000 7.407407  0.000000 0.000000 20.000000  0.000000    0
[41,] 11.111111 133.333333 7.407407 14.814815 3.703704 33.333333  0.000000    0
[42,]  0.000000   0.000000 7.407407  0.000000 1.851852  0.000000  0.000000    0
[43,]  0.000000   0.000000 0.000000  0.000000 1.851852 17.777778  9.259259    0
[44,]  0.000000 128.571429 0.000000  0.000000 0.000000  0.000000  0.000000    0
[45,]  0.000000   0.000000 0.000000  0.000000 0.000000  4.444444  9.259259    0
[46,]  8.333333   0.000000 0.000000  0.000000 0.000000 31.111111  0.000000    0
[47,]  0.000000   0.000000 0.000000  0.000000 0.000000  0.000000  0.000000    0
[48,]  0.000000   0.000000 0.000000  0.000000 0.000000  6.666667  0.000000    0
[49,] 22.222222   0.000000 0.000000  0.000000 0.000000  0.000000  0.000000    0
[50,]  0.000000   3.174603 0.000000  0.000000 0.000000  0.000000  0.000000    0
          [,9]
 [1,]  0.00000
 [2,]  0.00000
 [3,]  0.00000
 [4,] 29.62963
 [5,] 29.62963
 [6,]  0.00000
 [7,] 14.81481
 [8,]  0.00000
 [9,]  0.00000
[10,]  0.00000
[11,] 29.62963
[12,]  0.00000
[13,]  0.00000
[14,]  0.00000
[15,]  0.00000
[16,]  0.00000
[17,]  0.00000
[18,]  0.00000
[19,]  0.00000
[20,] 44.44444
[21,]  0.00000
[22,]  0.00000
[23,]  0.00000
[24,] 22.22222
[25,]  0.00000
[26,]  0.00000
[27,] 22.22222
[28,] 22.22222
[29,] 44.44444
[30,] 14.81481
[31,]  0.00000
[32,] 29.62963
[33,]  0.00000
[34,] 14.81481
[35,]  0.00000
[36,]  0.00000
[37,]  0.00000
[38,]  0.00000
[39,]  0.00000
[40,]  0.00000
[41,]  0.00000
[42,]  0.00000
[43,]  0.00000
[44,]  0.00000
[45,]  0.00000
[46,]  0.00000
[47,]  0.00000
[48,]  0.00000
[49,] 14.81481
[50,]  0.00000

