$totdays
[1] 365

$Psampest
[1] 0.01539837

$Pbootest
       Mean        2.5%         50%       97.5% 
0.024777468 0.001300464 0.023565592 0.062593808 

$Pboots
 [1] 0.0060301027 0.0625969720 0.0254465890 0.0431955820 0.0279326180 0.0155197069
 [7] 0.0130783195 0.0411794289 0.0253693976 0.0156997502 0.0155056465 0.0265231713
[13] 0.0158516726 0.0413895616 0.0184449825 0.0086981437 0.0625829116 0.0064247077
[19] 0.0154124261 0.0280539593 0.0235211961 0.0185663237 0.0249326114 0.0846208286
[25] 0.0263411594 0.0234464650 0.0156531400 0.0336472758 0.0033174202 0.0124430006
[31] 0.0032426892 0.0254325286 0.0003780843 0.0536690397 0.0007847810 0.0030767063
[37] 0.0140616814 0.0130035884 0.0185803842 0.0533194692 0.0249326114 0.0307525814
[43] 0.0598842895 0.0473199477 0.0236099875 0.0036348339 0.0033780909 0.0253252477
[49] 0.0249772530 0.0280845404

$Bboots
 [1] 0.0013256707 0.0116035786 0.0056447016 0.0096084314 0.0062045992 0.0034802053
 [7] 0.0028904225 0.0086168595 0.0056480222 0.0034868464 0.0034835259 0.0054122616
[13] 0.0035001287 0.0086699886 0.0041031938 0.0019453386 0.0116068991 0.0014186467
[19] 0.0034370379 0.0062444461 0.0047195411 0.0041430406 0.0055650079 0.0165223540
[25] 0.0053524913 0.0047029383 0.0034636024 0.0074871025 0.0007358879 0.0027708819
[31] 0.0007192851 0.0056480222 0.0001162200 0.0114109854 0.0001527463 0.0007093233
[37] 0.0026114945 0.0028738197 0.0041397201 0.0095553022 0.0055650079 0.0068375494
[43] 0.0110137958 0.0082030670 0.0047328234 0.0008321845 0.0007558113 0.0056048547
[49] 0.0055351228 0.0062178815

$Nboots
 [1]  1.851852 20.416667 12.175926 17.546296 11.666667  6.944444  7.037037 12.037037
 [9] 12.222222  7.037037  6.990741  8.935185  7.222222 12.777778  7.314815  2.175926
[17] 20.462963  3.148148  6.342593 12.222222  7.592593  7.870370 11.064815 30.787037
[25]  8.101852  7.361111  6.712963 12.916667  1.944444  5.370370  1.712963 12.222222
[33]  1.620370 17.731481  2.129630  1.574074  3.148148  6.805556  7.824074 16.805556
[41] 11.064815 12.175926 20.509259 14.583333  7.777778  3.287037  2.222222 11.620370
[49] 10.648148 11.851852

$julians
[1] 2040 2085 2122 2143 2192 2232 2278 2283 2362

$intdays
[1] 45 37 21 49 40 46  5 79 43

$Pintsampest
[1] 6.598669e-03 5.465778e-03 5.491042e-05 1.271015e-04 0.000000e+00 0.000000e+00
[7] 0.000000e+00 0.000000e+00 3.151907e-03

$Pintboots
              [,1]         [,2]         [,3]         [,4] [,5] [,6] [,7] [,8]
 [1,] 0.0026848382 2.062830e-03 0.000000e+00 0.000000e+00    0    0    0    0
 [2,] 0.0386222821 5.465778e-03 1.830347e-05 4.236717e-05    0    0    0    0
 [3,] 0.0110958365 8.868726e-03 5.491042e-05 1.271015e-04    0    0    0    0
 [4,] 0.0186966448 1.532565e-02 7.321389e-05 1.694687e-04    0    0    0    0
 [5,] 0.0121303834 9.886719e-03 3.660694e-05 8.473434e-05    0    0    0    0
 [6,] 0.0065986690 5.465778e-03 9.151736e-05 2.118358e-04    0    0    0    0
 [7,] 0.0057585677 4.447785e-03 3.660694e-05 8.473434e-05    0    0    0    0
 [8,] 0.0205064777 1.087787e-02 0.000000e+00 0.000000e+00    0    0    0    0
 [9,] 0.0109662061 8.922413e-03 7.321389e-05 1.694687e-04    0    0    0    0
[10,] 0.0068255222 5.492622e-03 3.660694e-05 8.473434e-05    0    0    0    0
[11,] 0.0065662614 5.438934e-03 1.098208e-04 2.542030e-04    0    0    0    0
[12,] 0.0139402164 5.438934e-03 1.464278e-04 3.389373e-04    0    0    0    0
[13,] 0.0069875602 5.465778e-03 1.830347e-05 4.236717e-05    0    0    0    0
[14,] 0.0205712930 1.093156e-02 1.830347e-05 4.236717e-05    0    0    0    0
[15,] 0.0079896995 6.456927e-03 5.491042e-05 1.271015e-04    0    0    0    0
[16,] 0.0037193851 3.080823e-03 3.660694e-05 8.473434e-05    0    0    0    0
[17,] 0.0385898745 5.438934e-03 3.660694e-05 8.473434e-05    0    0    0    0
[18,] 0.0028468762 2.035986e-03 5.491042e-05 1.271015e-04    0    0    0    0
[19,] 0.0066310766 5.492622e-03 3.660694e-05 8.473434e-05    0    0    0    0
[20,] 0.0121303834 9.886719e-03 7.321389e-05 1.694687e-04    0    0    0    0
[21,] 0.0127436315 4.447785e-03 7.321389e-05 1.694687e-04    0    0    0    0
[22,] 0.0079896995 6.456927e-03 9.151736e-05 2.118358e-04    0    0    0    0
[23,] 0.0107069453 8.868726e-03 7.321389e-05 1.694687e-04    0    0    0    0
[24,] 0.0480678273 1.328967e-02 9.151736e-05 2.118358e-04    0    0    0    0
[25,] 0.0139402164 5.438934e-03 9.151736e-05 2.118358e-04    0    0    0    0
[26,] 0.0127112239 4.420941e-03 7.321389e-05 1.694687e-04    0    0    0    0
[27,] 0.0068579298 5.519465e-03 0.000000e+00 0.000000e+00    0    0    0    0
[28,] 0.0145559608 1.189586e-02 7.321389e-05 1.694687e-04    0    0    0    0
[29,] 0.0014558457 1.044837e-03 3.660694e-05 8.473434e-05    0    0    0    0
[30,] 0.0053696765 4.447785e-03 1.830347e-05 4.236717e-05    0    0    0    0
[31,] 0.0014234381 1.017993e-03 3.660694e-05 8.473434e-05    0    0    0    0
[32,] 0.0110634289 8.841882e-03 7.321389e-05 1.694687e-04    0    0    0    0
[33,] 0.0000324076 2.684371e-05 9.151736e-05 2.118358e-04    0    0    0    0
[34,] 0.0258437466 1.529881e-02 5.491042e-05 1.271015e-04    0    0    0    0
[35,] 0.0004537064 5.368742e-05 1.830347e-05 4.236717e-05    0    0    0    0
[36,] 0.0012289925 1.017993e-03 7.321389e-05 1.694687e-04    0    0    0    0
[37,] 0.0086677627 1.071681e-03 5.491042e-05 1.271015e-04    0    0    0    0
[38,] 0.0057261601 4.420941e-03 3.660694e-05 8.473434e-05    0    0    0    0
[39,] 0.0080221071 6.483771e-03 7.321389e-05 1.694687e-04    0    0    0    0
[40,] 0.0345464133 2.089674e-03 5.491042e-05 1.271015e-04    0    0    0    0
[41,] 0.0107069453 8.868726e-03 7.321389e-05 1.694687e-04    0    0    0    0
[42,] 0.0133269683 1.087787e-02 5.491042e-05 1.271015e-04    0    0    0    0
[43,] 0.0373932896 4.447785e-03 5.491042e-05 1.271015e-04    0    0    0    0
[44,] 0.0320236131 0.000000e+00 0.000000e+00 0.000000e+00    0    0    0    0
[45,] 0.0128084467 4.501472e-03 5.491042e-05 1.271015e-04    0    0    0    0
[46,] 0.0014882533 1.071681e-03 1.098208e-04 2.542030e-04    0    0    0    0
[47,] 0.0014558457 1.044837e-03 5.491042e-05 1.271015e-04    0    0    0    0
[48,] 0.0110958365 8.868726e-03 1.830347e-05 4.236717e-05    0    0    0    0
[49,] 0.0109013909 8.868726e-03 0.000000e+00 0.000000e+00    0    0    0    0
[50,] 0.0122924214 9.859875e-03 1.830347e-05 4.236717e-05    0    0    0    0
              [,9]
 [1,] 1.282434e-03
 [2,] 1.844824e-02
 [3,] 5.300015e-03
 [4,] 8.930602e-03
 [5,] 5.794175e-03
 [6,] 3.151907e-03
 [7,] 2.750626e-03
 [8,] 9.795083e-03
 [9,] 5.238096e-03
[10,] 3.260265e-03
[11,] 3.136427e-03
[12,] 6.658656e-03
[13,] 3.337664e-03
[14,] 9.826042e-03
[15,] 3.816344e-03
[16,] 1.776594e-03
[17,] 1.843276e-02
[18,] 1.359833e-03
[19,] 3.167387e-03
[20,] 5.794175e-03
[21,] 6.087097e-03
[22,] 3.816344e-03
[23,] 5.114258e-03
[24,] 2.295998e-02
[25,] 6.658656e-03
[26,] 6.071618e-03
[27,] 3.275745e-03
[28,] 6.952771e-03
[29,] 6.953963e-04
[30,] 2.564869e-03
[31,] 6.799166e-04
[32,] 5.284535e-03
[33,] 1.547975e-05
[34,] 1.234447e-02
[35,] 2.167165e-04
[36,] 5.870381e-04
[37,] 4.140226e-03
[38,] 2.735146e-03
[39,] 3.831824e-03
[40,] 1.650137e-02
[41,] 5.114258e-03
[42,] 6.365733e-03
[43,] 1.786120e-02
[44,] 1.529633e-02
[45,] 6.118057e-03
[46,] 7.108761e-04
[47,] 6.953963e-04
[48,] 5.300015e-03
[49,] 5.207136e-03
[50,] 5.871573e-03

$Bdatesampinfo
      DATE JULIAN N         Mean        Stdev
1 08/02/11   2040 1 0.0000000000           NA
2 09/16/11   2085 6 0.0270447052 0.0524439514
3 10/23/11   2122 5 0.0000000000 0.0000000000
4 11/13/11   2143 5 0.0004781623 0.0007128022
5 01/01/12   2192 5 0.0000000000 0.0000000000
6 02/10/12   2232 4 0.0000000000 0.0000000000
7 03/27/12   2278 5 0.0000000000 0.0000000000
8 04/01/12   2283 2 0.0000000000 0.0000000000
9 06/19/12   2362 5 0.0000000000 0.0000000000

$Ndatesampinfo
      DATE JULIAN N      Mean    Stdev
1 08/02/11   2040 1  0.000000       NA
2 09/16/11   2085 6 44.444444 92.96223
3 10/23/11   2122 5  0.000000  0.00000
4 11/13/11   2143 5  6.666667  9.93808
5 01/01/12   2192 5  0.000000  0.00000
6 02/10/12   2232 4  0.000000  0.00000
7 03/27/12   2278 5  0.000000  0.00000
8 04/01/12   2283 2  0.000000  0.00000
9 06/19/12   2362 5  0.000000  0.00000

$Bdateboots
              [,1]         [,2] [,3]         [,4] [,5] [,6] [,7] [,8] [,9]
 [1,] 0.0007969371 0.0102068969    0 0.0000000000    0    0    0    0    0
 [2,] 0.1312490717 0.0270447052    0 0.0001593874    0    0    0    0    0
 [3,] 0.0015938743 0.0438825134    0 0.0004781623    0    0    0    0    0
 [4,] 0.0007969371 0.0758314328    0 0.0006375497    0    0    0    0    0
 [5,] 0.0007969371 0.0489195505    0 0.0003187749    0    0    0    0    0
 [6,] 0.0000000000 0.0270447052    0 0.0007969371    0    0    0    0    0
 [7,] 0.0015938743 0.0220076681    0 0.0003187749    0    0    0    0    0
 [8,] 0.0302222222 0.0538237646    0 0.0000000000    0    0    0    0    0
 [9,] 0.0007969371 0.0441481591    0 0.0006375497    0    0    0    0    0
[10,] 0.0007969371 0.0271775280    0 0.0003187749    0    0    0    0    0
[11,] 0.0000000000 0.0269118823    0 0.0009563246    0    0    0    0    0
[12,] 0.0302222222 0.0269118823    0 0.0012750994    0    0    0    0    0
[13,] 0.0015938743 0.0270447052    0 0.0001593874    0    0    0    0    0
[14,] 0.0302222222 0.0540894104    0 0.0001593874    0    0    0    0    0
[15,] 0.0007969371 0.0319489194    0 0.0004781623    0    0    0    0    0
[16,] 0.0000000000 0.0152439340    0 0.0003187749    0    0    0    0    0
[17,] 0.1312490717 0.0269118823    0 0.0003187749    0    0    0    0    0
[18,] 0.0015938743 0.0100740741    0 0.0004781623    0    0    0    0    0
[19,] 0.0000000000 0.0271775280    0 0.0003187749    0    0    0    0    0
[20,] 0.0007969371 0.0489195505    0 0.0006375497    0    0    0    0    0
[21,] 0.0302222222 0.0220076681    0 0.0006375497    0    0    0    0    0
[22,] 0.0007969371 0.0319489194    0 0.0007969371    0    0    0    0    0
[23,] 0.0000000000 0.0438825134    0 0.0006375497    0    0    0    0    0
[24,] 0.1312490717 0.0657573587    0 0.0007969371    0    0    0    0    0
[25,] 0.0302222222 0.0269118823    0 0.0007969371    0    0    0    0    0
[26,] 0.0302222222 0.0218748453    0 0.0006375497    0    0    0    0    0
[27,] 0.0007969371 0.0273103509    0 0.0000000000    0    0    0    0    0
[28,] 0.0007969371 0.0588608017    0 0.0006375497    0    0    0    0    0
[29,] 0.0007969371 0.0051698599    0 0.0003187749    0    0    0    0    0
[30,] 0.0000000000 0.0220076681    0 0.0001593874    0    0    0    0    0
[31,] 0.0007969371 0.0050370370    0 0.0003187749    0    0    0    0    0
[32,] 0.0015938743 0.0437496906    0 0.0006375497    0    0    0    0    0
[33,] 0.0000000000 0.0001328229    0 0.0007969371    0    0    0    0    0
[34,] 0.0302222222 0.0756986099    0 0.0004781623    0    0    0    0    0
[35,] 0.0015938743 0.0002656457    0 0.0001593874    0    0    0    0    0
[36,] 0.0000000000 0.0050370370    0 0.0006375497    0    0    0    0    0
[37,] 0.0302222222 0.0053026828    0 0.0004781623    0    0    0    0    0
[38,] 0.0015938743 0.0218748453    0 0.0003187749    0    0    0    0    0
[39,] 0.0007969371 0.0320817422    0 0.0006375497    0    0    0    0    0
[40,] 0.1312490717 0.0103397198    0 0.0004781623    0    0    0    0    0
[41,] 0.0000000000 0.0438825134    0 0.0006375497    0    0    0    0    0
[42,] 0.0007969371 0.0538237646    0 0.0004781623    0    0    0    0    0
[43,] 0.1312490717 0.0220076681    0 0.0004781623    0    0    0    0    0
[44,] 0.1312490717 0.0000000000    0 0.0000000000    0    0    0    0    0
[45,] 0.0302222222 0.0222733139    0 0.0004781623    0    0    0    0    0
[46,] 0.0007969371 0.0053026828    0 0.0009563246    0    0    0    0    0
[47,] 0.0007969371 0.0051698599    0 0.0004781623    0    0    0    0    0
[48,] 0.0015938743 0.0438825134    0 0.0001593874    0    0    0    0    0
[49,] 0.0007969371 0.0438825134    0 0.0000000000    0    0    0    0    0
[50,] 0.0015938743 0.0487867276    0 0.0001593874    0    0    0    0    0

$Ndateboots
           [,1]       [,2] [,3]      [,4] [,5] [,6] [,7] [,8] [,9]
 [1,]  11.11111   9.259259    0  0.000000    0    0    0    0    0
 [2,] 233.33333  44.444444    0  2.222222    0    0    0    0    0
 [3,]  22.22222  79.629630    0  6.666667    0    0    0    0    0
 [4,]  11.11111 125.925926    0  8.888889    0    0    0    0    0
 [5,]  11.11111  83.333333    0  4.444444    0    0    0    0    0
 [6,]   0.00000  44.444444    0 11.111111    0    0    0    0    0
 [7,]  22.22222  40.740741    0  4.444444    0    0    0    0    0
 [8,]  22.22222  85.185185    0  0.000000    0    0    0    0    0
 [9,]  11.11111  83.333333    0  8.888889    0    0    0    0    0
[10,]  11.11111  46.296296    0  4.444444    0    0    0    0    0
[11,]   0.00000  42.592593    0 13.333333    0    0    0    0    0
[12,]  22.22222  42.592593    0 17.777778    0    0    0    0    0
[13,]  22.22222  44.444444    0  2.222222    0    0    0    0    0
[14,]  22.22222  88.888889    0  2.222222    0    0    0    0    0
[15,]  11.11111  46.296296    0  6.666667    0    0    0    0    0
[16,]   0.00000  12.962963    0  4.444444    0    0    0    0    0
[17,] 233.33333  42.592593    0  4.444444    0    0    0    0    0
[18,]  22.22222   7.407407    0  6.666667    0    0    0    0    0
[19,]   0.00000  46.296296    0  4.444444    0    0    0    0    0
[20,]  11.11111  83.333333    0  8.888889    0    0    0    0    0
[21,]  22.22222  40.740741    0  8.888889    0    0    0    0    0
[22,]  11.11111  46.296296    0 11.111111    0    0    0    0    0
[23,]   0.00000  79.629630    0  8.888889    0    0    0    0    0
[24,] 233.33333 118.518519    0 11.111111    0    0    0    0    0
[25,]  22.22222  42.592593    0 11.111111    0    0    0    0    0
[26,]  22.22222  38.888889    0  8.888889    0    0    0    0    0
[27,]  11.11111  48.148148    0  0.000000    0    0    0    0    0
[28,]  11.11111  88.888889    0  8.888889    0    0    0    0    0
[29,]  11.11111   5.555556    0  4.444444    0    0    0    0    0
[30,]   0.00000  40.740741    0  2.222222    0    0    0    0    0
[31,]  11.11111   3.703704    0  4.444444    0    0    0    0    0
[32,]  22.22222  77.777778    0  8.888889    0    0    0    0    0
[33,]   0.00000   1.851852    0 11.111111    0    0    0    0    0
[34,]  22.22222 124.074074    0  6.666667    0    0    0    0    0
[35,]  22.22222   3.703704    0  2.222222    0    0    0    0    0
[36,]   0.00000   3.703704    0  8.888889    0    0    0    0    0
[37,]  22.22222   7.407407    0  6.666667    0    0    0    0    0
[38,]  22.22222  38.888889    0  4.444444    0    0    0    0    0
[39,]  11.11111  48.148148    0  8.888889    0    0    0    0    0
[40,] 233.33333  11.111111    0  6.666667    0    0    0    0    0
[41,]   0.00000  79.629630    0  8.888889    0    0    0    0    0
[42,]  11.11111  85.185185    0  6.666667    0    0    0    0    0
[43,] 233.33333  40.740741    0  6.666667    0    0    0    0    0
[44,] 233.33333   0.000000    0  0.000000    0    0    0    0    0
[45,]  22.22222  44.444444    0  6.666667    0    0    0    0    0
[46,]  11.11111   7.407407    0 13.333333    0    0    0    0    0
[47,]  11.11111   5.555556    0  6.666667    0    0    0    0    0
[48,]  22.22222  79.629630    0  2.222222    0    0    0    0    0
[49,]  11.11111  79.629630    0  0.000000    0    0    0    0    0
[50,]  22.22222  81.481481    0  2.222222    0    0    0    0    0

