$totdays
[1] 365

$Psampest
[1] 92.03209

$Pbootest
     Mean      2.5%       50%     97.5% 
 89.23343  58.80238  87.89601 126.36302 

$Pboots
 [1] 106.34959 116.52533 114.86346 130.56930 121.90411 117.27482  76.71680  87.44091
 [9]  67.86452  96.25473 124.30963  71.35736  82.27315  79.98987  71.95750  81.79508
[17] 118.98930  88.35110  84.72047  71.94839  72.38285 111.05772  99.28194  67.91070
[25]  98.95339  52.98738  69.90123  85.35337 126.95916  94.18159  91.30658  79.07121
[33]  94.36183  73.79230  63.77245  68.93800  69.18942  89.36391  75.61667  94.64664
[41]  89.03863  63.92756  92.72981 101.00208  82.45025  57.35946  93.47941 120.67530
[49]  73.21574  97.30943

$Bboots
 [1] 22.27159 21.68510 22.38133 25.80507 22.85211 21.04671 14.34810 15.37668 13.39100
[10] 18.07508 25.21675 14.54609 17.17998 17.18004 15.58755 15.65859 25.10332 18.25727
[19] 17.71978 14.10333 13.46459 20.11701 21.37867 14.02099 20.66977 10.24679 14.65679
[28] 16.36425 24.22395 18.45534 18.35012 15.46197 19.48731 12.56614 11.34873 13.12043
[37] 11.63807 19.17762 13.67278 19.67599 18.45349 11.23815 18.74192 20.20017 17.03566
[46] 10.33098 18.10003 23.24430 15.76325 19.82239

$Nboots
 [1] 38.56481 36.85185 35.97222 56.06481 45.92593 44.76852 23.75000 28.75000 23.56481
[10] 42.50000 44.53704 28.33333 25.64815 35.41667 26.48148 40.00000 46.94444 30.41667
[19] 32.08333 29.25926 33.65741 43.79630 47.77778 27.31481 34.95370 18.88889 30.50926
[28] 30.78704 45.00000 34.39815 33.00926 34.21296 31.89815 25.97222 23.24074 25.83333
[37] 19.86111 35.23148 32.68519 43.88889 25.69444 21.20370 43.28704 31.89815 28.51852
[46] 23.61111 29.21296 48.88889 29.35185 45.23148

$julians
[1] 2040 2085 2122 2143 2192 2232 2278 2283 2362

$intdays
[1] 45 37 21 49 40 46  5 79 43

$Pintsampest
[1] 26.0142007 10.9990633  0.9648534  2.4933344  4.2165308  4.6217936  0.0000000
[8] 23.8126375 18.9096767

$Pintboots
          [,1]      [,2]      [,3]      [,4]        [,5]      [,6] [,7]     [,8]
 [1,] 31.10249 15.182863 0.7454198 1.9674175  8.22410351  9.243587    0 19.67031
 [2,] 30.08099  6.270986 0.9648534 2.3333985  8.10490903  9.243587    0 35.49462
 [3,] 28.82869 14.512827 1.7764304 4.5469040  4.34708627  4.621794    0 33.37337
 [4,] 29.93389 16.137888 1.3375633 3.5229055  8.36601993  9.243587    0 37.51570
 [5,] 23.39952 12.794876 0.5921435 1.6268343  8.23802369  9.243587    0 43.09967
 [6,] 24.13330 10.999063 1.1842869 3.0363041  4.24181197  4.621794    0 45.22092
 [7,] 23.28628  9.125389 1.3375633 3.2649747  0.11760400  0.000000    0 22.37100
 [8,] 23.69283  6.759327 1.5569968 3.8439984  0.17231599  0.000000    0 31.51786
 [9,] 26.45306 10.454786 0.5921435 1.9296533  0.44734708  0.000000    0 12.06527
[10,] 29.67630 13.331383 1.1181297 2.9628830  0.28895127  0.000000    0 27.27535
[11,] 28.16462 14.871928 2.1491403 5.4026215  8.35465896  9.243587    0 33.53893
[12,] 19.88778  9.492260 0.9648534 2.2512697  4.01893367  4.621794    0 16.20759
[13,] 13.65766  3.464481 1.3375633 3.3629696 12.25439815 13.865381    0 21.85695
[14,] 25.85800 10.991293 1.7764304 4.5810096  4.37492663  4.621794    0 12.13065
[15,] 21.14205  8.192558 2.3685739 5.7856553  4.23045099  4.621794    0 12.19604
[16,] 23.30270 13.620392 0.9648534 2.4933344  0.19759715  0.000000    0 23.64708
[17,] 35.32576 14.483375 0.3727099 0.8866880 12.07072118 13.865381    0 19.73569
[18,] 26.51916  9.988371 0.3727099 0.8866880  8.05178752  9.243587    0 16.20759
[19,] 25.46750 13.438697 1.1842869 3.0053336  4.21653081  4.621794    0 16.20759
[20,] 27.31082  9.854842 1.1181297 2.6569289  0.03920133  0.000000    0 14.08634
[21,] 23.55040 10.399119 0.3727099 1.2577182  0.31679163  0.000000    0 19.83587
[22,] 37.41430 15.416205 0.0000000 0.2110943  0.17231599  0.000000    0 31.41768
[23,] 31.05034 16.271417 0.3727099 1.1287528  8.24938466  9.243587    0 14.25190
[24,] 22.02426  7.718372 0.9648534 2.4933344  4.21653081  4.621794    0 12.06527
[25,] 29.65054 13.083886 0.5921435 1.5257043  8.15547133  9.243587    0 17.71462
[26,] 14.82456  2.998066 0.5921435 1.4467105  4.07205518  4.621794    0 13.63768
[27,] 22.14577  9.854842 0.9648534 2.2683225  4.03285385  4.621794    0 12.13065
[28,] 18.49868 10.454786 0.9648534 2.4453111  4.17732948  4.621794    0 27.78940
[29,] 26.96535 10.355242 0.0000000 0.2250119 12.24047797 13.865381    0 39.63695
[30,] 27.39314 11.642884 0.9648534 2.3163457  4.07205518  4.621794    0 23.64708
[31,] 27.37791 13.394821 0.7454198 1.9813352  4.21653081  4.621794    0 20.34992
[32,] 18.25335  6.948793 1.7764304 4.3060260  4.15045785  4.621794    0 23.81264
[33,] 25.28297  8.066799 1.7102732 4.0246457  8.06570770  9.243587    0 20.34992
[34,] 20.19223  4.786108 0.9648534 2.5103872  0.21151733  0.000000    0 27.88958
[35,] 20.42034  5.615106 0.7454198 1.8833403  0.11760400  0.000000    0 19.83587
[36,] 18.14921  6.863160 2.1491403 5.2875738  0.22287830  0.000000    0 21.69138
[37,] 22.15281  4.293479 0.3727099 1.1426704  0.22287830  0.000000    0 23.91281
[38,] 20.26565  7.592614 0.9648534 2.3333985 12.12384270 13.865381    0 17.71462
[39,] 20.49978  9.211021 0.9648534 2.2683225  0.01392018  0.000000    0 25.83371
[40,] 34.16749 14.172440 0.9648534 2.3643690  4.11125651  4.621794    0 14.08634
[41,] 20.30878  6.081521 0.3727099 1.2406654 12.35967245 13.865381    0 19.73569
[42,] 18.39197  5.252524 0.9648534 2.2683225  0.01392018  0.000000    0 22.20544
[43,] 27.91479 12.561803 1.1842869 3.0053336  4.21653081  4.621794    0 20.34992
[44,] 16.39292  6.693525 1.1842869 2.8283450 12.10992252 13.865381    0 31.51786
[45,] 23.21867  8.059029 0.5921435 1.4947338  8.13019018  9.243587    0 16.20759
[46,] 17.29762  5.627165 0.7454198 2.0123057  0.22287830  0.000000    0 18.22867
[47,] 26.00316  8.658973 1.5569968 3.8269456  4.17732948  4.621794    0 25.31966
[48,] 17.95429  9.592047 0.9648534 2.5723282 12.31888064 13.865381    0 43.09967
[49,] 24.10048 13.861236 0.3727099 1.4176540  4.46628075  4.621794    0 10.10958
[50,] 30.38388 16.923009 0.3727099 1.1426704  4.24181197  4.621794    0 19.73569
          [,9]
 [1,] 20.21340
 [2,] 24.03198
 [3,] 22.85636
 [4,] 24.51175
 [5,] 22.90946
 [6,] 23.83735
 [7,] 17.21399
 [8,] 19.89758
 [9,] 15.92227
[10,] 21.60173
[11,] 22.58414
[12,] 13.91287
[13,] 12.47375
[14,] 15.65576
[15,] 13.42038
[16,] 17.56912
[17,] 22.24898
[18,] 17.08120
[19,] 16.57874
[20,] 16.88213
[21,] 16.65024
[22,] 26.42612
[23,] 18.71385
[24,] 13.80629
[25,] 18.98744
[26,] 10.79437
[27,] 13.88214
[28,] 16.40122
[29,] 23.67075
[30,] 19.52345
[31,] 18.61884
[32,] 15.20172
[33,] 17.61792
[34,] 17.23762
[35,] 15.15477
[36,] 14.57466
[37,] 17.09206
[38,] 14.50356
[39,] 16.82505
[40,] 20.15810
[41,] 15.07420
[42,] 14.83054
[43,] 18.87535
[44,] 16.40984
[45,] 15.50430
[46,] 13.22540
[47,] 19.31454
[48,] 20.30785
[49,] 14.26601
[50,] 19.88786

$Bdatesampinfo
      DATE JULIAN N       Mean     Stdev
1 08/02/11   2040 5 54.5724290 37.087483
2 09/16/11   2085 6 57.8599694 54.117341
3 10/23/11   2122 5  0.0000000  0.000000
4 11/13/11   2143 5  8.9268876 12.737089
5 01/01/12   2192 5  0.9644778  1.482142
6 02/10/12   2232 4 19.5163102 39.032620
7 03/27/12   2278 5  0.0000000  0.000000
8 04/01/12   2283 2  0.0000000  0.000000
9 06/19/12   2362 5 58.6753289 55.333091

$Ndatesampinfo
      DATE JULIAN N       Mean      Stdev
1 08/02/11   2040 5  84.444444  47.531666
2 09/16/11   2085 6 148.148148 158.802100
3 10/23/11   2122 5   0.000000   0.000000
4 11/13/11   2143 5   8.888889  12.171612
5 01/01/12   2192 5   6.666667   6.085806
6 02/10/12   2232 4  16.666667  33.333333
7 03/27/12   2278 5   0.000000   0.000000
8 04/01/12   2283 2   0.000000   0.000000
9 06/19/12   2362 5 126.666667 119.824975

$Bdateboots
          [,1]     [,2] [,3]      [,4]      [,5]     [,6] [,7] [,8]      [,9]
 [1,] 54.57243 79.81073    0  6.901768 0.9092979 39.03262    0    0  48.46423
 [2,] 96.92186 33.00287    0  8.926888 0.3284979 39.03262    0    0  87.45794
 [3,] 48.26490 76.25511    0 16.428010 1.6004577 19.51631    0    0  82.23662
 [4,] 44.52865 84.94154    0 12.377772 1.6004577 39.03262    0    0  92.44772
 [5,] 33.87930 67.29145    0  5.476003 0.9776274 39.03262    0    0 106.19913
 [6,] 46.49435 57.85997    0 10.952007 1.0879871 19.51631    0    0 111.42044
 [7,] 52.60673 47.96067    0 12.377772 0.5755166  0.00000    0    0  55.13501
 [8,] 66.78712 35.55201    0 14.402891 0.8409684  0.00000    0    0  77.64806
 [9,] 59.31122 54.95363    0  5.476003 2.1812577  0.00000    0    0  29.72304
[10,] 58.14285 70.16520    0 10.352653 1.4086188  0.00000    0    0  67.20542
[11,] 43.52611 78.19522    0 19.878894 1.5452778 39.03262    0    0  82.63784
[12,] 36.05021 49.93338    0  8.926888 0.0000000 19.51631    0    0  39.93414
[13,] 40.78900 18.22653    0 12.377772 0.9644778 58.54893    0    0  53.85523
[14,] 53.97025 57.82738    0 16.428010 1.7371167 19.51631    0    0  29.89272
[15,] 48.26490 43.08363    0 21.904013 1.0328073 19.51631    0    0  30.06240
[16,] 29.14050 71.67008    0  8.926888 0.9644778  0.00000    0    0  58.27412
[17,] 76.43394 76.22452    0  3.450884 0.0683295 58.54893    0    0  48.63391
[18,] 62.04833 52.51511    0  3.450884 0.0683295 39.03262    0    0  39.93414
[19,] 39.38950 70.66360    0 10.952007 0.9644778 19.51631    0    0  39.93414
[20,] 66.18494 51.83324    0 10.352653 0.1918389  0.00000    0    0  34.71282
[21,] 47.09653 54.73958    0  3.450884 1.5452778  0.00000    0    0  48.86545
[22,] 80.57055 81.10156    0  0.000000 0.8409684  0.00000    0    0  77.41652
[23,] 48.66526 85.62341    0  3.450884 1.0328073 39.03262    0    0  35.11403
[24,] 54.57243 40.61252    0  8.926888 0.9644778 19.51631    0    0  29.72304
[25,] 59.31122 68.79633    0  5.476003 0.5755166 39.03262    0    0  43.64413
[26,] 48.26490 15.78801    0  5.476003 0.2601684 19.51631    0    0  33.60271
[27,] 43.92647 51.83324    0  8.926888 0.0683295 19.51631    0    0  29.89272
[28,] 25.00389 54.95363    0  8.926888 0.7726389 19.51631    0    0  68.48521
[29,] 62.04833 54.48781    0  0.000000 0.8961483 58.54893    0    0  97.66903
[30,] 57.14031 61.23213    0  8.926888 0.2601684 19.51631    0    0  58.27412
[31,] 47.86794 70.41184    0  6.901768 0.9644778 19.51631    0    0  50.14523
[32,] 42.35774 36.59108    0 16.428010 0.6438461 19.51631    0    0  58.67533
[33,] 66.78712 42.43435    0 15.828656 0.1366590 39.03262    0    0  50.14523
[34,] 62.04833 25.18690    0  8.926888 1.0328073  0.00000    0    0  68.71675
[35,] 58.70904 29.52528    0  6.901768 0.5755166  0.00000    0    0  48.86545
[36,] 42.35774 36.09068    0 19.878894 1.0879871  0.00000    0    0  53.45401
[37,] 73.09465 22.56491    0  3.450884 1.0879871  0.00000    0    0  58.90686
[38,] 47.66272 39.96324    0  8.926888 0.3284979 58.54893    0    0  43.64413
[39,] 40.18682 48.46108    0  8.926888 0.0683295  0.00000    0    0  63.66511
[40,] 73.09465 74.60901    0  8.926888 0.4520072 19.51631    0    0  34.71282
[41,] 55.74080 31.96380    0  3.450884 1.4769483 58.54893    0    0  48.63391
[42,] 51.83532 27.62542    0  8.926888 0.0683295  0.00000    0    0  54.73380
[43,] 54.57243 66.14376    0 10.952007 0.9644778 19.51631    0    0  50.14523
[44,] 35.65324 35.18963    0 10.952007 0.2601684 58.54893    0    0  77.64806
[45,] 57.91172 42.40176    0  5.476003 0.4520072 39.03262    0    0  39.93414
[46,] 45.13083 29.63071    0  6.901768 1.0879871  0.00000    0    0  44.92392
[47,] 66.78712 45.52215    0 14.402891 0.7726389 19.51631    0    0  62.38532
[48,] 27.17480 50.51182    0  8.926888 1.2798260 58.54893    0    0 106.19913
[49,] 31.31142 72.85036    0  3.450884 2.1812577 19.51631    0    0  24.90294
[50,] 42.35774 89.02815    0  3.450884 1.0879871 19.51631    0    0  48.63391

$Ndateboots
           [,1]      [,2] [,3]      [,4]      [,5]     [,6] [,7] [,8]      [,9]
 [1,]  84.44444 162.96296    0  8.888889  8.888889 33.33333    0    0 104.44444
 [2,] 117.77778  92.59259    0  8.888889  6.666667 33.33333    0    0 188.88889
 [3,]  66.66667 127.77778    0 13.333333  6.666667 16.66667    0    0 180.00000
 [4,]  84.44444 251.85185    0 13.333333  6.666667 33.33333    0    0 202.22222
 [5,]  80.00000 162.96296    0  4.444444 11.111111 33.33333    0    0 231.11111
 [6,] 115.55556 148.14815    0  8.888889  6.666667 16.66667    0    0 240.00000
 [7,]  53.33333  83.33333    0 13.333333  6.666667  0.00000    0    0 120.00000
 [8,]  77.77778  88.88889    0 13.333333  6.666667  0.00000    0    0 164.44444
 [9,]  73.33333 107.40741    0  4.444444  8.888889  0.00000    0    0  62.22222
[10,]  86.66667 205.55556    0 13.333333  4.444444  0.00000    0    0 146.66667
[11,]  77.77778 168.51852    0 17.777778  8.888889 33.33333    0    0 177.77778
[12,]  73.33333 122.22222    0  8.888889  0.000000 16.66667    0    0  84.44444
[13,]  62.22222  46.29630    0 13.333333  6.666667 50.00000    0    0 115.55556
[14,] 120.00000 150.00000    0 13.333333 11.111111 16.66667    0    0  64.44444
[15,]  66.66667 101.85185    0 17.777778  8.888889 16.66667    0    0  66.66667
[16,]  91.11111 194.44444    0  8.888889  6.666667  0.00000    0    0 128.88889
[17,]  75.55556 227.77778    0  4.444444  2.222222 50.00000    0    0 106.66667
[18,]  88.88889 116.66667    0  4.444444  2.222222 33.33333    0    0  84.44444
[19,]  53.33333 155.55556    0  8.888889  6.666667 16.66667    0    0  84.44444
[20,] 113.33333 124.07407    0 13.333333  2.222222  0.00000    0    0  75.55556
[21,]  80.00000 164.81481    0  4.444444  8.888889  0.00000    0    0 102.22222
[22,] 100.00000 209.25926    0  0.000000  6.666667  0.00000    0    0 168.88889
[23,] 108.88889 244.44444    0  4.444444  8.888889 33.33333    0    0  73.33333
[24,]  84.44444 112.96296    0  8.888889  6.666667 16.66667    0    0  62.22222
[25,]  73.33333 151.85185    0  4.444444  6.666667 33.33333    0    0  93.33333
[26,]  66.66667  55.55556    0  4.444444  4.444444 16.66667    0    0  73.33333
[27,] 120.00000 124.07407    0  8.888889  2.222222 16.66667    0    0  64.44444
[28,]  66.66667 107.40741    0  8.888889  4.444444 16.66667    0    0 151.11111
[29,]  88.88889 155.55556    0  0.000000  4.444444 50.00000    0    0 211.11111
[30,]  80.00000 140.74074    0  8.888889  4.444444 16.66667    0    0 128.88889
[31,]  64.44444 146.29630    0  8.888889  6.666667 16.66667    0    0 106.66667
[32,]  91.11111 125.92593    0 13.333333  8.888889 16.66667    0    0 126.66667
[33,]  77.77778 107.40741    0 17.777778  4.444444 33.33333    0    0 106.66667
[34,]  88.88889  72.22222    0  8.888889  8.888889  0.00000    0    0 146.66667
[35,] 108.88889  64.81481    0  8.888889  6.666667  0.00000    0    0 102.22222
[36,]  91.11111  77.77778    0 17.777778  6.666667  0.00000    0    0 117.77778
[37,]  95.55556  38.88889    0  4.444444  6.666667  0.00000    0    0 122.22222
[38,] 102.22222 118.51852    0  8.888889  6.666667 50.00000    0    0  93.33333
[39,]  97.77778 131.48148    0  8.888889  2.222222  0.00000    0    0 140.00000
[40,]  95.55556 233.33333    0  8.888889  6.666667 16.66667    0    0  75.55556
[41,]  71.11111  55.55556    0  4.444444  6.666667 50.00000    0    0 106.66667
[42,]  68.88889  62.96296    0  8.888889  2.222222  0.00000    0    0 122.22222
[43,]  84.44444 218.51852    0  8.888889  6.666667 16.66667    0    0 106.66667
[44,]  71.11111  74.07407    0  8.888889  4.444444 50.00000    0    0 164.44444
[45,]  64.44444 109.25926    0  4.444444  6.666667 33.33333    0    0  84.44444
[46,]  48.88889 100.00000    0  8.888889  6.666667  0.00000    0    0  97.77778
[47,]  77.77778  92.59259    0 13.333333  4.444444 16.66667    0    0 135.55556
[48,]  60.00000 177.77778    0  8.888889  8.888889 50.00000    0    0 231.11111
[49,]  84.44444 137.03704    0  4.444444  8.888889 16.66667    0    0  51.11111
[50,]  91.11111 235.18519    0  4.444444  6.666667 16.66667    0    0 106.66667

