$totdays
[1] 365

$Psampest
[1] 181.1118

$Pbootest
    Mean     2.5%      50%    97.5% 
180.7950 134.6822 178.8518 226.5489 

$Pboots
 [1] 161.9776 199.7823 202.4186 176.2692 131.9789 179.9070 203.5243 187.9442 177.6142
[10] 204.0533 209.1565 160.3850 173.2104 163.1149 139.2412 155.1287 170.4299 153.7474
[19] 155.6367 195.0507 191.7242 219.9328 232.6404 173.1741 187.8947 164.2318 152.1559
[28] 217.0836 177.7965 137.0026 184.8822 222.9727 227.5871 207.7373 166.1528 185.8045
[37] 134.0085 151.5618 195.7044 188.3031 215.5321 174.6037 167.6033 192.6094 209.5473
[46] 205.2913 138.5174 156.1685 146.9761 213.9773

$Bboots
 [1] 10.629054  9.623084 10.451213  9.083058  8.037222  9.079239  9.052150  9.002573
 [9]  8.703559  9.315518 11.131516  8.174433  9.129647  7.474020  6.945214  8.551100
[17]  8.023770  7.991268  9.051618  8.378373  9.782325  9.846605 12.867938  8.433042
[25]  9.511567  8.772500  8.402151 10.621603  8.833621  6.726831  9.824985 11.359457
[33] 10.807712 10.266645  8.464567 10.242624  6.930507  8.502665  8.766306  9.536113
[41] 10.933748  9.691554  7.899707  8.299556 10.096982 10.498693  7.454006  8.707005
[49]  7.632939 10.587927

$Nboots
 [1] 139.62963 148.79630 153.19444 136.75926 103.24074 117.50000 161.71296 148.54167
 [9] 146.11111 142.96296 168.86574 110.97222 106.66667 107.43056 100.78704 144.42130
[17] 109.79167 128.88889 141.94444 133.47222 131.55093 158.33333 190.20833 121.73611
[25] 128.79630 131.62037 112.24537 163.44907 125.02315  96.01852 138.61111 177.68519
[33] 172.40741 167.80093 131.25000 139.93056 105.64815 117.33796 141.45833 128.79630
[41] 178.37963 153.03241 120.71759 140.99537 158.65741 162.10648  96.68981 134.25926
[49] 115.32407 166.85185

$julians
[1] 2040 2085 2122 2143 2192 2232 2278 2283 2362

$intdays
[1] 45 37 21 49 40 46  5 79 43

$Pintsampest
[1] 59.8224257 45.4474772  4.2824773  8.0401980  8.2342346 14.8101307  0.7084096
[8]  8.8009229 30.9655044

$Pintboots
          [,1]     [,2]     [,3]      [,4]      [,5]      [,6]      [,7]      [,8]
 [1,] 45.66960 38.45806 3.903249  4.960990 14.377072 27.201422 0.9467112  3.719356
 [2,] 72.08015 52.26652 4.774268  5.647108  3.488895 13.921979 1.0448769  9.558037
 [3,] 64.70177 48.23677 2.267655  8.000017 10.664302 19.025751 1.0563107 13.745047
 [4,] 59.21122 45.26448 4.179182  9.365491  8.526719 15.918471 0.7170848  3.856799
 [5,] 42.05170 29.97392 3.266101  6.017809  7.705553 16.999198 0.8239257  3.994241
 [6,] 66.40268 35.75062 5.218392 13.066868  5.760830  9.667340 0.5953457  9.248201
 [7,] 65.68389 55.19069 6.312730 12.455676  9.733365 11.209494 0.3663378  8.800923
 [8,] 60.80348 47.58148 6.270667 13.044069  8.376604 11.139657 0.4787831  8.800923
 [9,] 58.88433 44.07381 6.602098 15.626177  9.116963  9.968929 0.2149367  3.994241
[10,] 70.41068 59.43061 2.850973  5.046865  4.186974 10.169425 0.8390831 13.710097
[11,] 65.85929 51.37496 2.786078  5.332564 14.130414 19.671394 0.5908348 14.054883
[12,] 54.29868 40.52419 3.870867  6.692106  5.795136 10.337461 0.5711194  9.695479
[13,] 64.36678 43.00121 3.224321  6.857810  5.452741  8.103183 0.4891234  8.663480
[14,] 60.82411 47.00182 3.142190  4.881520  4.728885  7.300018 0.2397815  4.751355
[15,] 42.37806 32.83830 4.869595  4.995239  5.134479 10.810075 0.7239606 13.435212
[16,] 45.05564 37.28652 6.913697 10.491208  9.798688 18.406601 0.6081852  3.994241
[17,] 65.95562 45.26731 3.352444  5.092449  4.720867 10.034232 0.4735723  3.272078
[18,] 51.26906 42.14802 3.887819  5.144075  5.628181 15.795944 0.9162620  3.546963
[19,] 44.33083 27.11096 6.335846 10.925386 11.350493 22.668692 1.0510999  8.353645
[20,] 75.13304 45.20934 3.250953  6.000943  3.844514  7.661380 0.6997343 13.607605
[21,] 64.59451 53.17552 4.282477  6.132401  3.955248 10.400896 0.8349658 13.710097
[22,] 76.19889 68.59366 3.849702  6.857810  6.544188 10.533991 0.5814597  8.216202
[23,] 69.12285 56.03931 4.807064 13.780970 15.710481 22.395664 0.8225199 13.297769
[24,] 62.47583 42.71932 1.695539  7.514367  5.905799 10.553484 0.7146325  9.248201
[25,] 66.69003 46.86388 3.260633  4.784310  7.677399 15.631361 0.7285185  8.216202
[26,] 53.43526 46.67742 3.337296  6.886526  7.046855 16.410780 0.8315887  3.272078
[27,] 53.24949 40.62755 3.257117  8.137408  4.819433 11.856407 0.7108618  3.272078
[28,] 77.60673 62.21431 3.844234  7.291476  8.171840 16.034946 0.6928585  3.409520
[29,] 61.36352 45.60647 4.822211  8.074447  4.835147 11.508188 0.7146325  9.110758
[30,] 45.86929 38.37909 4.314860  2.653776  4.605058  7.665633 0.3518332  8.800923
[31,] 61.60550 47.33803 2.602456  3.893194  4.695542 16.626723 1.3081048 13.607605
[32,] 70.88148 64.20222 5.610686  9.611027 11.787794 21.148266 0.7150261  4.166634
[33,] 83.11153 57.67185 6.552350 12.838715  5.780270 15.117324 0.9384296  4.751355
[34,] 69.95203 56.54708 2.862458  6.486236  7.619470 18.045152 1.0587629  9.248201
[35,] 51.49508 48.53931 3.304500  4.555641  6.888831 14.714627 0.8214734  8.800923
[36,] 65.15157 36.36646 3.234001  5.835239 10.952659 20.576176 0.8311951  9.248201
[37,] 40.05260 26.03765 5.233822 10.376616  6.717991 14.507492 0.8394767  8.663480
[38,] 49.14484 36.10512 1.959057  3.893194  8.470432 17.211847 0.8229135  8.216202
[39,] 76.10967 50.98611 2.906739  6.212745  7.537793 10.611906 0.2356642  3.856799
[40,] 63.98854 50.04095 3.369396  7.925606  9.290766 11.021463 0.3580562  9.248201
[41,] 74.69696 55.30333 3.731259  7.229026 11.782647 21.684517 0.8398703  3.719356
[42,] 48.83639 41.91872 6.747174 14.186806  8.993071 19.035299 1.0670445  8.216202
[43,] 62.36416 44.17531 3.740939  6.029659  4.440801 10.526540 0.5880762  4.751355
[44,] 67.79843 46.28242 7.145349 15.557683  5.737142  6.336815 0.3580562  8.663480
[45,] 73.99065 59.96643 3.731259  4.561572 11.418946 15.386755 0.2211596  3.994241
[46,] 61.81368 49.22098 6.605615 12.661560 11.975782 14.877052 0.4721665 14.192325
[47,] 41.87122 30.93011 6.833517 13.941117  5.645021  7.120487 0.3538919  9.248201
[48,] 46.02754 37.91704 2.294287  3.310691 13.021208 19.305780 0.4787831  9.248201
[49,] 46.05723 31.12850 3.962677  9.085196  8.685656 13.219701 0.6119089  9.558037
[50,] 70.65827 55.60357 6.201972  8.943177  6.630544 14.229541 0.8225199 13.435212
          [,9]
 [1,] 22.74117
 [2,] 37.00042
 [3,] 34.72101
 [4,] 29.22979
 [5,] 21.14640
 [6,] 34.19673
 [7,] 33.77122
 [8,] 31.44855
 [9,] 29.13273
[10,] 37.40858
[11,] 35.35607
[12,] 28.60000
[13,] 33.05174
[14,] 30.24523
[15,] 24.05631
[16,] 22.57390
[17,] 32.26136
[18,] 25.41107
[19,] 23.50976
[20,] 39.64324
[21,] 34.63811
[22,] 38.55687
[23,] 36.66373
[24,] 32.34693
[25,] 34.04240
[26,] 26.33395
[27,] 26.22561
[28,] 37.81768
[29,] 31.76116
[30,] 24.36213
[31,] 33.20507
[32,] 34.84955
[33,] 40.82528
[34,] 35.91791
[35,] 27.03243
[36,] 33.60904
[37,] 21.57939
[38,] 25.73816
[39,] 37.24693
[40,] 33.06013
[41,] 36.54510
[42,] 25.60302
[43,] 30.98643
[44,] 34.73004
[45,] 36.27627
[46,] 33.47218
[47,] 22.57387
[48,] 24.56493
[49,] 24.66724
[50,] 37.45251

$Bdatesampinfo
      DATE JULIAN N      Mean      Stdev
1 08/02/11   2040 5 14.830139 10.6383268
2 09/16/11   2085 6 29.309981 19.6685355
3 10/23/11   2122 5  2.906453  2.0108783
4 11/13/11   2143 5  2.075161  3.2271502
5 01/01/12   2192 5  3.518055  3.4492880
6 02/10/12   2232 4 12.988900 12.1168491
7 03/27/12   2278 5  7.828582  7.8605070
8 04/01/12   2283 2  8.221824  4.4832534
9 06/19/12   2362 5  0.209675  0.3869988

$Ndatesampinfo
      DATE JULIAN N       Mean      Stdev
1 08/02/11   2040 5 244.444444 176.383421
2 09/16/11   2085 6 501.851852 355.098085
3 10/23/11   2122 5  44.444444  41.573971
4 11/13/11   2143 5  60.000000 105.876704
5 01/01/12   2192 5  46.666667  51.759176
6 02/10/12   2232 4 175.000000 203.947665
7 03/27/12   2278 5 117.777778 104.408977
8 04/01/12   2283 2  33.333333  31.426968
9 06/19/12   2362 5   4.444444   6.085806

$Bdateboots
           [,1]     [,2]     [,3]      [,4]      [,5]      [,6]      [,7]      [,8]
 [1,] 15.842483 25.97972 4.179558 0.6048965 3.3998636 24.653823 13.152522  5.051686
 [2,] 17.788361 32.73139 3.374232 2.0751614 1.4801317  7.202776 12.737628  8.221824
 [3,] 14.641602 31.78983 2.413953 0.6048965 5.7294771 12.896225 11.357720 11.391963
 [4,] 15.886192 29.30998 2.928476 2.0751614 4.5171702 11.050635  9.683425  5.051686
 [5,] 11.915625 20.06182 3.092419 1.2097930 3.6759392 14.004370 11.123375  5.051686
 [6,] 24.528613 26.42946 1.797291 4.1503228 4.8882461  8.125571  6.562934  8.221824
 [7,] 11.048109 32.19050 4.027977 2.9405299 5.3980940 11.973430  2.035953  8.221824
 [8,] 13.353305 28.31936 3.386593 3.5454263 5.3403036 12.066105  4.359485  8.221824
 [9,] 15.886192 25.72494 2.894093 4.7552193 6.2212274 14.004370  2.913289  5.051686
[10,] 13.160214 38.10840 2.590256 1.2097930 2.7974984  4.249041  7.534195 11.391963
[11,] 14.830139 32.73139 2.894093 0.6048965 3.5733624 25.669293  4.593830 11.391963
[12,] 12.906570 27.82076 2.918814 1.4702649 2.9709973  9.048366  6.208082  8.221824
[13,] 21.758927 30.41518 2.894093 1.2097930 4.1833041 11.079306  4.065099  8.221824
[14,] 13.353305 33.38685 2.123150 1.4702649 1.4801317  7.110101  2.210255  5.051686
[15,] 13.160214 17.82599 4.040337 1.4702649 1.7983832  6.094631  6.328590 11.391963
[16,] 12.060453 21.24740 2.896791 4.4107948 1.4801317 18.867699  8.303517  5.051686
[17,] 17.788361 31.80647 2.438675 1.4702649 1.8536906  7.110101  5.565091  5.051686
[18,]  9.759811 24.33364 3.550536 1.2097930 2.8528058  9.048366 12.971972  5.051686
[19,] 16.688600 14.92882 3.525814 3.5454263 3.4154782 17.852229 12.563325  8.221824
[20,] 23.661097 26.78107 2.906453 1.2097930 3.5180550  3.326246  5.973738 11.391963
[21,] 13.541841 36.28401 2.906453 2.0751614 1.9718820  9.141041  7.654279 11.391963
[22,] 12.739433 43.06810 3.711780 1.2097930 4.1833041  6.094631  5.913696  8.221824
[23,] 15.018675 38.76386 2.252709 2.9405299 6.3972093 25.669293  8.002884 11.391963
[24,] 17.556116 28.86024 1.620987 0.6048965 5.3427866  6.187306  7.654279  8.221824
[25,] 16.920845 33.95116 2.287093 1.4702649 1.4248243 11.973430  8.303517  8.221824
[26,]  7.901350 32.29829 2.252709 1.4702649 3.0816121 10.127840 11.946916  5.051686
[27,] 15.653946 27.91868 1.772569 2.0751614 3.5733624  9.141041  9.857728  5.051686
[28,] 16.877136 41.09672 2.906453 1.4702649 3.6759392 12.988900  9.328573  5.051686
[29,] 17.933189 31.24216 2.438675 2.9405299 1.9165746  7.110101  7.654279  8.221824
[30,] 10.815864 22.45052 4.167198 1.2097930 0.7595751  9.048366  2.444600  8.221824
[31,] 15.886192 30.25154 2.590929 0.6048965 2.3610555  8.125571 15.241710 11.391963
[32,] 10.245701 42.63500 3.244673 2.9405299 3.1841889 18.775024  9.743467  5.051686
[33,] 21.802636 36.71711 3.383894 4.1503228 4.4618628  8.125571 13.386866  5.051686
[34,] 11.915625 34.67035 2.416651 1.2097930 4.0098053 12.066105 13.386866  8.221824
[35,]  6.042889 30.25154 3.374232 0.6048965 2.9156898 10.127840  9.094229  8.221824
[36,] 22.793581 26.42946 2.274732 1.4702649 2.3057481 19.790494  9.857728  8.221824
[37,] 11.915625 15.37856 2.426314 3.5454263 3.1841889  7.017426  9.623384  8.221824
[38,] 12.971678 24.38270 1.961233 0.6048965 2.3610555 13.911695 10.092072  8.221824
[39,] 20.702875 34.23726 1.121523 2.0751614 1.8693052 12.988900  2.330339  5.051686
[40,] 13.774086 34.28632 3.070396 1.2097930 5.2221122 14.927165  2.270297  8.221824
[41,] 18.844414 34.12268 3.547837 1.2097930 4.4618628 17.852229 11.712572  5.051686
[42,]  9.824919 25.42219 3.070396 4.7552193 5.0089205 12.988900 13.152522  8.221824
[43,] 17.556116 28.25385 2.928476 1.4702649 2.4163629  6.187306  7.828582  5.051686
[44,] 17.788361 27.71296 2.940837 5.0156913 5.0642280  6.187306  2.270297  8.221824
[45,] 14.641602 39.70542 3.547837 1.2097930 2.3057481 18.775024  2.738986  5.051686
[46,] 15.018675 30.70128 3.408616 4.1503228 4.3989788 19.790494  2.444600 11.391963
[47,] 13.160214 20.96130 2.416651 5.0156913 3.7941306 10.063836  2.384558  8.221824
[48,]  9.824919 23.39208 2.426314 0.6048965 1.8139978 23.731028  4.359485  8.221824
[49,] 14.830139 18.46481 3.070396 1.4702649 5.0089205 11.050635  6.094246  8.221824
[50,] 15.697655 35.17882 2.732848 4.1503228 1.3619403 14.004370  8.002884 11.391963
           [,9]
 [1,] 0.1782330
 [2,] 0.5346991
 [3,] 0.2096750
 [4,] 0.2096750
 [5,] 0.2411170
 [6,] 0.3879081
 [7,] 0.2096750
 [8,] 0.2096750
 [9,] 0.2411170
[10,] 0.1257680
[11,] 0.3564661
[12,] 0.5661411
[13,] 0.1782330
[14,] 0.5661411
[15,] 0.0628840
[16,] 0.2411170
[17,] 0.0000000
[18,] 0.0628840
[19,] 0.0314420
[20,] 0.1782330
[21,] 0.1257680
[22,] 0.0000000
[23,] 0.0314420
[24,] 0.3879081
[25,] 0.0000000
[26,] 0.0000000
[27,] 0.0000000
[28,] 0.0314420
[29,] 0.3564661
[30,] 0.2096750
[31,] 0.1782330
[32,] 0.3564661
[33,] 0.5661411
[34,] 0.3879081
[35,] 0.2096750
[36,] 0.3879081
[37,] 0.1782330
[38,] 0.0000000
[39,] 0.2096750
[40,] 0.3879081
[41,] 0.1782330
[42,] 0.0000000
[43,] 0.5661411
[44,] 0.1782330
[45,] 0.2411170
[46,] 0.3879081
[47,] 0.3879081
[48,] 0.3879081
[49,] 0.5346991
[50,] 0.0628840

$Ndateboots
          [,1]     [,2]     [,3]      [,4]      [,5]      [,6]      [,7]     [,8]
 [1,] 160.0000 325.9259 71.11111  11.11111  42.22222 383.33333 191.11111 11.11111
 [2,] 320.0000 614.8148 57.77778  60.00000  20.00000  61.11111 180.00000 33.33333
 [3,] 271.1111 555.5556 31.11111  11.11111  77.77778 194.44444 162.22222 55.55556
 [4,] 217.7778 501.8519 35.55556  60.00000  68.88889 161.11111 144.44444 11.11111
 [5,] 226.6667 270.3704 40.00000  22.22222  33.33333 172.22222 160.00000 11.11111
 [6,] 413.3333 327.7778 22.22222 120.00000  42.22222  77.77778 106.66667 33.33333
 [7,] 226.6667 675.9259 66.66667  97.77778  86.66667 177.77778  40.00000 33.33333
 [8,] 266.6667 561.1111 57.77778 108.88889  62.22222 158.33333  71.11111 33.33333
 [9,] 217.7778 566.6667 44.44444 131.11111  80.00000 172.22222  51.11111 11.11111
[10,] 173.3333 731.4815 35.55556  22.22222  40.00000  50.00000 117.77778 55.55556
[11,] 244.4444 614.8148 44.44444  11.11111  46.66667 380.55556  73.33333 55.55556
[12,] 271.1111 388.8889 44.44444  48.88889  44.44444  94.44444  93.33333 33.33333
[13,] 311.1111 383.3333 44.44444  22.22222  53.33333  88.88889  71.11111 33.33333
[14,] 266.6667 494.4444 22.22222  48.88889  20.00000  80.55556  44.44444 11.11111
[15,] 173.3333 340.7407 66.66667  48.88889  17.77778  83.33333 104.44444 55.55556
[16,] 142.2222 453.7037 53.33333 146.66667  20.00000 269.44444 126.66667 11.11111
[17,] 320.0000 444.4444 31.11111  48.88889  17.77778  80.55556  84.44444 11.11111
[18,] 222.2222 505.5556 62.22222  22.22222  40.00000  94.44444 182.22222 11.11111
[19,] 288.8889 277.7778 62.22222 108.88889  60.00000 272.22222 175.55556 33.33333
[20,] 413.3333 566.6667 44.44444  22.22222  46.66667  33.33333  91.11111 55.55556
[21,] 240.0000 557.4074 44.44444  60.00000  22.22222  75.00000 113.33333 55.55556
[22,] 168.8889 838.8889 57.77778  22.22222  53.33333  83.33333  93.33333 33.33333
[23,] 217.7778 611.1111 35.55556  97.77778 108.88889 380.55556 122.22222 55.55556
[24,] 288.8889 500.0000 17.77778  11.11111  86.66667  63.88889 113.33333 33.33333
[25,] 320.0000 437.0370 26.66667  48.88889  20.00000 177.77778 126.66667 33.33333
[26,] 177.7778 501.8519 35.55556  48.88889  44.44444 144.44444 177.77778 11.11111
[27,] 186.6667 440.7407 22.22222  60.00000  46.66667  75.00000 148.88889 11.11111
[28,] 262.2222 731.4815 44.44444  48.88889  33.33333 175.00000 131.11111 11.11111
[29,] 235.5556 501.8519 31.11111  97.77778  22.22222  80.55556 113.33333 33.33333
[30,] 195.5556 387.0370 71.11111  22.22222  13.33333  94.44444  46.66667 33.33333
[31,] 217.7778 561.1111 35.55556  11.11111  37.77778  77.77778 220.00000 55.55556
[32,] 155.5556 725.9259 44.44444  97.77778  31.11111 288.88889 142.22222 11.11111
[33,] 368.8889 670.3704 48.88889 120.00000  68.88889  77.77778 193.33333 11.11111
[34,] 226.6667 729.6296 40.00000  22.22222  48.88889 158.33333 193.33333 33.33333
[35,] 133.3333 561.1111 57.77778  11.11111  44.44444 144.44444 128.88889 33.33333
[36,] 413.3333 327.7778 26.66667  48.88889  37.77778 286.11111 148.88889 33.33333
[37,] 226.6667 279.6296 31.11111 108.88889  31.11111 100.00000 146.66667 33.33333
[38,] 200.0000 387.0370 26.66667  11.11111  37.77778 191.66667 151.11111 33.33333
[39,] 337.7778 616.6667 22.22222  60.00000  35.55556 175.00000  40.00000 11.11111
[40,] 271.1111 498.1481 48.88889  22.22222  57.77778 188.88889  42.22222 33.33333
[41,] 293.3333 675.9259 53.33333  22.22222  68.88889 272.22222 175.55556 11.11111
[42,] 151.1111 498.1481 48.88889 131.11111  71.11111 175.00000 191.11111 33.33333
[43,] 288.8889 501.8519 35.55556  48.88889  37.77778  63.88889 117.77778 11.11111
[44,] 320.0000 562.9630 35.55556 157.77778  71.11111  63.88889  42.22222 33.33333
[45,] 271.1111 670.3704 53.33333  22.22222  37.77778 288.88889  46.66667 11.11111
[46,] 217.7778 562.9630 48.88889 120.00000  64.44444 286.11111  46.66667 55.55556
[47,] 173.3333 274.0741 40.00000 157.77778  37.77778  91.66667  48.88889 33.33333
[48,] 151.1111 446.2963 31.11111  11.11111  35.55556 366.66667  71.11111 33.33333
[49,] 244.4444 331.4815 48.88889  48.88889  71.11111 161.11111 102.22222 33.33333
[50,] 244.4444 675.9259 48.88889 120.00000  15.55556 172.22222 122.22222 55.55556
          [,9]
 [1,] 2.222222
 [2,] 6.666667
 [3,] 4.444444
 [4,] 4.444444
 [5,] 6.666667
 [6,] 6.666667
 [7,] 4.444444
 [8,] 4.444444
 [9,] 6.666667
[10,] 8.888889
[11,] 4.444444
[12,] 8.888889
[13,] 2.222222
[14,] 8.888889
[15,] 4.444444
[16,] 6.666667
[17,] 0.000000
[18,] 4.444444
[19,] 2.222222
[20,] 2.222222
[21,] 8.888889
[22,] 0.000000
[23,] 2.222222
[24,] 6.666667
[25,] 0.000000
[26,] 0.000000
[27,] 0.000000
[28,] 2.222222
[29,] 4.444444
[30,] 4.444444
[31,] 2.222222
[32,] 4.444444
[33,] 8.888889
[34,] 6.666667
[35,] 4.444444
[36,] 6.666667
[37,] 2.222222
[38,] 0.000000
[39,] 4.444444
[40,] 6.666667
[41,] 2.222222
[42,] 0.000000
[43,] 8.888889
[44,] 2.222222
[45,] 6.666667
[46,] 6.666667
[47,] 6.666667
[48,] 6.666667
[49,] 6.666667
[50,] 4.444444

