$totdays
[1] 365

$Psampest
[1] 0.1963369

$Pbootest
     Mean      2.5%       50%     97.5% 
0.4577989 0.0000000 0.2945053 1.1475450 

$Pboots
 [1] 0.1963369 0.9512081 0.0000000 0.7548712 0.9512081 0.0000000 0.1963369 0.7548712
 [9] 0.9512081 0.7548712 0.1963369 0.1963369 0.0000000 0.1963369 0.7548712 0.9512081
[17] 0.7548712 0.1963369 0.1963369 1.1475450 0.0000000 1.1475450 0.3926738 0.0000000
[25] 0.0000000 0.7853476 0.7548712 0.9512081 0.0000000 0.7548712 0.0000000 0.0000000
[33] 0.3926738 0.0000000 0.1963369 0.1963369 0.0000000 1.1475450 0.7548712 0.9512081
[41] 0.0000000 0.0000000 0.7548712 0.9512081 0.9512081 0.0000000 0.0000000 0.7548712
[49] 0.9512081 0.0000000

$Bboots
 [1] 0.04361973 0.17447891 0.00000000 0.13085918 0.17447891 0.00000000 0.04361973
 [8] 0.13085918 0.17447891 0.13085918 0.04361973 0.04361973 0.00000000 0.04361973
[15] 0.13085918 0.17447891 0.13085918 0.04361973 0.04361973 0.21809864 0.00000000
[22] 0.21809864 0.08723945 0.00000000 0.00000000 0.17447891 0.13085918 0.17447891
[29] 0.00000000 0.13085918 0.00000000 0.00000000 0.08723945 0.00000000 0.04361973
[36] 0.04361973 0.00000000 0.21809864 0.13085918 0.17447891 0.00000000 0.00000000
[43] 0.13085918 0.17447891 0.17447891 0.00000000 0.00000000 0.13085918 0.17447891
[50] 0.00000000

$Nboots
 [1] 0.2314815 0.9259259 0.0000000 0.6944444 0.9259259 0.0000000 0.2314815 0.6944444
 [9] 0.9259259 0.6944444 0.2314815 0.2314815 0.0000000 0.2314815 0.6944444 0.9259259
[17] 0.6944444 0.2314815 0.2314815 1.1574074 0.0000000 1.1574074 0.4629630 0.0000000
[25] 0.0000000 0.9259259 0.6944444 0.9259259 0.0000000 0.6944444 0.0000000 0.0000000
[33] 0.4629630 0.0000000 0.2314815 0.2314815 0.0000000 1.1574074 0.6944444 0.9259259
[41] 0.0000000 0.0000000 0.6944444 0.9259259 0.9259259 0.0000000 0.0000000 0.6944444
[49] 0.9259259 0.0000000

$julians
[1] 2040 2085 2122 2143 2192 2232 2278 2283 2362

$intdays
[1] 45 37 21 49 40 46  5 79 43

$Pintsampest
[1] 0.08514275 0.07052503 0.00000000 0.00000000 0.00000000 0.00000000 0.00000000
[8] 0.00000000 0.04066911

$Pintboots
            [,1]       [,2] [,3] [,4] [,5] [,6] [,7] [,8]       [,9]
 [1,] 0.08514275 0.07052503    0    0    0    0    0    0 0.04066911
 [2,] 0.59599925 0.07052503    0    0    0    0    0    0 0.28468380
 [3,] 0.00000000 0.00000000    0    0    0    0    0    0 0.00000000
 [4,] 0.51085650 0.00000000    0    0    0    0    0    0 0.24401469
 [5,] 0.59599925 0.07052503    0    0    0    0    0    0 0.28468380
 [6,] 0.00000000 0.00000000    0    0    0    0    0    0 0.00000000
 [7,] 0.08514275 0.07052503    0    0    0    0    0    0 0.04066911
 [8,] 0.51085650 0.00000000    0    0    0    0    0    0 0.24401469
 [9,] 0.59599925 0.07052503    0    0    0    0    0    0 0.28468380
[10,] 0.51085650 0.00000000    0    0    0    0    0    0 0.24401469
[11,] 0.08514275 0.07052503    0    0    0    0    0    0 0.04066911
[12,] 0.08514275 0.07052503    0    0    0    0    0    0 0.04066911
[13,] 0.00000000 0.00000000    0    0    0    0    0    0 0.00000000
[14,] 0.08514275 0.07052503    0    0    0    0    0    0 0.04066911
[15,] 0.51085650 0.00000000    0    0    0    0    0    0 0.24401469
[16,] 0.59599925 0.07052503    0    0    0    0    0    0 0.28468380
[17,] 0.51085650 0.00000000    0    0    0    0    0    0 0.24401469
[18,] 0.08514275 0.07052503    0    0    0    0    0    0 0.04066911
[19,] 0.08514275 0.07052503    0    0    0    0    0    0 0.04066911
[20,] 0.68114200 0.14105007    0    0    0    0    0    0 0.32535291
[21,] 0.00000000 0.00000000    0    0    0    0    0    0 0.00000000
[22,] 0.68114200 0.14105007    0    0    0    0    0    0 0.32535291
[23,] 0.17028550 0.14105007    0    0    0    0    0    0 0.08133823
[24,] 0.00000000 0.00000000    0    0    0    0    0    0 0.00000000
[25,] 0.00000000 0.00000000    0    0    0    0    0    0 0.00000000
[26,] 0.34057100 0.28210013    0    0    0    0    0    0 0.16267646
[27,] 0.51085650 0.00000000    0    0    0    0    0    0 0.24401469
[28,] 0.59599925 0.07052503    0    0    0    0    0    0 0.28468380
[29,] 0.00000000 0.00000000    0    0    0    0    0    0 0.00000000
[30,] 0.51085650 0.00000000    0    0    0    0    0    0 0.24401469
[31,] 0.00000000 0.00000000    0    0    0    0    0    0 0.00000000
[32,] 0.00000000 0.00000000    0    0    0    0    0    0 0.00000000
[33,] 0.17028550 0.14105007    0    0    0    0    0    0 0.08133823
[34,] 0.00000000 0.00000000    0    0    0    0    0    0 0.00000000
[35,] 0.08514275 0.07052503    0    0    0    0    0    0 0.04066911
[36,] 0.08514275 0.07052503    0    0    0    0    0    0 0.04066911
[37,] 0.00000000 0.00000000    0    0    0    0    0    0 0.00000000
[38,] 0.68114200 0.14105007    0    0    0    0    0    0 0.32535291
[39,] 0.51085650 0.00000000    0    0    0    0    0    0 0.24401469
[40,] 0.59599925 0.07052503    0    0    0    0    0    0 0.28468380
[41,] 0.00000000 0.00000000    0    0    0    0    0    0 0.00000000
[42,] 0.00000000 0.00000000    0    0    0    0    0    0 0.00000000
[43,] 0.51085650 0.00000000    0    0    0    0    0    0 0.24401469
[44,] 0.59599925 0.07052503    0    0    0    0    0    0 0.28468380
[45,] 0.59599925 0.07052503    0    0    0    0    0    0 0.28468380
[46,] 0.00000000 0.00000000    0    0    0    0    0    0 0.00000000
[47,] 0.00000000 0.00000000    0    0    0    0    0    0 0.00000000
[48,] 0.51085650 0.00000000    0    0    0    0    0    0 0.24401469
[49,] 0.59599925 0.07052503    0    0    0    0    0    0 0.28468380
[50,] 0.00000000 0.00000000    0    0    0    0    0    0 0.00000000

$Bdatesampinfo
      DATE JULIAN N      Mean     Stdev
1 08/02/11   2040 1 0.0000000        NA
2 09/16/11   2085 6 0.3489578 0.8547686
3 10/23/11   2122 5 0.0000000 0.0000000
4 11/13/11   2143 5 0.0000000 0.0000000
5 01/01/12   2192 5 0.0000000 0.0000000
6 02/10/12   2232 4 0.0000000 0.0000000
7 03/27/12   2278 5 0.0000000 0.0000000
8 04/01/12   2283 2 0.0000000 0.0000000
9 06/19/12   2362 5 0.0000000 0.0000000

$Ndatesampinfo
      DATE JULIAN N     Mean    Stdev
1 08/02/11   2040 1 0.000000       NA
2 09/16/11   2085 6 1.851852 4.536092
3 10/23/11   2122 5 0.000000 0.000000
4 11/13/11   2143 5 0.000000 0.000000
5 01/01/12   2192 5 0.000000 0.000000
6 02/10/12   2232 4 0.000000 0.000000
7 03/27/12   2278 5 0.000000 0.000000
8 04/01/12   2283 2 0.000000 0.000000
9 06/19/12   2362 5 0.000000 0.000000

$Bdateboots
          [,1]      [,2] [,3] [,4] [,5] [,6] [,7] [,8] [,9]
 [1,] 0.000000 0.3489578    0    0    0    0    0    0    0
 [2,] 2.093747 0.3489578    0    0    0    0    0    0    0
 [3,] 0.000000 0.0000000    0    0    0    0    0    0    0
 [4,] 2.093747 0.0000000    0    0    0    0    0    0    0
 [5,] 2.093747 0.3489578    0    0    0    0    0    0    0
 [6,] 0.000000 0.0000000    0    0    0    0    0    0    0
 [7,] 0.000000 0.3489578    0    0    0    0    0    0    0
 [8,] 2.093747 0.0000000    0    0    0    0    0    0    0
 [9,] 2.093747 0.3489578    0    0    0    0    0    0    0
[10,] 2.093747 0.0000000    0    0    0    0    0    0    0
[11,] 0.000000 0.3489578    0    0    0    0    0    0    0
[12,] 0.000000 0.3489578    0    0    0    0    0    0    0
[13,] 0.000000 0.0000000    0    0    0    0    0    0    0
[14,] 0.000000 0.3489578    0    0    0    0    0    0    0
[15,] 2.093747 0.0000000    0    0    0    0    0    0    0
[16,] 2.093747 0.3489578    0    0    0    0    0    0    0
[17,] 2.093747 0.0000000    0    0    0    0    0    0    0
[18,] 0.000000 0.3489578    0    0    0    0    0    0    0
[19,] 0.000000 0.3489578    0    0    0    0    0    0    0
[20,] 2.093747 0.6979156    0    0    0    0    0    0    0
[21,] 0.000000 0.0000000    0    0    0    0    0    0    0
[22,] 2.093747 0.6979156    0    0    0    0    0    0    0
[23,] 0.000000 0.6979156    0    0    0    0    0    0    0
[24,] 0.000000 0.0000000    0    0    0    0    0    0    0
[25,] 0.000000 0.0000000    0    0    0    0    0    0    0
[26,] 0.000000 1.3958313    0    0    0    0    0    0    0
[27,] 2.093747 0.0000000    0    0    0    0    0    0    0
[28,] 2.093747 0.3489578    0    0    0    0    0    0    0
[29,] 0.000000 0.0000000    0    0    0    0    0    0    0
[30,] 2.093747 0.0000000    0    0    0    0    0    0    0
[31,] 0.000000 0.0000000    0    0    0    0    0    0    0
[32,] 0.000000 0.0000000    0    0    0    0    0    0    0
[33,] 0.000000 0.6979156    0    0    0    0    0    0    0
[34,] 0.000000 0.0000000    0    0    0    0    0    0    0
[35,] 0.000000 0.3489578    0    0    0    0    0    0    0
[36,] 0.000000 0.3489578    0    0    0    0    0    0    0
[37,] 0.000000 0.0000000    0    0    0    0    0    0    0
[38,] 2.093747 0.6979156    0    0    0    0    0    0    0
[39,] 2.093747 0.0000000    0    0    0    0    0    0    0
[40,] 2.093747 0.3489578    0    0    0    0    0    0    0
[41,] 0.000000 0.0000000    0    0    0    0    0    0    0
[42,] 0.000000 0.0000000    0    0    0    0    0    0    0
[43,] 2.093747 0.0000000    0    0    0    0    0    0    0
[44,] 2.093747 0.3489578    0    0    0    0    0    0    0
[45,] 2.093747 0.3489578    0    0    0    0    0    0    0
[46,] 0.000000 0.0000000    0    0    0    0    0    0    0
[47,] 0.000000 0.0000000    0    0    0    0    0    0    0
[48,] 2.093747 0.0000000    0    0    0    0    0    0    0
[49,] 2.093747 0.3489578    0    0    0    0    0    0    0
[50,] 0.000000 0.0000000    0    0    0    0    0    0    0

$Ndateboots
          [,1]     [,2] [,3] [,4] [,5] [,6] [,7] [,8] [,9]
 [1,]  0.00000 1.851852    0    0    0    0    0    0    0
 [2,] 11.11111 1.851852    0    0    0    0    0    0    0
 [3,]  0.00000 0.000000    0    0    0    0    0    0    0
 [4,] 11.11111 0.000000    0    0    0    0    0    0    0
 [5,] 11.11111 1.851852    0    0    0    0    0    0    0
 [6,]  0.00000 0.000000    0    0    0    0    0    0    0
 [7,]  0.00000 1.851852    0    0    0    0    0    0    0
 [8,] 11.11111 0.000000    0    0    0    0    0    0    0
 [9,] 11.11111 1.851852    0    0    0    0    0    0    0
[10,] 11.11111 0.000000    0    0    0    0    0    0    0
[11,]  0.00000 1.851852    0    0    0    0    0    0    0
[12,]  0.00000 1.851852    0    0    0    0    0    0    0
[13,]  0.00000 0.000000    0    0    0    0    0    0    0
[14,]  0.00000 1.851852    0    0    0    0    0    0    0
[15,] 11.11111 0.000000    0    0    0    0    0    0    0
[16,] 11.11111 1.851852    0    0    0    0    0    0    0
[17,] 11.11111 0.000000    0    0    0    0    0    0    0
[18,]  0.00000 1.851852    0    0    0    0    0    0    0
[19,]  0.00000 1.851852    0    0    0    0    0    0    0
[20,] 11.11111 3.703704    0    0    0    0    0    0    0
[21,]  0.00000 0.000000    0    0    0    0    0    0    0
[22,] 11.11111 3.703704    0    0    0    0    0    0    0
[23,]  0.00000 3.703704    0    0    0    0    0    0    0
[24,]  0.00000 0.000000    0    0    0    0    0    0    0
[25,]  0.00000 0.000000    0    0    0    0    0    0    0
[26,]  0.00000 7.407407    0    0    0    0    0    0    0
[27,] 11.11111 0.000000    0    0    0    0    0    0    0
[28,] 11.11111 1.851852    0    0    0    0    0    0    0
[29,]  0.00000 0.000000    0    0    0    0    0    0    0
[30,] 11.11111 0.000000    0    0    0    0    0    0    0
[31,]  0.00000 0.000000    0    0    0    0    0    0    0
[32,]  0.00000 0.000000    0    0    0    0    0    0    0
[33,]  0.00000 3.703704    0    0    0    0    0    0    0
[34,]  0.00000 0.000000    0    0    0    0    0    0    0
[35,]  0.00000 1.851852    0    0    0    0    0    0    0
[36,]  0.00000 1.851852    0    0    0    0    0    0    0
[37,]  0.00000 0.000000    0    0    0    0    0    0    0
[38,] 11.11111 3.703704    0    0    0    0    0    0    0
[39,] 11.11111 0.000000    0    0    0    0    0    0    0
[40,] 11.11111 1.851852    0    0    0    0    0    0    0
[41,]  0.00000 0.000000    0    0    0    0    0    0    0
[42,]  0.00000 0.000000    0    0    0    0    0    0    0
[43,] 11.11111 0.000000    0    0    0    0    0    0    0
[44,] 11.11111 1.851852    0    0    0    0    0    0    0
[45,] 11.11111 1.851852    0    0    0    0    0    0    0
[46,]  0.00000 0.000000    0    0    0    0    0    0    0
[47,]  0.00000 0.000000    0    0    0    0    0    0    0
[48,] 11.11111 0.000000    0    0    0    0    0    0    0
[49,] 11.11111 1.851852    0    0    0    0    0    0    0
[50,]  0.00000 0.000000    0    0    0    0    0    0    0

