$totdays
[1] 365

$Psampest
[1] 70.59237

$Pbootest
     Mean      2.5%       50%     97.5% 
 71.96411  23.79373  67.53721 127.06219 

$Pboots
 [1]  19.82354  59.23272  58.55267  64.04652  61.02839  43.38849  79.37872  89.09314
 [9]  75.28583  71.59849  38.43312  64.36949 150.65754 118.02520  23.37034  97.81199
[17]  94.13162  44.54004  26.75410  42.19898  92.55364  54.19883  65.10910  25.25205
[25]  44.53672  59.42720  85.70898  46.50725 128.68994 106.86875  81.50434  48.24036
[33]  45.80967  98.57666  76.46096 118.27056  74.19614  54.98267  75.80320 109.55904
[41]  31.26050  67.84914 121.45547  67.22528 118.67198  78.64434  97.76886  53.59862
[49]  99.94828  47.80598

$Bboots
 [1]  4.299183 13.813024 12.963882 11.566189 13.359698  7.055125 15.266641 17.820400
 [9] 14.516497 15.434303  6.299784 11.917421 26.848411 22.339408  5.267855 17.533287
[17] 18.699437  7.343702  5.047261  7.110298 16.027284  7.568394 10.102857  5.041254
[25]  7.251140 11.254634 14.941177  7.722487 22.702249 19.325812 13.442339 10.188719
[33]  7.777318 17.855451 16.391583 22.115406 14.095308 11.951596 10.166601 19.922032
[41]  7.112711 13.619576 22.714864 12.248234 22.147470 15.169222 19.449094 11.268789
[49] 17.650425 10.311798

$Nboots
 [1] 23.75000 54.51389 48.88889 24.23611 49.65278 27.75463 52.73148 44.42130 45.43981
[10] 43.37963 31.38889 43.72685 49.67593 55.50926 31.36574 53.07870 49.46759 33.19444
[19] 29.02778 31.52778 42.38426 25.50926 34.35185 21.52778 20.64815 33.00926 40.55556
[28] 25.18519 56.68981 43.68056 31.96759 35.41667 33.77315 60.20833 41.29630 56.50463
[37] 50.94907 47.33796 20.74074 46.11111 37.29167 45.87963 59.18981 38.21759 54.39815
[46] 41.68981 49.90741 38.93519 53.58796 40.62500

$julians
[1] 2040 2085 2122 2143 2192 2232 2278 2283 2362

$intdays
[1] 45 37 21 49 40 46  5 79 43

$Pintsampest
[1] 18.01694712  9.51161997  0.31193467  1.37843749  4.51682719  4.24074200  0.09904899
[8] 18.79056363 13.72624675

$Pintboots
           [,1]       [,2]       [,3]      [,4]      [,5]      [,6]       [,7]
 [1,]  4.825224  1.2105594 0.44205864 2.1848772  2.890052 1.3988568 0.09654328
 [2,] 16.742069  9.2753288 0.10664240 3.5997413 10.318654 8.9252238 0.10271663
 [3,] 18.467605  9.2753288 0.06440188 4.3676664  7.864643 5.1357199 0.08554037
 [4,] 17.865310  8.9970248 0.07868527 2.2158511  1.911111 0.4351097 0.09904899
 [5,] 22.206984  9.5100481 0.28543120 0.6025496  6.416127 7.2401659 0.11506333
 [6,]  7.863593  1.1014437 0.32912539 1.4182290  2.040759 1.3321771 0.14525016
 [7,] 20.894650  9.3844445 0.31193467 0.2104192  6.021588 7.0256304 0.14775587
 [8,] 25.539499 18.5890918 0.55801378 1.5875798  3.781914 3.2538603 0.09904899
 [9,] 18.285152  9.5131919 0.31835898 1.3933079  6.107472 6.0726110 0.09904899
[10,] 27.270268 18.8673957 0.53296399 1.2272781  1.890248 1.2316351 0.13791488
[11,]  5.182517  0.5613236 0.04866483 1.2806631  2.897686 2.3190588 0.14525016
[12,] 14.128777  9.4009323 0.03147411 1.0897122  3.689591 3.3947100 0.09538136
[13,] 38.922156 26.6071326 0.29619761 0.3251519  1.248457 1.6607062 0.17727884
[14,] 26.973585 17.5296608 0.15033658 3.5497211  7.720571 6.0967902 0.15759686
[15,]  5.286319  0.8411995 0.10664240 0.2468459  5.164661 6.1634700 0.05651546
[16,] 19.342579  9.6882734 0.23676638 3.3893221  7.137363 5.3184827 0.10888998
[17,] 27.985951 17.7690958 0.33554970 1.5842588  4.667337 4.3982808 0.11255762
[18,]  6.775873  1.2286192 0.31193467 1.6807563  3.141714 2.2851965 0.08920800
[19,] 10.220957  0.1542723 0.09090534 0.6638974  2.377909 2.3508315 0.08920800
[20,]  7.744179  0.5868486 0.07516829 0.1739925  3.574016 4.2176075 0.09654328
[21,] 19.596087  9.7914958 0.28688487 1.1692952  4.366317 4.1170655 0.08920800
[22,]  2.985508  1.3632598 0.51722694 0.4763113  1.370472 1.4219914 0.04667447
[23,]  7.842246  0.4341482 0.05797757 1.6045381  4.760856 4.2407420 0.09904899
[24,]  9.655620  0.0000000 0.04866483 0.4149636  2.989613 3.3775368 0.10888998
[25,]  9.974057  0.3921354 0.33698446 2.7555981  2.191665 0.5183752 0.11873097
[26,] 14.966302 10.0517401 0.51577327 1.4898054  2.191269 1.3649946 0.09287564
[27,] 14.046820 10.3316159 0.51722694 3.3757286  3.710849 1.5805749 0.16859977
[28,] 10.745091  1.7553952 0.78049677 1.4397852  1.126839 0.3936540 0.15759686
[29,] 25.402074 18.4619163 0.49072347 1.2806631  5.373754 5.2276237 0.04667447
[30,] 28.611491 18.3272756 0.26969415 0.4149636  2.227399 2.4658698 0.05284783
[31,] 17.847302  8.9954529 0.01573705 0.3387454  1.341976 1.3321771 0.14525016
[32,] 19.191860  9.8990396 0.49072347 0.4149636  2.255895 2.3508315 0.03683349
[33,]  7.684935  0.5644674 0.11740881 1.2886258  4.366317 4.1170655 0.08920800
[34,] 19.783735  9.4040761 0.15964932 3.5712774  7.900773 6.3043196 0.10522234
[35,] 29.209198 17.3785323 0.09090534 1.5295969  3.810410 3.3436746 0.15759686
[36,] 31.558874 18.8673957 0.57520451 1.3250525  5.251740 5.1706269 0.04050112
[37,] 18.314070  9.5371449 0.33843813 1.7421040  5.617783 5.1367647 0.03683349
[38,] 21.538197  9.5552047 0.01573705 0.3387454  4.674971 5.1937614 0.14775587
[39,]  6.793881  0.8411995 0.01573705 1.0532856  1.890248 1.2316351 0.03316585
[40,] 28.136180 17.5312328 0.06440188 2.3339486  3.718483 2.3421933 0.09538136
[41,]  8.602520  0.6720112 0.33554970 1.7354181  6.351501 6.0726110 0.15142351
[42,] 13.036469  9.0790437 0.32767172 2.5828824  7.078780 6.2532842 0.16743785
[43,] 30.931436 17.5296608 0.17538638 1.5739863  6.992896 7.0584479 0.09538136
[44,] 19.447756  9.2529476 0.07516829 0.4763113  2.227399 2.4427353 0.10271663
[45,] 28.166506 17.9186524 0.33843813 3.3223436  6.036408 4.4224600 0.17110549
[46,] 20.901291  9.2482319 0.10021809 2.4168526  6.928270 6.1634700 0.05651546
[47,] 29.019057 18.4964639 0.09090534 2.2441370  5.215610 4.1498830 0.14158252
[48,] 19.860497  9.4009323 0.14744815 2.5261764  3.775475 2.3846938 0.09287564
[49,] 19.710757  9.2769007 0.09090534 1.5295969  7.114910 7.0584479 0.09538136
[50,] 16.641573  9.3604915 0.38067865 0.6718601  3.789548 4.1170655 0.03683349
           [,8]      [,9]
 [1,]  3.513231  3.262140
 [2,]  1.701669  8.460677
 [3,]  3.513231  9.778532
 [4,] 18.790564 13.653816
 [5,]  3.178546 11.473477
 [6,] 19.962223  9.195686
 [7,] 19.962223 15.420074
 [8,] 18.455879 17.228254
 [9,] 19.459932 14.036756
[10,]  5.827083 14.613704
[11,] 18.485345  7.512609
[12,] 20.267441 12.271471
[13,] 49.374696 32.045766
[14,] 33.762678 22.084262
[15,]  2.341571  3.163116
[16,] 34.067897 18.522421
[17,] 18.790564 18.488021
[18,] 20.267441  8.759298
[19,]  4.655424  6.150695
[20,] 17.313686  8.416937
[21,] 34.402581 18.734710
[22,] 35.042484 10.974904
[23,] 33.260388 12.809154
[24,]  3.178546  5.478218
[25,] 18.455879  9.793297
[26,] 16.979002 11.775443
[27,] 35.574240 16.403328
[28,] 19.627539 10.480857
[29,] 47.366061 25.040451
[30,] 32.088728 22.410480
[31,] 33.762678 17.725020
[32,]  3.483765 10.116449
[33,] 18.790564  8.791079
[34,] 32.925703 18.421902
[35,]  5.492399 15.448650
[36,] 31.754044 23.727121
[37,] 19.430466 14.042539
[38,]  2.538644 10.979656
[39,] 47.700746 16.243299
[40,] 32.925703 22.411514
[41,]  2.538644  4.800827
[42,] 18.150661 11.172912
[43,] 33.260388 23.837890
[44,] 18.790564 14.409684
[45,] 35.239556 23.056509
[46,] 17.953589 14.875906
[47,] 19.292854 19.118363
[48,]  4.655424 10.755098
[49,] 35.879459 19.191923
[50,]  3.818449  8.989483

$Bdatesampinfo
      DATE JULIAN N       Mean       Stdev
1 08/02/11   2040 5 28.7029229  24.4423063
2 09/16/11   2085 6 45.1378607 104.3044993
3 10/23/11   2122 5  1.9247259   4.3038180
4 11/13/11   2143 5  0.7916073   0.8328018
5 01/01/12   2192 5  4.3941080   8.3275647
6 02/10/12   2232 4 16.6573027  21.6412740
7 03/27/12   2278 5  0.5047407   0.8024635
8 04/01/12   2283 2  3.1961589   2.7675294
9 06/19/12   2362 5 40.7371531  79.5689971

$Ndatesampinfo
      DATE JULIAN N       Mean      Stdev
1 08/02/11   2040 5  22.222222   7.856742
2 09/16/11   2085 6  75.925926 143.400788
3 10/23/11   2122 5  11.111111  24.845200
4 11/13/11   2143 5  15.555556  18.592445
5 01/01/12   2192 5  11.111111  15.713484
6 02/10/12   2232 4 150.000000 157.265731
7 03/27/12   2278 5   4.444444   6.085806
8 04/01/12   2283 2  38.888889  23.570226
9 06/19/12   2362 5  35.555556  38.005848

$Bdateboots
           [,1]         [,2]     [,3]      [,4]       [,5]       [,6]      [,7]
 [1,] 17.635495   2.14038470 3.849452 0.0000000  8.2195474  5.2499887 0.4111166
 [2,] 22.722388  45.89342270 0.000000 0.9286462 12.6136554 35.4780686 0.6417796
 [3,] 29.794381  45.89342270 0.000000 0.5608141 15.8704261 20.7839753 0.0000000
 [4,] 28.702923  44.51637774 0.000000 0.6851944  7.6508787  1.2561267 0.5047407
 [5,] 45.882917  45.13008295 1.924726 0.5608141  1.7060059 28.1974273 1.1031054
 [6,] 28.702923   3.52520744 1.924726 0.9413047  4.3941080  5.1171781 0.2740778
 [7,] 41.125872  44.50859996 1.924726 0.7916073  0.0000000 28.0646166 0.3677018
 [8,] 16.544037  88.12755898 3.849452 1.0097420  4.9627766 12.6634407 0.5047407
 [9,] 29.794381  45.14563851 1.924726 0.8475504  4.3941080 24.0707546 0.5047407
[10,] 22.260509  89.50460394 3.849452 0.7916073  3.8254394  4.9843674 0.0000000
[11,] 18.462891   2.77742325 0.000000 0.4237752  4.3941080  9.1110401 0.2740778
[12,] 11.390898  46.51490569 0.000000 0.2740778  3.8254394 13.3705234 0.3677018
[13,] 29.794381 129.72465672 1.924726 0.6545684  0.5686686  5.2499887 1.4708072
[14,] 23.813847  86.73495847 0.000000 1.3091368 12.0449867 23.9379440 0.7354036
[15,] 17.503464   4.16224599 0.000000 0.9286462  0.0000000 24.0707546 0.8724425
[16,] 33.262151  46.01194611 1.924726 0.1370389 12.6136554 20.6511647 0.8724425
[17,] 28.702923  85.99495206 1.924726 0.9972478  4.9627766 16.7901133 1.0094813
[18,] 23.616030   4.15446821 1.924726 0.7916073  5.5314453  9.1110401 0.1370389
[19,] 41.125872   0.76333974 0.000000 0.7916073  1.7060059  9.3766614 0.1370389
[20,] 28.834954   2.90372444 0.000000 0.6545684  0.0000000 16.6573027 0.4111166
[21,] 33.789816  46.52268347 1.924726 0.5734726  3.8254394 16.5244920 0.1370389
[22,]  9.340012   2.89594667 3.849452 0.6545684  1.1373373  5.2499887 0.5047407
[23,] 29.992198   2.14816248 0.000000 0.5048710  5.5314453 16.6573027 0.5047407
[24,] 39.572534   0.00000000 0.000000 0.4237752  1.1373373 12.7962513 0.8724425
[25,] 40.861809   0.01555556 1.924726 1.0097420  9.3568847  0.8576948 1.2401443
[26,] 15.452578  45.88564492 3.849452 0.6419099  4.9627766  5.2499887 0.2740778
[27,] 10.299439  47.27046766 3.849452 0.6545684 12.0449867  5.2499887 1.1465202
[28,] 41.125872   2.91150222 5.774178 1.0224005  4.3941080  0.8576948 0.7354036
[29,] 16.609822  87.49829821 3.849452 0.4237752  4.3941080 20.6511647 0.5047407
[30,] 28.505106  88.75681976 1.924726 0.4237752  1.1373373  9.2438507 0.7354036
[31,] 28.637137  44.50859996 0.000000 0.1370389  1.1373373  5.1171781 0.2740778
[32,] 33.526213  45.13008295 3.849452 0.4237752  1.1373373  9.3766614 0.1370389
[33,] 28.702923   2.79297881 0.000000 1.0224005  3.8254394 16.5244920 0.1370389
[34,] 34.551426  46.53046125 0.000000 1.3902326 12.0449867 24.7778373 0.7354036
[35,] 33.724031  85.98717428 0.000000 0.7916073  4.9627766 12.7962513 0.7354036
[36,] 39.836596  89.50460394 3.849452 1.1594394  3.8254394 20.6511647 0.2740778
[37,] 29.794381  45.26416192 1.924726 1.0224005  5.5314453 20.6511647 0.1370389
[38,] 40.993841  47.27824543 0.000000 0.1370389  1.1373373 20.6511647 0.3677018
[39,] 23.681815   4.16224599 0.000000 0.1370389  3.8254394  4.9843674 0.0000000
[40,] 28.570892  86.74273625 0.000000 0.5608141  8.2195474  9.1110401 0.3677018
[41,] 33.856062   1.40037829 1.924726 0.9972478  5.5314453 24.0707546 0.5047407
[42,] 10.431471  42.99747603 1.924726 0.9286462  8.7882160 24.2035653 1.1031054
[43,] 40.034414  86.73495847 0.000000 1.5272715  4.3941080 28.1974273 0.3677018
[44,] 33.921848  45.78267706 0.000000 0.6545684  1.1373373  9.2438507 0.6417796
[45,] 28.702923  86.73495847 1.924726 1.0224005 11.4763181 16.6573027 1.2401443
[46,] 39.902382  45.75934373 0.000000 0.8727031  8.2195474 24.0707546 0.8724425
[47,] 27.413647  91.51868745 0.000000 0.7916073  7.6508787 16.6573027 0.1370389
[48,] 34.881275  46.51490569 0.000000 1.2839842  8.2195474  9.3766614 0.2740778
[49,] 34.881275  45.90120047 0.000000 0.7916073  4.9627766 28.1974273 0.3677018
[50,] 23.813847  44.39007654 1.924726 1.3902326  1.1373373 16.5244920 0.1370389
          [,8]        [,9]
 [1,] 3.196159   5.0181321
 [2,] 3.196159   0.7825282
 [3,] 3.196159   5.0181321
 [4,] 3.196159  40.7371531
 [5,] 3.196159   4.2356039
 [6,] 5.153098  41.5196812
 [7,] 5.153098  41.5196812
 [8,] 3.196159  39.9546249
 [9,] 3.196159  42.3022094
[10,] 5.153098   8.4712078
[11,] 5.153098  38.0666055
[12,] 3.196159  44.1902288
[13,] 5.153098 110.2871757
[14,] 5.153098  73.7856265
[15,] 1.239220   4.2356039
[16,] 3.196159  76.4561741
[17,] 3.196159  40.7371531
[18,] 3.196159  44.1902288
[19,] 3.196159   7.6886796
[20,] 3.196159  37.2840773
[21,] 3.196159  77.2387023
[22,] 1.239220  80.6917780
[23,] 3.196159  74.5681547
[24,] 3.196159   4.2356039
[25,] 3.196159  39.9546249
[26,] 3.196159  36.5015492
[27,] 5.153098  78.0212304
[28,] 5.153098  40.7371531
[29,] 1.239220 109.5046476
[30,] 1.239220  73.7856265
[31,] 5.153098  73.7856265
[32,] 1.239220   6.9061515
[33,] 3.196159  40.7371531
[34,] 3.196159  73.7856265
[35,] 5.153098   7.6886796
[36,] 1.239220  73.0030984
[37,] 1.239220  44.1902288
[38,] 5.153098   0.7825282
[39,] 1.239220 110.2871757
[40,] 3.196159  73.7856265
[41,] 5.153098   0.7825282
[42,] 5.153098  37.2840773
[43,] 3.196159  74.5681547
[44,] 3.196159  40.7371531
[45,] 5.153098  77.2387023
[46,] 1.239220  40.7371531
[47,] 5.153098  39.9546249
[48,] 3.196159   7.6886796
[49,] 3.196159  80.6917780
[50,] 1.239220   7.6886796

$Ndateboots
          [,1]       [,2]     [,3]      [,4]      [,5]      [,6]      [,7]     [,8]
 [1,] 17.77778  11.111111 22.22222  0.000000 17.777778  72.22222  6.666667 38.88889
 [2,] 20.00000  83.333333  0.00000 17.777778 28.888889 247.22222  6.666667 38.88889
 [3,] 22.22222  83.333333  0.00000  8.888889 31.111111 205.55556  0.000000 38.88889
 [4,] 22.22222  83.333333  0.00000 11.111111 13.333333  13.88889  4.444444 38.88889
 [5,] 24.44444  72.222222 11.11111  8.888889 13.333333 225.00000  6.666667 38.88889
 [6,] 22.22222  14.814815 11.11111 17.777778 11.111111  75.00000  4.444444 55.55556
 [7,] 17.77778  79.629630 11.11111 15.555556  0.000000 227.77778  2.222222 55.55556
 [8,] 17.77778 137.037037 22.22222 22.222222 15.555556  91.66667  4.444444 38.88889
 [9,] 22.22222  79.629630 11.11111 13.333333 11.111111 169.44444  4.444444 38.88889
[10,] 28.88889 137.037037 22.22222 15.555556  6.666667  77.77778  0.000000 55.55556
[11,] 26.66667  11.111111  0.00000  6.666667 11.111111 133.33333  4.444444 55.55556
[12,] 24.44444  75.925926  0.00000  4.444444  6.666667 186.11111  2.222222 38.88889
[13,] 22.22222 190.740741 11.11111 13.333333  4.444444  72.22222  8.888889 55.55556
[14,] 20.00000 129.629630  0.00000 26.666667 24.444444 172.22222  4.444444 55.55556
[15,] 22.22222  14.814815  0.00000 17.777778  0.000000 169.44444  6.666667 22.22222
[16,] 28.88889  90.740741 11.11111  2.222222 28.888889 208.33333  6.666667 38.88889
[17,] 22.22222 129.629630 11.11111 15.555556 15.555556 147.22222  8.888889 38.88889
[18,] 20.00000  11.111111 11.11111 15.555556 20.000000 133.33333  2.222222 38.88889
[19,] 17.77778  11.111111  0.00000 15.555556 13.333333 127.77778  2.222222 38.88889
[20,] 17.77778  22.222222  0.00000 13.333333  0.000000 150.00000  6.666667 38.88889
[21,] 24.44444  79.629630 11.11111  8.888889  6.666667 152.77778  2.222222 38.88889
[22,] 20.00000  18.518519 22.22222 13.333333  8.888889  72.22222  4.444444 22.22222
[23,] 22.22222  14.814815  0.00000 11.111111 20.000000 150.00000  4.444444 38.88889
[24,] 26.66667   0.000000  0.00000  6.666667  8.888889  88.88889  6.666667 38.88889
[25,] 26.66667   7.407407 11.11111 22.222222 26.666667  22.22222  8.888889 38.88889
[26,] 17.77778  79.629630 22.22222 13.333333 15.555556  72.22222  4.444444 38.88889
[27,] 24.44444  83.333333 22.22222 13.333333 24.444444  72.22222 11.111111 55.55556
[28,] 17.77778  25.925926 33.33333 22.222222 11.111111  22.22222  4.444444 55.55556
[29,] 22.22222 140.740741 22.22222  6.666667 11.111111 208.33333  4.444444 22.22222
[30,] 22.22222 133.333333 11.11111  6.666667  8.888889 130.55556  4.444444 22.22222
[31,] 17.77778  79.629630  0.00000  2.222222  8.888889  75.00000  4.444444 55.55556
[32,] 20.00000  72.222222 22.22222  6.666667  8.888889 127.77778  2.222222 22.22222
[33,] 22.22222  18.518519  0.00000 22.222222  6.666667 152.77778  2.222222 38.88889
[34,] 28.88889  83.333333  0.00000 31.111111 24.444444 263.88889  4.444444 38.88889
[35,] 20.00000 125.925926  0.00000 15.555556 15.555556  88.88889  4.444444 55.55556
[36,] 17.77778 137.037037 22.22222 24.444444  6.666667 208.33333  4.444444 22.22222
[37,] 22.22222  87.037037 11.11111 22.222222 20.000000 208.33333  2.222222 22.22222
[38,] 22.22222  87.037037  0.00000  2.222222  8.888889 208.33333  2.222222 55.55556
[39,] 24.44444  14.814815  0.00000  2.222222  6.666667  77.77778  0.000000 22.22222
[40,] 26.66667 133.333333  0.00000  8.888889 17.777778 133.33333  2.222222 38.88889
[41,] 15.55556  11.111111 11.11111 15.555556 20.000000 169.44444  4.444444 55.55556
[42,] 20.00000  64.814815 11.11111 17.777778 22.222222 166.66667  6.666667 55.55556
[43,] 17.77778 129.629630  0.00000 33.333333 11.111111 225.00000  2.222222 38.88889
[44,] 20.00000  79.629630  0.00000 13.333333  8.888889 130.55556  6.666667 38.88889
[45,] 22.22222 129.629630 11.11111 22.222222 20.000000 150.00000  8.888889 55.55556
[46,] 22.22222  68.518519  0.00000 20.000000 17.777778 169.44444  6.666667 22.22222
[47,] 22.22222 137.037037  0.00000 15.555556 13.333333 150.00000  2.222222 55.55556
[48,] 24.44444  75.925926  0.00000 20.000000 17.777778 127.77778  4.444444 38.88889
[49,] 24.44444  87.037037  0.00000 15.555556 15.555556 225.00000  2.222222 38.88889
[50,] 20.00000  72.222222 11.11111 31.111111  8.888889 152.77778  2.222222 22.22222
           [,9]
 [1,] 24.444444
 [2,]  6.666667
 [3,] 24.444444
 [4,] 35.555556
 [5,] 17.777778
 [6,] 42.222222
 [7,] 42.222222
 [8,] 28.888889
 [9,] 48.888889
[10,] 35.555556
[11,] 31.111111
[12,] 46.666667
[13,] 60.000000
[14,] 42.222222
[15,] 17.777778
[16,] 46.666667
[17,] 35.555556
[18,] 46.666667
[19,] 28.888889
[20,] 24.444444
[21,] 53.333333
[22,] 64.444444
[23,] 48.888889
[24,] 17.777778
[25,] 28.888889
[26,] 17.777778
[27,] 60.000000
[28,] 35.555556
[29,] 53.333333
[30,] 42.222222
[31,] 42.222222
[32,] 22.222222
[33,] 35.555556
[34,] 42.222222
[35,] 28.888889
[36,] 35.555556
[37,] 46.666667
[38,]  6.666667
[39,] 60.000000
[40,] 42.222222
[41,]  6.666667
[42,] 24.444444
[43,] 48.888889
[44,] 35.555556
[45,] 53.333333
[46,] 35.555556
[47,] 28.888889
[48,] 28.888889
[49,] 64.444444
[50,] 28.888889

