$totdays
[1] 365

$Psampest
[1] 181.1118

$Pbootest
    Mean     2.5%      50%    97.5% 
183.5636 147.4324 186.8978 214.6589 

$Pboots
 [1] 184.2580 182.2028 192.5685 191.9109 209.4454 173.0657 195.6303 145.8135 177.8495
[10] 167.7251 196.5137 205.4085 190.0332 197.5950 161.3699 203.4991 180.5741 200.9685
[19] 207.3571 201.3852 157.1674 216.1725 205.9403 153.9593 178.9536 204.6820 186.0947
[28] 153.2134 180.0660 192.7597 178.6364 108.3011 187.7009 199.8852 172.4712 191.0176
[37] 174.9330 166.1999 201.3441 153.0083 190.3917 163.2298 199.0888 156.5727 162.9854
[46] 191.6681 184.0392 182.0553 222.2571 198.2094

$Bboots
 [1]  9.805312  9.338472 11.065373  8.992157 11.699133  8.294420 10.081481  8.858318
 [9]  9.666174  8.412478  9.272689 10.934574  9.876984  9.096847  8.943006 10.202633
[17]  8.303599  9.105649 10.160972 10.434711  7.817399 11.050261  9.230162  7.662700
[25]  8.513960 11.176808  9.455247  8.980094  9.558515  9.265923  9.366971  6.942029
[33]  8.946885 10.139075  8.417459  9.533674  9.497556  8.770435 10.308572  9.432357
[41]  9.182168  7.946191  9.901418  9.466511  9.508848  9.094250  9.021175 10.128789
[49] 10.001548 10.086996

$Nboots
 [1] 143.7963 122.5694 167.1759 119.6991 162.2454 130.9028 161.2037 117.3380 126.4352
[10] 129.0972 147.0370 172.4537 134.0509 136.7130 124.3981 140.9954 124.4444 147.4537
[19] 157.3611 162.1296 126.4815 161.0880 157.5926 101.1806 133.9120 159.7454 151.8750
[28] 132.5694 136.0185 146.8056 138.1713 100.9491 144.7917 136.5278 109.6759 147.2917
[37] 122.4769 126.1806 160.6250 141.2731 134.3519 100.1157 148.4954 137.6389 131.1111
[46] 133.3796 138.4028 138.5417 171.5046 148.7269

$julians
[1] 2040 2085 2122 2143 2192 2232 2278 2283 2362

$intdays
[1] 45 37 21 49 40 46  5 79 43

$Pintsampest
[1] 59.8224257 45.4474772  4.2824773  8.0401980  8.2342346 14.8101307  0.7084096
[8]  8.8009229 30.9655044

$Pintboots
          [,1]     [,2]     [,3]      [,4]      [,5]      [,6]      [,7]      [,8]
 [1,] 61.78950 41.53727 2.709415  2.939474 13.626253 20.295927 0.4870647  8.938366
 [2,] 61.59708 46.14065 2.385952  6.005987  8.052413 11.183599 0.6094567 13.160326
 [3,] 56.63139 33.41788 3.790687 11.741714 15.403067 24.737320 1.0583693 14.639604
 [4,] 71.69664 50.88666 3.672244  8.508624  5.146963  6.282928 0.3456102  8.800923
 [5,] 59.39066 50.92764 7.264074 13.855241 11.911685 19.334362 0.8426289 13.745047
 [6,] 59.96632 47.03191 3.455739  5.349946  4.176515 12.008996 0.8311951  9.110758
 [7,] 60.30237 51.06624 5.334753  8.502693 10.021448 19.274891 0.9519220  8.938366
 [8,] 46.17774 31.31783 1.737601  6.377561 11.580647 20.881731 0.8239257  3.856799
 [9,] 61.36639 41.37993 2.466278  4.955058  8.700587 16.685144 0.8291365  9.558037
[10,] 52.16917 41.08337 6.201972 11.707841  5.593136  8.594442 0.5949521 13.160326
[11,] 70.12389 51.59145 4.881226  6.229611  7.009111 11.540715 0.4787831  8.800923
[12,] 68.74383 46.64480 4.213782  7.463627 10.539046 22.729801 1.0587629  8.800923
[13,] 65.41954 48.82019 4.602277  7.383283  6.807958 13.890870 0.7166912  8.800923
[14,] 70.66981 57.87307 3.293016  4.281634  5.011649 11.080186 0.7084096  8.628530
[15,] 45.80852 35.56291 6.869416  9.131666  7.061786 15.508244 0.9397481 14.502161
[16,] 73.98799 38.03593 3.333497  9.565444 11.095028 13.966291 0.4825068 13.882490
[17,] 63.63291 51.35715 4.730400 10.953187  5.708091  8.310529 0.3460038  4.131684
[18,] 65.85535 52.97378 8.324036 14.975180  5.991817  9.624675 0.5918470  8.800923
[19,] 67.82636 48.60390 6.724058 10.559702  8.267578 15.355277 0.8266842 13.160326
[20,] 63.86803 48.52947 4.389436  9.947994 12.046934 18.665720 0.7021866 10.005315
[21,] 48.92136 39.53673 4.868530 12.227894  5.333249  9.972894 0.7084096  9.558037
[22,] 75.81495 56.73202 4.261166  5.984076  8.296629 17.561344 0.9463176  8.216202
[23,] 75.61837 52.77605 2.160414  6.292173  8.031380 13.184257 0.6036273  8.800923
[24,] 55.97927 40.17988 3.191938  7.474562  5.425327 10.247929 0.4812353  3.409520
[25,] 61.64738 49.78872 4.833696 10.096320  8.171840 10.664348 0.2480631  3.272078
[26,] 60.78752 50.17651 4.635073 13.238132  9.204683 19.035299 1.1873779 13.607605
[27,] 58.62131 45.24466 4.072224  9.850784  9.766773 16.971206 0.8090275 10.005315
[28,] 47.39875 25.49144 4.315273  8.931314 11.057219 21.774048 0.9297544  8.353645
[29,] 58.26126 56.85875 4.934773  6.531819  7.379660 13.041614 0.4853996  3.821848
[30,] 65.70385 48.30995 5.675864  9.028524  5.732677 15.018245 0.9581450  8.628530
[31,] 57.05017 40.39208 6.324215  9.708237  8.839280 17.042092 0.8255907  8.800923
[32,] 29.26820 19.47716 5.399649  7.942988 10.716461 16.692005 0.4735723  3.409520
[33,] 65.53999 52.12699 4.800900  7.474562  5.425327 15.465772 0.9328252  3.719356
[34,] 65.23510 59.81447 2.862458  9.605249  6.971985 12.286558 0.8090275  8.800923
[35,] 64.77429 43.70106 3.380881  6.017809  4.396949  7.230181 0.4725601  9.110758
[36,] 67.27199 47.07597 2.853191 12.038877  9.645645 14.845574 0.5963579  3.684406
[37,] 60.65710 43.12082 3.331133  3.795984  7.644055 16.008003 0.8069689  8.353645
[38,] 56.80652 43.54000 2.374467  1.219808  5.124020 17.858989 1.1656038  8.628530
[39,] 69.39451 50.06263 5.040520  9.554509 11.605233 17.860406 0.4812353  3.409520
[40,] 41.06622 25.01936 5.073316 13.518428 14.889251 22.422607 0.7084096  8.353645
[41,] 67.04946 50.10775 4.670972  9.496435  5.760830  9.685784 0.5995100  8.663480
[42,] 58.53459 42.02804 4.164034  8.154275  4.915911  6.336815 0.3580562  8.491087
[43,] 64.50169 53.99224 5.222191 11.050397  8.603082 13.336175 0.5876827  8.663480
[44,] 43.67110 32.76801 5.329149 10.839110 11.402443 20.014031 0.8291365  8.491087
[45,] 53.87542 33.28938 1.905792  1.888187 12.368634 22.013050 0.7063509  8.800923
[46,] 68.44798 49.24657 4.946258  9.182406  6.818259  9.104146 0.4642785  8.491087
[47,] 61.58106 51.39443 3.790687  7.765834  4.758676 13.206867 0.9297544  8.800923
[48,] 51.35468 52.33270 4.469615 10.992992  6.337106 13.357306 1.0784783 13.745047
[49,] 77.37061 61.01251 7.740435 10.302720  6.058842 11.192099 0.4911820  8.800923
[50,] 68.91467 57.08449 4.427835  6.029659  8.523107 15.729392 0.5797946  3.272078
          [,9]
 [1,] 31.93474
 [2,] 33.06731
 [3,] 31.14844
 [4,] 36.57030
 [5,] 32.17407
 [6,] 31.13429
 [7,] 31.23757
 [8,] 23.05970
 [9,] 31.90890
[10,] 28.61988
[11,] 35.85798
[12,] 35.21392
[13,] 33.59145
[14,] 36.04875
[15,] 25.98541
[16,] 39.14987
[17,] 31.40418
[18,] 33.83089
[19,] 36.03319
[20,] 33.23010
[21,] 26.04030
[22,] 38.35983
[23,] 38.47309
[24,] 27.56966
[25,] 30.23118
[26,] 32.80977
[27,] 30.75338
[28,] 24.96193
[29,] 28.75083
[30,] 33.70396
[31,] 29.65376
[32,] 14.92157
[33,] 32.21513
[34,] 33.49946
[35,] 33.38674
[36,] 33.00560
[37,] 31.21532
[38,] 29.48196
[39,] 33.93557
[40,] 21.95708
[41,] 34.35753
[42,] 30.24703
[43,] 33.13187
[44,] 23.22867
[45,] 28.13767
[46,] 34.96707
[47,] 31.81098
[48,] 28.38742
[49,] 39.28777
[50,] 33.64839

$Bdatesampinfo
      DATE JULIAN N      Mean      Stdev
1 08/02/11   2040 5 14.830139 10.6383268
2 09/16/11   2085 6 29.309981 19.6685355
3 10/23/11   2122 5  2.906453  2.0108783
4 11/13/11   2143 5  2.075161  3.2271502
5 01/01/12   2192 5  3.518055  3.4492880
6 02/10/12   2232 4 12.988900 12.1168491
7 03/27/12   2278 5  7.828582  7.8605070
8 04/01/12   2283 2  8.221824  4.4832534
9 06/19/12   2362 5  0.209675  0.3869988

$Ndatesampinfo
      DATE JULIAN N       Mean      Stdev
1 08/02/11   2040 5 244.444444 176.383421
2 09/16/11   2085 6 501.851852 355.098085
3 10/23/11   2122 5  44.444444  41.573971
4 11/13/11   2143 5  60.000000 105.876704
5 01/01/12   2192 5  46.666667  51.759176
6 02/10/12   2232 4 175.000000 203.947665
7 03/27/12   2278 5 117.777778 104.408977
8 04/01/12   2283 2  33.333333  31.426968
9 06/19/12   2362 5   4.444444   6.085806

$Bdateboots
           [,1]      [,2]      [,3]      [,4]      [,5]      [,6]      [,7]      [,8]
 [1,] 18.844414 26.830134 2.9284764 0.6048965 1.5354391 24.653823  4.125141  8.221824
 [2,] 15.509119 31.806474 2.7328484 0.0000000 4.8907291 12.066105  4.065099 11.391963
 [3,] 20.891411 20.462497 2.4386745 2.0751614 6.3972093 23.731028 11.297678 11.391963
 [4,] 18.655877 37.274636 2.2747319 2.0751614 3.8519211  6.187306  2.618903  8.221824
 [5,] 13.160214 34.892718 3.5478371 4.4107948 4.3964958 19.790494  8.477820 11.391963
 [6,] 11.915625 30.251539 2.4166515 1.4702649 1.8139978  6.187306  9.857728  8.221824
 [7,] 12.674325 30.701277 4.4957554 1.4702649 4.4618628 12.896225 11.946916  8.221824
 [8,] 13.962623 21.411036 2.2623712 0.0000000 5.0642280 18.867699 11.123375  5.051686
 [9,] 17.788361 28.033260 3.0580352 0.0000000 4.0098053 14.927165  9.917770  8.221824
[10,] 13.160214 24.333640 2.7328484 4.1503228 3.5733624 10.063836  4.473746 11.391963
[11,] 19.032950 30.160393 3.7117797 2.0751614 2.0271894 14.004370  4.359485  8.221824
[12,] 17.788361 28.769097 2.2527089 2.6800579 2.3610555 20.805964 13.386866  8.221824
[13,] 18.612169 33.836584 2.7425107 2.6800579 2.4636323 12.066105  7.594237  8.221824
[14,] 15.886192 36.717105 3.5478371 0.6048965 2.6924386  5.171836  7.828582  8.221824
[15,] 12.971678 20.420414 4.1919192 3.5454263 2.0824969 14.004370  9.154270 11.391963
[16,] 26.807856 27.583523 1.2951282 2.6800579 4.1279967 18.867699  2.150214 11.391963
[17,] 11.915625 35.834276 2.2870927 2.9405299 4.3411884  5.171836  4.708091  5.051686
[18,] 13.774086 33.295700 4.0059536 5.0156913 4.5171702  5.171836  5.625132  8.221824
[19,] 18.844414 30.251539 3.5725586 4.1503228 2.6371312 11.973430  7.888623 11.391963
[20,] 14.641602 31.340090 3.2440009 2.0751614 5.0642280 17.852229  8.002884  8.221824
[21,]  8.768867 23.727244 2.1107893 3.8898509 4.9063437  7.202776  7.828582  8.221824
[22,] 20.891411 37.257989 3.8543717 1.2097930 3.3601708 12.988900 11.063333  8.221824
[23,] 18.844414 32.075927 1.6333482 1.2097930 3.7941306 11.050635  6.328590  8.221824
[24,] 14.830139 28.482998 1.6333482 2.0751614 3.1288815  7.110101  6.388632  5.051686
[25,] 11.048109 33.689591 2.2650696 2.9405299 3.6759392 12.988900  1.975911  5.051686
[26,] 11.683380 35.227880 1.6209875 3.5454263 5.5559783 12.988900 13.152522 11.391963
[27,] 13.541841 27.263225 2.5909289 2.0751614 5.0089205 13.911695  9.442834  8.221824
[28,] 17.976898 15.984958 1.7849301 2.9405299 2.5818238 19.790494 11.532022  8.221824
[29,] 10.201992 37.257989 4.1795585 1.4702649 3.0659975 14.004370  6.274370  5.051686
[30,] 17.556116 30.251539 3.3838945 2.9405299 2.6371312  6.094631 11.772613  8.221824
[31,] 16.500063 25.438838 3.8543717 2.9405299 3.2394963 13.911695  8.974145  8.221824
[32,] 14.786430  8.912996 4.1919192 2.0751614 3.4627476 18.867699  5.565091  5.051686
[33,] 13.962623 31.248944 3.3865929 2.0751614 3.1288815  7.110101 12.503283  5.051686
[34,]  9.824919 43.290464 2.4166515 1.2097930 6.3419019  5.171836  9.442834  8.221824
[35,] 20.891411 28.974819 2.8967910 1.2097930 3.6759392  7.202776  4.533788  8.221824
[36,] 16.688600 32.845962 0.6537445 2.6800579 6.0633432 12.988900  7.594237  5.051686
[37,] 17.976898 29.965441 3.3865929 0.6048965 2.3057481 12.988900  9.502876  8.221824
[38,] 15.018675 27.804109 2.9064534 0.0000000 0.8148826  8.032896 14.826816  8.221824
[39,] 17.976898 32.845962 2.7425107 3.2849544 3.3601708 19.790494  6.388632  5.051686
[40,] 15.018675 15.378562 1.6209875 4.1503228 5.0642280 25.669293  7.828582  8.221824
[41,] 15.632547 32.396224 3.3962552 2.0751614 4.8882461  8.125571  6.448673  8.221824
[42,] 16.688600 29.965441 2.7425107 2.0751614 3.7312466  6.187306  2.270297  8.221824
[43,] 14.786430 34.686996 2.7548715 2.9405299 4.3964958 12.988900  5.739393  8.221824
[44,] 11.494844 20.846723 3.0924190 2.9405299 4.1279967 20.805964  9.917770  8.221824
[45,] 17.976898 23.835037 1.9365119 0.6048965 0.7595751 23.731028  7.888623  8.221824
[46,] 18.655877 30.815853 4.0059536 1.4702649 5.0642280  9.048366  4.768132  8.221824
[47,] 10.057164 33.181124 2.4386745 2.0751614 3.3998636  6.187306 11.532022  8.221824
[48,]  4.184428 34.778142 3.7241404 1.4702649 6.5550935  9.141041 11.772613 11.391963
[49,] 16.688600 38.108401 3.3865929 5.0156913 0.7595751 12.066105  4.005058  8.221824
[50,] 15.886192 38.314123 3.5258140 1.4702649 2.4163629 13.911695  8.062926  5.051686
           [,9]
 [1,] 0.2411170
 [2,] 0.0000000
 [3,] 0.5661411
 [4,] 0.2096750
 [5,] 0.2096750
 [6,] 0.3564661
 [7,] 0.2411170
 [8,] 0.2096750
 [9,] 0.5346991
[10,] 0.0000000
[11,] 0.2096750
[12,] 0.2096750
[13,] 0.2096750
[14,] 0.0943260
[15,] 0.5346991
[16,] 0.2411170
[17,] 0.2725590
[18,] 0.2096750
[19,] 0.0000000
[20,] 0.7129322
[21,] 0.5346991
[22,] 0.0000000
[23,] 0.2096750
[24,] 0.0314420
[25,] 0.0000000
[26,] 0.1782330
[27,] 0.7129322
[28,] 0.0314420
[29,] 0.1257680
[30,] 0.0943260
[31,] 0.2096750
[32,] 0.0314420
[33,] 0.1782330
[34,] 0.2096750
[35,] 0.3564661
[36,] 0.0943260
[37,] 0.0314420
[38,] 0.0943260
[39,] 0.0314420
[40,] 0.0314420
[41,] 0.1782330
[42,] 0.0628840
[43,] 0.1782330
[44,] 0.0628840
[45,] 0.2096750
[46,] 0.0628840
[47,] 0.2096750
[48,] 0.2096750
[49,] 0.2096750
[50,] 0.0000000

$Ndateboots
           [,1]     [,2]      [,3]      [,4]      [,5]      [,6]      [,7]     [,8]
 [1,] 293.33333 448.1481 35.555556  11.11111  20.00000 383.33333  68.88889 33.33333
 [2,] 271.11111 444.4444 48.888889   0.00000  66.66667 158.33333  71.11111 55.55556
 [3,] 311.11111 390.7407 31.111111  60.00000 108.88889 366.66667 164.44444 55.55556
 [4,] 320.00000 498.1481 26.666667  60.00000  62.22222  63.88889  51.11111 33.33333
 [5,] 173.33333 496.2963 53.333333 146.66667  40.00000 286.11111 131.11111 55.55556
 [6,] 226.66667 561.1111 40.000000  48.88889  35.55556  63.88889 148.88889 33.33333
 [7,] 240.00000 562.9630 80.000000  48.88889  68.88889 194.44444 177.77778 33.33333
 [8,] 244.44444 275.9259 26.666667   0.00000  71.11111 269.44444 160.00000 11.11111
 [9,] 320.00000 381.4815 48.888889   0.00000  48.88889 188.88889 146.66667 33.33333
[10,] 173.33333 505.5556 48.888889 120.00000  46.66667  91.66667  77.77778 55.55556
[11,] 266.66667 624.0741 57.777778  60.00000  22.22222 172.22222  71.11111 33.33333
[12,] 320.00000 562.9630 35.555556  71.11111  37.77778 283.33333 193.33333 33.33333
[13,] 262.22222 496.2963 40.000000  71.11111  24.44444 158.33333 115.55556 33.33333
[14,] 217.77778 670.3704 53.333333  11.11111  28.88889  66.66667 117.77778 33.33333
[15,] 200.00000 335.1852 71.111111 108.88889  22.22222 172.22222 126.66667 55.55556
[16,] 462.22222 379.6296 17.777778  71.11111  53.33333 269.44444  46.66667 55.55556
[17,] 226.66667 555.5556 26.666667  97.77778  40.00000  66.66667  80.00000 11.11111
[18,] 271.11111 557.4074 75.555556 157.77778  68.88889  66.66667  82.22222 33.33333
[19,] 293.33333 561.1111 53.333333 120.00000  28.88889 177.77778 115.55556 55.55556
[20,] 271.11111 553.7037 44.444444  60.00000  71.11111 272.22222 122.22222 33.33333
[21,] 177.77778 507.4074 22.222222  93.33333  84.44444  61.11111 117.77778 33.33333
[22,] 311.11111 609.2593 71.111111  22.22222  60.00000 175.00000 162.22222 33.33333
[23,] 293.33333 735.1852 17.777778  22.22222  37.77778 161.11111 104.44444 33.33333
[24,] 244.44444 383.3333 17.777778  60.00000  31.11111  80.55556 102.22222 11.11111
[25,] 226.66667 562.9630 35.555556  97.77778  33.33333 175.00000  42.22222 11.11111
[26,] 195.55556 557.4074 17.777778 108.88889  73.33333 175.00000 191.11111 55.55556
[27,] 240.00000 561.1111 35.555556  60.00000  71.11111 191.66667 137.77778 33.33333
[28,] 293.33333 277.7778 22.222222  97.77778  28.88889 286.11111 166.66667 33.33333
[29,]  97.77778 609.2593 71.111111  48.88889  26.66667 172.22222  95.55556 11.11111
[30,] 288.88889 561.1111 48.888889  97.77778  28.88889  83.33333 173.33333 33.33333
[31,] 315.55556 387.0370 71.111111  97.77778  31.11111 191.66667 133.33333 33.33333
[32,] 186.66667 170.3704 71.111111  60.00000  46.66667 269.44444  84.44444 11.11111
[33,] 244.44444 616.6667 57.777778  60.00000  31.11111  80.55556 177.77778 11.11111
[34,] 151.11111 605.5556 40.000000  22.22222 108.88889  66.66667 137.77778 33.33333
[35,] 311.11111 440.7407 53.333333  22.22222  33.33333  61.11111  75.55556 33.33333
[36,] 288.88889 555.5556  8.888889  71.11111  93.33333 175.00000 115.55556 11.11111
[37,] 293.33333 381.4815 57.777778  11.11111  37.77778 175.00000 135.55556 33.33333
[38,] 217.77778 500.0000 44.444444   0.00000  13.33333  97.22222 208.88889 33.33333
[39,] 293.33333 555.5556 40.000000  82.22222  60.00000 286.11111 102.22222 11.11111
[40,] 217.77778 279.6296 17.777778 120.00000  71.11111 380.55556 117.77778 33.33333
[41,] 315.55556 553.7037 48.888889  60.00000  42.22222  77.77778 100.00000 33.33333
[42,] 288.88889 381.4815 40.000000  60.00000  33.33333  63.88889  42.22222 33.33333
[43,] 186.66667 618.5185 40.000000  97.77778  40.00000 175.00000  88.88889 33.33333
[44,] 222.22222 333.3333 40.000000  97.77778  53.33333 283.33333 146.66667 33.33333
[45,] 293.33333 333.3333 26.666667  11.11111  13.33333 366.66667 115.55556 33.33333
[46,] 320.00000 503.7037 75.555556  48.88889  71.11111  94.44444  77.77778 33.33333
[47,] 182.22222 616.6667 31.111111  60.00000  42.22222  63.88889 166.66667 33.33333
[48,]  88.88889 555.5556 57.777778  48.88889  95.55556  75.00000 173.33333 55.55556
[49,] 288.88889 731.4815 57.777778 157.77778  13.33333 158.33333  73.33333 33.33333
[50,] 217.77778 609.2593 62.222222  48.88889  37.77778 191.66667 120.00000 11.11111
          [,9]
 [1,] 6.666667
 [2,] 0.000000
 [3,] 8.888889
 [4,] 4.444444
 [5,] 4.444444
 [6,] 4.444444
 [7,] 6.666667
 [8,] 4.444444
 [9,] 6.666667
[10,] 0.000000
[11,] 4.444444
[12,] 4.444444
[13,] 4.444444
[14,] 6.666667
[15,] 6.666667
[16,] 6.666667
[17,] 8.888889
[18,] 4.444444
[19,] 0.000000
[20,] 8.888889
[21,] 6.666667
[22,] 0.000000
[23,] 4.444444
[24,] 2.222222
[25,] 0.000000
[26,] 2.222222
[27,] 8.888889
[28,] 2.222222
[29,] 8.888889
[30,] 6.666667
[31,] 4.444444
[32,] 2.222222
[33,] 2.222222
[34,] 4.444444
[35,] 4.444444
[36,] 6.666667
[37,] 2.222222
[38,] 6.666667
[39,] 2.222222
[40,] 2.222222
[41,] 2.222222
[42,] 4.444444
[43,] 2.222222
[44,] 4.444444
[45,] 4.444444
[46,] 4.444444
[47,] 4.444444
[48,] 4.444444
[49,] 4.444444
[50,] 0.000000

