$totdays
[1] 365

$Psampest
[1] NA

$Pbootest
     Mean      2.5%       50%     97.5% 
0.1778349 0.0000000 0.0000000 1.7515647 

$Pboots
 [1] 0.0000000 0.0000000 0.0000000 0.0000000 0.0000000 0.0000000 0.0000000 0.6500711
 [9] 1.5808121 0.5767367 0.0000000 0.0000000 0.0000000 0.1297493 0.0000000 0.0000000
[17] 0.0000000 0.0000000 0.0000000 0.0000000 0.0000000 0.0000000 0.0000000 0.0000000
[25] 0.0000000 0.0000000 0.0000000 0.0000000 0.0000000 0.2965103 0.0000000 0.0000000
[33] 0.0000000 0.0000000 0.0000000 0.0000000 0.0000000 0.0390522 0.0000000 1.8011381
[41] 0.0000000 0.1102232 0.3253342 0.0000000 0.0000000 0.0000000 0.0000000 0.0000000
[49] 0.0000000 3.3821174

$Bboots
 [1] 0.0000000000 0.0000000000 0.0000000000 0.0000000000 0.0000000000 0.0000000000
 [7] 0.0000000000 0.0187201404 0.0955162374 0.0338655774 0.0000000000 0.0000000000
[13] 0.0000000000 0.0026875997 0.0000000000 0.0000000000 0.0000000000 0.0000000000
[19] 0.0000000000 0.0000000000 0.0000000000 0.0000000000 0.0000000000 0.0000000000
[25] 0.0000000000 0.0000000000 0.0000000000 0.0000000000 0.0000000000 0.0043647828
[31] 0.0000000000 0.0000000000 0.0000000000 0.0000000000 0.0000000000 0.0000000000
[37] 0.0000000000 0.0006736111 0.0000000000 0.0591448686 0.0000000000 0.0023507942
[43] 0.0047015883 0.0000000000 0.0000000000 0.0000000000 0.0000000000 0.0000000000
[49] 0.0000000000 0.1081558830

$Nboots
 [1] 0.0000000 0.0000000 0.0000000 0.0000000 0.0000000 0.0000000 0.0000000 1.9675926
 [9] 4.1666667 1.8518519 0.0000000 0.0000000 0.0000000 0.8680556 0.0000000 0.0000000
[17] 0.0000000 0.0000000 0.0000000 0.0000000 0.0000000 0.0000000 0.0000000 0.0000000
[25] 0.0000000 0.0000000 0.0000000 0.0000000 0.0000000 1.2152778 0.0000000 0.0000000
[33] 0.0000000 0.0000000 0.0000000 0.0000000 0.0000000 0.3472222 0.0000000 3.0092593
[41] 0.0000000 0.6944444 1.3888889 0.0000000 0.0000000 0.0000000 0.0000000 0.0000000
[49] 0.0000000 4.7453704

$julians
[1] 2040 2085 2122 2143 2192 2232 2278 2283 2362

$intdays
[1] 45 37 21 49 40 46  5 79 43

$Pintsampest
[1] NA NA NA NA NA NA NA NA NA

$Pintboots
           [,1] [,2]      [,3]      [,4] [,5] [,6] [,7] [,8]       [,9]
 [1,]        NA   NA        NA        NA   NA   NA    0   NA         NA
 [2,]        NA   NA        NA        NA   NA   NA    0   NA         NA
 [3,]        NA   NA        NA        NA   NA   NA   NA   NA         NA
 [4,]        NA   NA        NA        NA   NA   NA   NA   NA         NA
 [5,]        NA   NA        NA        NA   NA   NA   NA   NA         NA
 [6,]        NA   NA        NA        NA    0   NA   NA   NA         NA
 [7,]        NA   NA        NA        NA   NA   NA   NA   NA         NA
 [8,]        NA   NA        NA 0.6500711    0    0    0    0         NA
 [9,]        NA    0 1.5808121        NA   NA   NA   NA   NA         NA
[10,]        NA    0 0.5767367        NA   NA   NA   NA   NA         NA
[11,]        NA   NA        NA        NA   NA   NA   NA    0         NA
[12,]        NA   NA        NA        NA   NA   NA   NA   NA         NA
[13,]        NA   NA        NA        NA   NA   NA   NA   NA         NA
[14,] 0.1297493   NA        NA        NA   NA   NA   NA   NA         NA
[15,]        NA   NA        NA        NA   NA   NA   NA    0         NA
[16,]        NA   NA        NA        NA   NA   NA   NA   NA         NA
[17,]        NA   NA        NA        NA   NA    0    0    0         NA
[18,]        NA   NA        NA        NA   NA   NA   NA   NA         NA
[19,]        NA   NA        NA        NA   NA   NA   NA   NA         NA
[20,]        NA   NA        NA        NA   NA   NA   NA   NA         NA
[21,]        NA   NA        NA        NA   NA   NA   NA   NA         NA
[22,]        NA   NA        NA        NA   NA    0   NA   NA         NA
[23,]        NA   NA        NA        NA   NA   NA   NA   NA         NA
[24,]        NA   NA        NA        NA   NA   NA    0   NA         NA
[25,]        NA   NA        NA        NA   NA   NA   NA    0         NA
[26,]        NA   NA        NA        NA   NA   NA   NA   NA         NA
[27,]        NA   NA        NA        NA   NA   NA   NA   NA         NA
[28,]        NA   NA        NA        NA   NA   NA   NA   NA         NA
[29,]        NA   NA        NA        NA    0    0    0   NA         NA
[30,] 0.2009204   NA        NA        NA   NA   NA   NA    0 0.09558989
[31,]        NA   NA        NA        NA   NA   NA   NA   NA         NA
[32,]        NA   NA        NA        NA   NA   NA   NA   NA         NA
[33,]        NA   NA        NA        NA   NA   NA   NA   NA         NA
[34,]        NA   NA        NA        NA   NA   NA   NA   NA         NA
[35,]        NA   NA        NA        NA   NA   NA   NA   NA         NA
[36,]        NA   NA        NA        NA   NA   NA   NA   NA         NA
[37,]        NA   NA        NA        NA   NA   NA   NA   NA         NA
[38,] 0.0390522    0        NA        NA   NA   NA   NA   NA         NA
[39,]        NA   NA        NA        NA   NA   NA   NA   NA         NA
[40,]        NA   NA        NA 1.8011381   NA   NA   NA   NA         NA
[41,]        NA   NA        NA        NA   NA   NA   NA   NA         NA
[42,] 0.1102232   NA        NA        NA   NA   NA   NA   NA         NA
[43,] 0.2204465   NA        NA        NA   NA   NA    0    0 0.10488775
[44,]        NA   NA        NA        NA   NA   NA   NA   NA         NA
[45,]        NA   NA        NA        NA   NA   NA   NA   NA         NA
[46,]        NA    0        NA        NA   NA   NA   NA   NA         NA
[47,]        NA   NA        NA        NA   NA   NA   NA   NA         NA
[48,]        NA   NA        NA        NA   NA   NA   NA   NA         NA
[49,]        NA   NA        NA        NA   NA   NA   NA   NA         NA
[50,]        NA   NA        NA 3.3821174   NA   NA   NA   NA         NA

$Bdatesampinfo
      DATE JULIAN N Mean Stdev
1 08/02/11   2040 4   NA    NA
2 09/16/11   2085 7   NA    NA
3 10/23/11   2122 6   NA    NA
4 11/13/11   2143 6   NA    NA
5 01/01/12   2192 6   NA    NA
6 02/10/12   2232 5   NA    NA
7 03/27/12   2278 6   NA    NA
8 04/01/12   2283 3   NA    NA
9 06/19/12   2362 6   NA    NA

$Ndatesampinfo
      DATE JULIAN N Mean Stdev
1 08/02/11   2040 4   NA    NA
2 09/16/11   2085 7   NA    NA
3 10/23/11   2122 6   NA    NA
4 11/13/11   2143 6   NA    NA
5 01/01/12   2192 6   NA    NA
6 02/10/12   2232 5   NA    NA
7 03/27/12   2278 6   NA    NA
8 04/01/12   2283 3   NA    NA
9 06/19/12   2362 6   NA    NA

$Bdateboots
            [,1] [,2] [,3]       [,4] [,5] [,6] [,7] [,8] [,9]
 [1,] 0.00000000    0    0 0.00000000    0    0    0    0    0
 [2,] 0.00000000    0    0 0.00000000    0    0    0    0    0
 [3,] 0.00000000    0    0 0.00000000    0    0    0    0    0
 [4,] 0.03761271    0    0 0.00000000    0    0    0    0    0
 [5,] 0.04300160    0    0 0.00000000    0    0    0    0    0
 [6,] 0.00000000    0    0 0.00000000    0    0    0    0    0
 [7,] 0.00000000    0    0 0.00000000    0    0    0    0    0
 [8,] 0.00000000    0    0 0.29952225    0    0    0    0    0
 [9,] 0.00000000    0    0 1.52825980    0    0    0    0    0
[10,] 0.00000000    0    0 0.54184924    0    0    0    0    0
[11,] 0.00000000    0    0 0.00000000    0    0    0    0    0
[12,] 0.04839048    0    0 0.00000000    0    0    0    0    0
[13,] 0.06444764    0    0 1.73049413    0    0    0    0    0
[14,] 0.04300160    0    0 0.00000000    0    0    0    0    0
[15,] 0.00000000    0    0 0.00000000    0    0    0    0    0
[16,] 0.01077778    0    0 0.00000000    0    0    0    0    0
[17,] 0.00000000    0    0 0.00000000    0    0    0    0    0
[18,] 0.00000000    0    0 0.00000000    0    0    0    0    0
[19,] 0.09667145    0    0 0.22655631    0    0    0    0    0
[20,] 0.00000000    0    0 0.00000000    0    0    0    0    0
[21,] 0.06983652    0    0 0.00000000    0    0    0    0    0
[22,] 0.00000000    0    0 0.00000000    0    0    0    0    0
[23,] 0.00000000    0    0 0.00000000    0    0    0    0    0
[24,] 0.00000000    0    0 1.46384516    0    0    0    0    0
[25,] 0.00000000    0    0 0.00000000    0    0    0    0    0
[26,] 0.00000000    0    0 0.00000000    0    0    0    0    0
[27,] 0.00000000    0    0 0.00000000    0    0    0    0    0
[28,] 0.00000000    0    0 0.00000000    0    0    0    0    0
[29,] 0.06444764    0    0 0.00000000    0    0    0    0    0
[30,] 0.06983652    0    0 0.00000000    0    0    0    0    0
[31,] 0.00000000    0    0 0.67966893    0    0    0    0    0
[32,] 0.00000000    0    0 0.00000000    0    0    0    0    0
[33,] 0.06983652    0    0 0.00000000    0    0    0    0    0
[34,] 0.01077778    0    0 0.00000000    0    0    0    0    0
[35,] 0.06983652    0    0 1.23728885    0    0    0    0    0
[36,] 0.00000000    0    0 0.00000000    0    0    0    0    0
[37,] 0.00000000    0    0 0.00000000    0    0    0    0    0
[38,] 0.01077778    0    0 0.00000000    0    0    0    0    0
[39,] 0.00000000    0    0 0.00000000    0    0    0    0    0
[40,] 0.00000000    0    0 0.94631790    0    0    0    0    0
[41,] 0.00000000    0    0 0.00000000    0    0    0    0    0
[42,] 0.03761271    0    0 0.09728792    0    0    0    0    0
[43,] 0.07522541    0    0 0.00000000    0    0    0    0    0
[44,] 0.00000000    0    0 0.00000000    0    0    0    0    0
[45,] 0.00000000    0    0 0.00000000    0    0    0    0    0
[46,] 0.00000000    0    0 0.00000000    0    0    0    0    0
[47,] 0.00000000    0    0 0.00000000    0    0    0    0    0
[48,] 0.00000000    0    0 0.00000000    0    0    0    0    0
[49,] 0.00000000    0    0 0.00000000    0    0    0    0    0
[50,] 0.04300160    0    0 1.73049413    0    0    0    0    0

$Ndateboots
           [,1] [,2] [,3]     [,4] [,5] [,6] [,7] [,8] [,9]
 [1,]  0.000000    0    0  0.00000    0    0    0    0    0
 [2,]  0.000000    0    0  0.00000    0    0    0    0    0
 [3,]  0.000000    0    0  0.00000    0    0    0    0    0
 [4,] 11.111111    0    0  0.00000    0    0    0    0    0
 [5,] 13.888889    0    0  0.00000    0    0    0    0    0
 [6,]  0.000000    0    0  0.00000    0    0    0    0    0
 [7,]  0.000000    0    0  0.00000    0    0    0    0    0
 [8,]  0.000000    0    0 31.48148    0    0    0    0    0
 [9,]  0.000000    0    0 66.66667    0    0    0    0    0
[10,]  0.000000    0    0 29.62963    0    0    0    0    0
[11,]  0.000000    0    0  0.00000    0    0    0    0    0
[12,] 16.666667    0    0  0.00000    0    0    0    0    0
[13,] 16.666667    0    0 75.92593    0    0    0    0    0
[14,] 13.888889    0    0  0.00000    0    0    0    0    0
[15,]  0.000000    0    0  0.00000    0    0    0    0    0
[16,]  5.555556    0    0  0.00000    0    0    0    0    0
[17,]  0.000000    0    0  0.00000    0    0    0    0    0
[18,]  0.000000    0    0  0.00000    0    0    0    0    0
[19,] 25.000000    0    0 14.81481    0    0    0    0    0
[20,]  0.000000    0    0  0.00000    0    0    0    0    0
[21,] 19.444444    0    0  0.00000    0    0    0    0    0
[22,]  0.000000    0    0  0.00000    0    0    0    0    0
[23,]  0.000000    0    0  0.00000    0    0    0    0    0
[24,]  0.000000    0    0 72.22222    0    0    0    0    0
[25,]  0.000000    0    0  0.00000    0    0    0    0    0
[26,]  0.000000    0    0  0.00000    0    0    0    0    0
[27,]  0.000000    0    0  0.00000    0    0    0    0    0
[28,]  0.000000    0    0  0.00000    0    0    0    0    0
[29,] 16.666667    0    0  0.00000    0    0    0    0    0
[30,] 19.444444    0    0  0.00000    0    0    0    0    0
[31,]  0.000000    0    0 44.44444    0    0    0    0    0
[32,]  0.000000    0    0  0.00000    0    0    0    0    0
[33,] 19.444444    0    0  0.00000    0    0    0    0    0
[34,]  5.555556    0    0  0.00000    0    0    0    0    0
[35,] 19.444444    0    0 57.40741    0    0    0    0    0
[36,]  0.000000    0    0  0.00000    0    0    0    0    0
[37,]  0.000000    0    0  0.00000    0    0    0    0    0
[38,]  5.555556    0    0  0.00000    0    0    0    0    0
[39,]  0.000000    0    0  0.00000    0    0    0    0    0
[40,]  0.000000    0    0 48.14815    0    0    0    0    0
[41,]  0.000000    0    0  0.00000    0    0    0    0    0
[42,] 11.111111    0    0 22.22222    0    0    0    0    0
[43,] 22.222222    0    0  0.00000    0    0    0    0    0
[44,]  0.000000    0    0  0.00000    0    0    0    0    0
[45,]  0.000000    0    0  0.00000    0    0    0    0    0
[46,]  0.000000    0    0  0.00000    0    0    0    0    0
[47,]  0.000000    0    0  0.00000    0    0    0    0    0
[48,]  0.000000    0    0  0.00000    0    0    0    0    0
[49,]  0.000000    0    0  0.00000    0    0    0    0    0
[50,] 13.888889    0    0 75.92593    0    0    0    0    0

