$totdays
[1] 365

$Psampest
[1] 2.72666

$Pbootest
      Mean       2.5%        50%      97.5% 
 6.9846210  0.7570716  5.8200231 15.5508762 

$Pboots
 [1]  4.8929966  2.7843539 10.0393026 13.6385702  4.2172853  1.2360353 11.5299276
 [8]  3.4023716 15.7472128  4.8929966  5.5110142 12.1479452  1.2360353 11.5299276
[15]  5.5110142 15.7472128  2.7266603  2.1086426 10.0393026  6.9439456 12.7659629
[22] 10.0393026  4.0203893  4.8929966  0.6180177  6.9439456  7.0016392 12.1479452
[29] 11.5299276  4.8929966  2.7266603 14.8746055  2.1086426  7.0016392  1.2360353
[36] 12.1479452  1.2360353  4.6384069  4.8929966  4.8353029  0.0000000  9.1102818
[43] 10.6573203  4.8353029  7.6196569 14.8746055  2.7843539 10.6573203  6.1290319
[50]  6.1290319

$Bboots
 [1] 0.11328905 0.04402743 0.19076503 0.31167731 0.13852325 0.03522194 0.24241569
 [8] 0.06163840 0.38093893 0.11328905 0.13090002 0.26002666 0.03522194 0.24241569
[15] 0.13090002 0.38093893 0.08687259 0.06926162 0.19076503 0.22539584 0.27763763
[22] 0.19076503 0.07924937 0.11328905 0.01761097 0.22539584 0.18255067 0.26002666
[29] 0.24241569 0.11328905 0.08687259 0.34689925 0.06926162 0.18255067 0.03522194
[36] 0.26002666 0.03522194 0.09686034 0.11328905 0.15613422 0.00000000 0.25181230
[43] 0.20837600 0.15613422 0.20016164 0.34689925 0.04402743 0.20837600 0.14851099
[50] 0.14851099

$Nboots
 [1] 15.833333  6.944444 25.000000 40.000000 17.777778  5.555556 31.111111  9.722222
 [9] 48.888889 15.833333 18.611111 33.888889  5.555556 31.111111 18.611111 48.888889
[17] 11.666667  8.888889 25.000000 29.444444 36.666667 25.000000 12.500000 15.833333
[25]  2.777778 29.444444 24.722222 33.888889 31.111111 15.833333 11.666667 45.555556
[33]  8.888889 24.722222  5.555556 33.888889  5.555556 15.277778 15.833333 20.555556
[41]  0.000000 33.611111 27.777778 20.555556 27.500000 45.555556  6.944444 27.777778
[49] 21.388889 21.388889

$julians
[1] 2040 2085 2122 2143 2192 2232 2278 2283 2362

$intdays
[1] 45 37 21 49 40 46  5 79 43

$Pintsampest
[1] 0.0000000 0.0000000 0.9065727 1.8200876 0.0000000 0.0000000 0.0000000 0.0000000
[9] 0.0000000

$Pintboots
          [,1] [,2]      [,3]      [,4] [,5] [,6] [,7] [,8]      [,9]
 [1,] 1.886916    0 0.7032114 1.4054312    0    0    0    0 0.8974375
 [2,] 1.886916    0 0.0000000 0.0000000    0    0    0    0 0.8974375
 [3,] 6.386189    0 0.2033613 0.4146564    0    0    0    0 3.0350964
 [4,] 6.386189    0 1.4064228 2.8108625    0    0    0    0 3.0350964
 [5,] 0.000000    0 1.4064228 2.8108625    0    0    0    0 0.0000000
 [6,] 0.000000    0 0.4067226 0.8293127    0    0    0    0 0.0000000
 [7,] 6.386189    0 0.7032114 1.4054312    0    0    0    0 3.0350964
 [8,] 1.886916    0 0.2033613 0.4146564    0    0    0    0 0.8974375
 [9,] 6.386189    0 2.1096342 4.2162937    0    0    0    0 3.0350964
[10,] 1.886916    0 0.7032114 1.4054312    0    0    0    0 0.8974375
[11,] 1.886916    0 0.9065727 1.8200876    0    0    0    0 0.8974375
[12,] 6.386189    0 0.9065727 1.8200876    0    0    0    0 3.0350964
[13,] 0.000000    0 0.4067226 0.8293127    0    0    0    0 0.0000000
[14,] 6.386189    0 0.7032114 1.4054312    0    0    0    0 3.0350964
[15,] 1.886916    0 0.9065727 1.8200876    0    0    0    0 0.8974375
[16,] 6.386189    0 2.1096342 4.2162937    0    0    0    0 3.0350964
[17,] 0.000000    0 0.9065727 1.8200876    0    0    0    0 0.0000000
[18,] 0.000000    0 0.7032114 1.4054312    0    0    0    0 0.0000000
[19,] 6.386189    0 0.2033613 0.4146564    0    0    0    0 3.0350964
[20,] 0.000000    0 2.3129955 4.6309501    0    0    0    0 0.0000000
[21,] 6.386189    0 1.1099340 2.2347440    0    0    0    0 3.0350964
[22,] 6.386189    0 0.2033613 0.4146564    0    0    0    0 3.0350964
[23,] 1.886916    0 0.4067226 0.8293127    0    0    0    0 0.8974375
[24,] 1.886916    0 0.7032114 1.4054312    0    0    0    0 0.8974375
[25,] 0.000000    0 0.2033613 0.4146564    0    0    0    0 0.0000000
[26,] 0.000000    0 2.3129955 4.6309501    0    0    0    0 0.0000000
[27,] 1.886916    0 1.4064228 2.8108625    0    0    0    0 0.8974375
[28,] 6.386189    0 0.9065727 1.8200876    0    0    0    0 3.0350964
[29,] 6.386189    0 0.7032114 1.4054312    0    0    0    0 3.0350964
[30,] 1.886916    0 0.7032114 1.4054312    0    0    0    0 0.8974375
[31,] 0.000000    0 0.9065727 1.8200876    0    0    0    0 0.0000000
[32,] 6.386189    0 1.8131454 3.6401752    0    0    0    0 3.0350964
[33,] 0.000000    0 0.7032114 1.4054312    0    0    0    0 0.0000000
[34,] 1.886916    0 1.4064228 2.8108625    0    0    0    0 0.8974375
[35,] 0.000000    0 0.4067226 0.8293127    0    0    0    0 0.0000000
[36,] 6.386189    0 0.9065727 1.8200876    0    0    0    0 3.0350964
[37,] 0.000000    0 0.4067226 0.8293127    0    0    0    0 0.0000000
[38,] 1.886916    0 0.6100839 1.2439691    0    0    0    0 0.8974375
[39,] 1.886916    0 0.7032114 1.4054312    0    0    0    0 0.8974375
[40,] 0.000000    0 1.6097841 3.2255189    0    0    0    0 0.0000000
[41,] 0.000000    0 0.0000000 0.0000000    0    0    0    0 0.0000000
[42,] 1.886916    0 2.1096342 4.2162937    0    0    0    0 0.8974375
[43,] 6.386189    0 0.4067226 0.8293127    0    0    0    0 3.0350964
[44,] 0.000000    0 1.6097841 3.2255189    0    0    0    0 0.0000000
[45,] 1.886916    0 1.6097841 3.2255189    0    0    0    0 0.8974375
[46,] 6.386189    0 1.8131454 3.6401752    0    0    0    0 3.0350964
[47,] 1.886916    0 0.0000000 0.0000000    0    0    0    0 0.8974375
[48,] 6.386189    0 0.4067226 0.8293127    0    0    0    0 3.0350964
[49,] 1.886916    0 1.1099340 2.2347440    0    0    0    0 0.8974375
[50,] 1.886916    0 1.1099340 2.2347440    0    0    0    0 0.8974375

$Bdatesampinfo
      DATE JULIAN N      Mean    Stdev
1 08/02/11   2040 1 0.0000000       NA
2 09/16/11   2085 6 0.0000000 0.000000
3 10/23/11   2122 5 0.0000000 0.000000
4 11/13/11   2143 5 0.6949808 1.199658
5 01/01/12   2192 5 0.0000000 0.000000
6 02/10/12   2232 4 0.0000000 0.000000
7 03/27/12   2278 5 0.0000000 0.000000
8 04/01/12   2283 2 0.0000000 0.000000
9 06/19/12   2362 5 0.0000000 0.000000

$Ndatesampinfo
      DATE JULIAN N     Mean    Stdev
1 08/02/11   2040 1  0.00000       NA
2 09/16/11   2085 6  0.00000   0.0000
3 10/23/11   2122 5  0.00000   0.0000
4 11/13/11   2143 5 93.33333 154.2805
5 01/01/12   2192 5  0.00000   0.0000
6 02/10/12   2232 4  0.00000   0.0000
7 03/27/12   2278 5  0.00000   0.0000
8 04/01/12   2283 2  0.00000   0.0000
9 06/19/12   2362 5  0.00000   0.0000

$Bdateboots
           [,1] [,2] [,3]      [,4] [,5] [,6] [,7] [,8] [,9]
 [1,] 0.7044388    0    0 0.5540930    0    0    0    0    0
 [2,] 0.7044388    0    0 0.0000000    0    0    0    0    0
 [3,] 2.7704650    0    0 0.1408878    0    0    0    0    0
 [4,] 2.7704650    0    0 1.1081860    0    0    0    0    0
 [5,] 0.0000000    0    0 1.1081860    0    0    0    0    0
 [6,] 0.0000000    0    0 0.2817755    0    0    0    0    0
 [7,] 2.7704650    0    0 0.5540930    0    0    0    0    0
 [8,] 0.7044388    0    0 0.1408878    0    0    0    0    0
 [9,] 2.7704650    0    0 1.6622790    0    0    0    0    0
[10,] 0.7044388    0    0 0.5540930    0    0    0    0    0
[11,] 0.7044388    0    0 0.6949808    0    0    0    0    0
[12,] 2.7704650    0    0 0.6949808    0    0    0    0    0
[13,] 0.0000000    0    0 0.2817755    0    0    0    0    0
[14,] 2.7704650    0    0 0.5540930    0    0    0    0    0
[15,] 0.7044388    0    0 0.6949808    0    0    0    0    0
[16,] 2.7704650    0    0 1.6622790    0    0    0    0    0
[17,] 0.0000000    0    0 0.6949808    0    0    0    0    0
[18,] 0.0000000    0    0 0.5540930    0    0    0    0    0
[19,] 2.7704650    0    0 0.1408878    0    0    0    0    0
[20,] 0.0000000    0    0 1.8031667    0    0    0    0    0
[21,] 2.7704650    0    0 0.8358685    0    0    0    0    0
[22,] 2.7704650    0    0 0.1408878    0    0    0    0    0
[23,] 0.7044388    0    0 0.2817755    0    0    0    0    0
[24,] 0.7044388    0    0 0.5540930    0    0    0    0    0
[25,] 0.0000000    0    0 0.1408878    0    0    0    0    0
[26,] 0.0000000    0    0 1.8031667    0    0    0    0    0
[27,] 0.7044388    0    0 1.1081860    0    0    0    0    0
[28,] 2.7704650    0    0 0.6949808    0    0    0    0    0
[29,] 2.7704650    0    0 0.5540930    0    0    0    0    0
[30,] 0.7044388    0    0 0.5540930    0    0    0    0    0
[31,] 0.0000000    0    0 0.6949808    0    0    0    0    0
[32,] 2.7704650    0    0 1.3899615    0    0    0    0    0
[33,] 0.0000000    0    0 0.5540930    0    0    0    0    0
[34,] 0.7044388    0    0 1.1081860    0    0    0    0    0
[35,] 0.0000000    0    0 0.2817755    0    0    0    0    0
[36,] 2.7704650    0    0 0.6949808    0    0    0    0    0
[37,] 0.0000000    0    0 0.2817755    0    0    0    0    0
[38,] 0.7044388    0    0 0.4226633    0    0    0    0    0
[39,] 0.7044388    0    0 0.5540930    0    0    0    0    0
[40,] 0.0000000    0    0 1.2490738    0    0    0    0    0
[41,] 0.0000000    0    0 0.0000000    0    0    0    0    0
[42,] 0.7044388    0    0 1.6622790    0    0    0    0    0
[43,] 2.7704650    0    0 0.2817755    0    0    0    0    0
[44,] 0.0000000    0    0 1.2490738    0    0    0    0    0
[45,] 0.7044388    0    0 1.2490738    0    0    0    0    0
[46,] 2.7704650    0    0 1.3899615    0    0    0    0    0
[47,] 0.7044388    0    0 0.0000000    0    0    0    0    0
[48,] 2.7704650    0    0 0.2817755    0    0    0    0    0
[49,] 0.7044388    0    0 0.8358685    0    0    0    0    0
[50,] 0.7044388    0    0 0.8358685    0    0    0    0    0

$Ndateboots
          [,1] [,2] [,3]      [,4] [,5] [,6] [,7] [,8] [,9]
 [1,] 111.1111    0    0  71.11111    0    0    0    0    0
 [2,] 111.1111    0    0   0.00000    0    0    0    0    0
 [3,] 355.5556    0    0  22.22222    0    0    0    0    0
 [4,] 355.5556    0    0 142.22222    0    0    0    0    0
 [5,]   0.0000    0    0 142.22222    0    0    0    0    0
 [6,]   0.0000    0    0  44.44444    0    0    0    0    0
 [7,] 355.5556    0    0  71.11111    0    0    0    0    0
 [8,] 111.1111    0    0  22.22222    0    0    0    0    0
 [9,] 355.5556    0    0 213.33333    0    0    0    0    0
[10,] 111.1111    0    0  71.11111    0    0    0    0    0
[11,] 111.1111    0    0  93.33333    0    0    0    0    0
[12,] 355.5556    0    0  93.33333    0    0    0    0    0
[13,]   0.0000    0    0  44.44444    0    0    0    0    0
[14,] 355.5556    0    0  71.11111    0    0    0    0    0
[15,] 111.1111    0    0  93.33333    0    0    0    0    0
[16,] 355.5556    0    0 213.33333    0    0    0    0    0
[17,]   0.0000    0    0  93.33333    0    0    0    0    0
[18,]   0.0000    0    0  71.11111    0    0    0    0    0
[19,] 355.5556    0    0  22.22222    0    0    0    0    0
[20,]   0.0000    0    0 235.55556    0    0    0    0    0
[21,] 355.5556    0    0 115.55556    0    0    0    0    0
[22,] 355.5556    0    0  22.22222    0    0    0    0    0
[23,] 111.1111    0    0  44.44444    0    0    0    0    0
[24,] 111.1111    0    0  71.11111    0    0    0    0    0
[25,]   0.0000    0    0  22.22222    0    0    0    0    0
[26,]   0.0000    0    0 235.55556    0    0    0    0    0
[27,] 111.1111    0    0 142.22222    0    0    0    0    0
[28,] 355.5556    0    0  93.33333    0    0    0    0    0
[29,] 355.5556    0    0  71.11111    0    0    0    0    0
[30,] 111.1111    0    0  71.11111    0    0    0    0    0
[31,]   0.0000    0    0  93.33333    0    0    0    0    0
[32,] 355.5556    0    0 186.66667    0    0    0    0    0
[33,]   0.0000    0    0  71.11111    0    0    0    0    0
[34,] 111.1111    0    0 142.22222    0    0    0    0    0
[35,]   0.0000    0    0  44.44444    0    0    0    0    0
[36,] 355.5556    0    0  93.33333    0    0    0    0    0
[37,]   0.0000    0    0  44.44444    0    0    0    0    0
[38,] 111.1111    0    0  66.66667    0    0    0    0    0
[39,] 111.1111    0    0  71.11111    0    0    0    0    0
[40,]   0.0000    0    0 164.44444    0    0    0    0    0
[41,]   0.0000    0    0   0.00000    0    0    0    0    0
[42,] 111.1111    0    0 213.33333    0    0    0    0    0
[43,] 355.5556    0    0  44.44444    0    0    0    0    0
[44,]   0.0000    0    0 164.44444    0    0    0    0    0
[45,] 111.1111    0    0 164.44444    0    0    0    0    0
[46,] 355.5556    0    0 186.66667    0    0    0    0    0
[47,] 111.1111    0    0   0.00000    0    0    0    0    0
[48,] 355.5556    0    0  44.44444    0    0    0    0    0
[49,] 111.1111    0    0 115.55556    0    0    0    0    0
[50,] 111.1111    0    0 115.55556    0    0    0    0    0

