$totdays
[1] 365

$Psampest
[1] NA

$Pbootest
       Mean        2.5%         50%       97.5% 
0.006556628 0.000000000 0.000000000 0.101627728 

$Pboots
 [1] 0.1311326 0.0000000 0.0000000 0.0000000 0.0000000 0.1966988 0.0000000 0.0000000
 [9] 0.0000000 0.0000000 0.0000000 0.0000000 0.0000000 0.0000000 0.0000000 0.0000000
[17] 0.0000000 0.0000000 0.0000000 0.0000000 0.0000000 0.0000000 0.0000000 0.0000000
[25] 0.0000000 0.0000000 0.0000000 0.0000000 0.0000000 0.0000000 0.0000000 0.0000000
[33] 0.0000000 0.0000000 0.0000000 0.0000000 0.0000000 0.0000000 0.0000000 0.0000000
[41] 0.0000000 0.0000000 0.0000000 0.0000000 0.0000000 0.0000000 0.0000000 0.0000000
[49] 0.0000000 0.0000000

$Bboots
 [1] 0.03359049 0.00000000 0.00000000 0.00000000 0.00000000 0.05038573 0.00000000
 [8] 0.00000000 0.00000000 0.00000000 0.00000000 0.00000000 0.00000000 0.00000000
[15] 0.00000000 0.00000000 0.00000000 0.00000000 0.00000000 0.00000000 0.00000000
[22] 0.00000000 0.00000000 0.00000000 0.00000000 0.00000000 0.00000000 0.00000000
[29] 0.00000000 0.00000000 0.00000000 0.00000000 0.00000000 0.00000000 0.00000000
[36] 0.00000000 0.00000000 0.00000000 0.00000000 0.00000000 0.00000000 0.00000000
[43] 0.00000000 0.00000000 0.00000000 0.00000000 0.00000000 0.00000000 0.00000000
[50] 0.00000000

$Nboots
 [1] 2.777778 0.000000 0.000000 0.000000 0.000000 4.166667 0.000000 0.000000 0.000000
[10] 0.000000 0.000000 0.000000 0.000000 0.000000 0.000000 0.000000 0.000000 0.000000
[19] 0.000000 0.000000 0.000000 0.000000 0.000000 0.000000 0.000000 0.000000 0.000000
[28] 0.000000 0.000000 0.000000 0.000000 0.000000 0.000000 0.000000 0.000000 0.000000
[37] 0.000000 0.000000 0.000000 0.000000 0.000000 0.000000 0.000000 0.000000 0.000000
[46] 0.000000 0.000000 0.000000 0.000000 0.000000

$julians
[1] 2040 2085 2122 2143 2192 2232 2278 2283 2362

$intdays
[1] 45 37 21 49 40 46  5 79 43

$Pintsampest
[1] NA NA NA NA NA NA NA NA NA

$Pintboots
           [,1] [,2] [,3] [,4] [,5] [,6] [,7] [,8] [,9]
 [1,] 0.1311326   NA   NA   NA   NA   NA   NA   NA   NA
 [2,]        NA   NA    0   NA   NA   NA   NA    0   NA
 [3,]        NA   NA   NA    0   NA   NA   NA   NA   NA
 [4,]        NA   NA   NA   NA   NA   NA   NA   NA   NA
 [5,] 0.0000000   NA   NA   NA   NA   NA    0   NA   NA
 [6,] 0.1966988    0   NA   NA   NA   NA   NA   NA   NA
 [7,]        NA   NA   NA   NA   NA   NA   NA   NA   NA
 [8,]        NA   NA   NA   NA   NA   NA   NA   NA   NA
 [9,]        NA   NA   NA   NA   NA   NA   NA   NA   NA
[10,]        NA   NA   NA   NA   NA   NA   NA   NA   NA
[11,]        NA   NA   NA   NA   NA   NA   NA   NA   NA
[12,]        NA   NA    0   NA   NA   NA   NA   NA   NA
[13,]        NA   NA    0   NA   NA   NA   NA   NA   NA
[14,]        NA   NA   NA   NA   NA   NA   NA   NA   NA
[15,]        NA   NA   NA   NA   NA   NA   NA   NA   NA
[16,]        NA   NA   NA   NA   NA   NA   NA   NA   NA
[17,]        NA   NA   NA   NA   NA   NA   NA   NA   NA
[18,]        NA   NA   NA   NA   NA   NA   NA   NA   NA
[19,]        NA   NA   NA   NA   NA   NA   NA   NA   NA
[20,]        NA   NA    0   NA   NA   NA   NA    0   NA
[21,]        NA   NA   NA   NA   NA   NA   NA   NA   NA
[22,]        NA   NA   NA   NA   NA   NA   NA   NA   NA
[23,]        NA   NA   NA    0   NA   NA   NA   NA   NA
[24,]        NA   NA   NA   NA   NA   NA   NA   NA   NA
[25,]        NA   NA   NA   NA    0   NA   NA   NA   NA
[26,]        NA   NA    0    0   NA   NA   NA   NA   NA
[27,]        NA   NA    0   NA   NA   NA   NA   NA   NA
[28,]        NA   NA   NA   NA   NA   NA    0   NA   NA
[29,]        NA    0   NA   NA   NA   NA   NA   NA   NA
[30,]        NA   NA   NA   NA   NA   NA   NA   NA   NA
[31,]        NA   NA   NA   NA   NA   NA   NA   NA   NA
[32,]        NA   NA   NA   NA   NA   NA   NA   NA   NA
[33,]        NA   NA   NA   NA    0   NA   NA    0   NA
[34,]        NA   NA   NA   NA   NA   NA   NA   NA   NA
[35,]        NA   NA    0   NA   NA   NA   NA   NA   NA
[36,]        NA   NA    0    0   NA   NA   NA   NA   NA
[37,]        NA   NA   NA   NA   NA   NA   NA   NA   NA
[38,]        NA   NA   NA   NA   NA   NA   NA   NA   NA
[39,]        NA   NA    0   NA   NA   NA   NA   NA   NA
[40,]        NA   NA   NA   NA   NA   NA   NA   NA   NA
[41,]        NA   NA   NA   NA   NA   NA   NA   NA   NA
[42,]        NA   NA   NA   NA   NA   NA   NA   NA   NA
[43,]        NA   NA   NA   NA   NA   NA   NA   NA   NA
[44,]        NA   NA   NA   NA   NA   NA   NA    0   NA
[45,]        NA   NA   NA   NA   NA   NA   NA   NA   NA
[46,]        NA   NA   NA   NA   NA    0   NA   NA   NA
[47,]        NA   NA   NA    0   NA   NA   NA   NA   NA
[48,]        NA   NA   NA   NA   NA   NA   NA   NA   NA
[49,]        NA   NA   NA   NA   NA   NA   NA   NA   NA
[50,] 0.0000000   NA   NA   NA   NA   NA   NA   NA   NA

$Bdatesampinfo
      DATE JULIAN N Mean Stdev
1 08/02/11   2040 3   NA    NA
2 09/16/11   2085 7   NA    NA
3 10/23/11   2122 6   NA    NA
4 11/13/11   2143 6   NA    NA
5 01/01/12   2192 6   NA    NA
6 02/10/12   2232 5   NA    NA
7 03/27/12   2278 6   NA    NA
8 04/01/12   2283 3   NA    NA
9 06/19/12   2362 6   NA    NA

$Ndatesampinfo
      DATE JULIAN N Mean Stdev
1 08/02/11   2040 3   NA    NA
2 09/16/11   2085 7   NA    NA
3 10/23/11   2122 6   NA    NA
4 11/13/11   2143 6   NA    NA
5 01/01/12   2192 6   NA    NA
6 02/10/12   2232 5   NA    NA
7 03/27/12   2278 6   NA    NA
8 04/01/12   2283 3   NA    NA
9 06/19/12   2362 6   NA    NA

$Bdateboots
           [,1] [,2] [,3] [,4] [,5] [,6] [,7] [,8] [,9]
 [1,] 0.5374478    0    0    0    0    0    0    0    0
 [2,] 0.0000000    0    0    0    0    0    0    0    0
 [3,] 0.0000000    0    0    0    0    0    0    0    0
 [4,] 0.0000000    0    0    0    0    0    0    0    0
 [5,] 0.0000000    0    0    0    0    0    0    0    0
 [6,] 0.8061717    0    0    0    0    0    0    0    0
 [7,] 0.0000000    0    0    0    0    0    0    0    0
 [8,] 0.0000000    0    0    0    0    0    0    0    0
 [9,] 0.0000000    0    0    0    0    0    0    0    0
[10,] 0.0000000    0    0    0    0    0    0    0    0
[11,] 0.0000000    0    0    0    0    0    0    0    0
[12,] 0.0000000    0    0    0    0    0    0    0    0
[13,] 0.0000000    0    0    0    0    0    0    0    0
[14,] 0.5374478    0    0    0    0    0    0    0    0
[15,] 0.0000000    0    0    0    0    0    0    0    0
[16,] 0.0000000    0    0    0    0    0    0    0    0
[17,] 0.0000000    0    0    0    0    0    0    0    0
[18,] 0.0000000    0    0    0    0    0    0    0    0
[19,] 0.0000000    0    0    0    0    0    0    0    0
[20,] 0.0000000    0    0    0    0    0    0    0    0
[21,] 0.2687239    0    0    0    0    0    0    0    0
[22,] 0.5374478    0    0    0    0    0    0    0    0
[23,] 0.0000000    0    0    0    0    0    0    0    0
[24,] 0.0000000    0    0    0    0    0    0    0    0
[25,] 0.0000000    0    0    0    0    0    0    0    0
[26,] 0.0000000    0    0    0    0    0    0    0    0
[27,] 0.0000000    0    0    0    0    0    0    0    0
[28,] 0.2687239    0    0    0    0    0    0    0    0
[29,] 0.0000000    0    0    0    0    0    0    0    0
[30,] 0.0000000    0    0    0    0    0    0    0    0
[31,] 0.0000000    0    0    0    0    0    0    0    0
[32,] 0.0000000    0    0    0    0    0    0    0    0
[33,] 0.0000000    0    0    0    0    0    0    0    0
[34,] 0.0000000    0    0    0    0    0    0    0    0
[35,] 0.5374478    0    0    0    0    0    0    0    0
[36,] 0.0000000    0    0    0    0    0    0    0    0
[37,] 0.0000000    0    0    0    0    0    0    0    0
[38,] 0.0000000    0    0    0    0    0    0    0    0
[39,] 0.2687239    0    0    0    0    0    0    0    0
[40,] 0.0000000    0    0    0    0    0    0    0    0
[41,] 0.0000000    0    0    0    0    0    0    0    0
[42,] 0.0000000    0    0    0    0    0    0    0    0
[43,] 0.0000000    0    0    0    0    0    0    0    0
[44,] 0.0000000    0    0    0    0    0    0    0    0
[45,] 0.0000000    0    0    0    0    0    0    0    0
[46,] 0.0000000    0    0    0    0    0    0    0    0
[47,] 0.0000000    0    0    0    0    0    0    0    0
[48,] 0.5374478    0    0    0    0    0    0    0    0
[49,] 0.0000000    0    0    0    0    0    0    0    0
[50,] 0.0000000    0    0    0    0    0    0    0    0

$Ndateboots
          [,1] [,2] [,3] [,4] [,5] [,6] [,7] [,8] [,9]
 [1,] 44.44444    0    0    0    0    0    0    0    0
 [2,]  0.00000    0    0    0    0    0    0    0    0
 [3,]  0.00000    0    0    0    0    0    0    0    0
 [4,]  0.00000    0    0    0    0    0    0    0    0
 [5,]  0.00000    0    0    0    0    0    0    0    0
 [6,] 66.66667    0    0    0    0    0    0    0    0
 [7,]  0.00000    0    0    0    0    0    0    0    0
 [8,]  0.00000    0    0    0    0    0    0    0    0
 [9,]  0.00000    0    0    0    0    0    0    0    0
[10,]  0.00000    0    0    0    0    0    0    0    0
[11,]  0.00000    0    0    0    0    0    0    0    0
[12,]  0.00000    0    0    0    0    0    0    0    0
[13,]  0.00000    0    0    0    0    0    0    0    0
[14,] 44.44444    0    0    0    0    0    0    0    0
[15,]  0.00000    0    0    0    0    0    0    0    0
[16,]  0.00000    0    0    0    0    0    0    0    0
[17,]  0.00000    0    0    0    0    0    0    0    0
[18,]  0.00000    0    0    0    0    0    0    0    0
[19,]  0.00000    0    0    0    0    0    0    0    0
[20,]  0.00000    0    0    0    0    0    0    0    0
[21,] 22.22222    0    0    0    0    0    0    0    0
[22,] 44.44444    0    0    0    0    0    0    0    0
[23,]  0.00000    0    0    0    0    0    0    0    0
[24,]  0.00000    0    0    0    0    0    0    0    0
[25,]  0.00000    0    0    0    0    0    0    0    0
[26,]  0.00000    0    0    0    0    0    0    0    0
[27,]  0.00000    0    0    0    0    0    0    0    0
[28,] 22.22222    0    0    0    0    0    0    0    0
[29,]  0.00000    0    0    0    0    0    0    0    0
[30,]  0.00000    0    0    0    0    0    0    0    0
[31,]  0.00000    0    0    0    0    0    0    0    0
[32,]  0.00000    0    0    0    0    0    0    0    0
[33,]  0.00000    0    0    0    0    0    0    0    0
[34,]  0.00000    0    0    0    0    0    0    0    0
[35,] 44.44444    0    0    0    0    0    0    0    0
[36,]  0.00000    0    0    0    0    0    0    0    0
[37,]  0.00000    0    0    0    0    0    0    0    0
[38,]  0.00000    0    0    0    0    0    0    0    0
[39,] 22.22222    0    0    0    0    0    0    0    0
[40,]  0.00000    0    0    0    0    0    0    0    0
[41,]  0.00000    0    0    0    0    0    0    0    0
[42,]  0.00000    0    0    0    0    0    0    0    0
[43,]  0.00000    0    0    0    0    0    0    0    0
[44,]  0.00000    0    0    0    0    0    0    0    0
[45,]  0.00000    0    0    0    0    0    0    0    0
[46,]  0.00000    0    0    0    0    0    0    0    0
[47,]  0.00000    0    0    0    0    0    0    0    0
[48,] 44.44444    0    0    0    0    0    0    0    0
[49,]  0.00000    0    0    0    0    0    0    0    0
[50,]  0.00000    0    0    0    0    0    0    0    0

