$totdays
[1] 365

$Psampest
[1] 174.4449

$Pbootest
    Mean     2.5%      50%    97.5% 
168.8078 100.2585 169.9735 233.5740 

$Pboots
 [1] 120.23004 234.37466 146.94967 178.75631 221.03944 252.13838 163.54322 156.77583
 [9] 181.19940 214.92278 111.28999 134.76068 201.33385 200.38570 123.47478  99.34166
[17] 187.40260 172.57939 225.91654 150.45112 200.12671 111.60286 152.67726 147.14644
[25] 146.08697 167.36754 172.80020 166.19159 103.41666 173.84198 175.66005 143.39267
[33] 200.98650 139.37035 129.94756 230.81623 153.90056 172.73994 217.56257 137.96649
[41] 201.08646 128.44614 193.81255 145.98590 222.62661 178.34561 210.02388 131.56583
[49] 212.87732  95.15324

$Bboots
 [1] 1.776065 4.254431 2.349927 3.072318 3.770094 3.915927 2.864886 2.778227 3.479539
[10] 3.253148 1.862769 2.239790 3.521823 3.477697 2.022346 1.721528 2.994589 2.792253
[19] 3.860796 2.250500 3.779125 1.770347 2.392337 2.407418 2.193552 2.908098 2.548197
[28] 2.745241 1.652752 2.583634 2.723035 2.316377 2.796540 2.231999 2.412976 3.829141
[37] 2.993054 3.214886 3.497720 2.016904 3.094885 2.315358 3.148439 2.235844 3.303509
[46] 3.157480 3.601843 2.133687 3.571403 1.550951

$Nboots
 [1] 239.3519 693.7037 380.5556 480.4167 597.7315 599.0278 467.5000 452.9167 578.4259
[10] 455.1389 276.6667 362.3148 570.6019 545.6019 304.2130 252.2685 473.1019 432.6852
[19] 620.2778 318.9352 628.0093 264.1667 376.5278 365.0000 293.7500 451.7593 359.3981
[28] 395.5556 252.9630 390.6019 410.1389 374.3056 420.7407 315.5093 390.0463 587.0370
[37] 496.0648 504.8611 538.4722 283.2407 472.6852 401.2963 498.5185 329.9074 485.2778
[46] 509.6759 579.8611 336.9907 569.6296 248.0093

$julians
[1] 2040 2085 2122 2143 2192 2232 2278 2283 2362

$intdays
[1] 45 37 21 49 40 46  5 79 43

$Pintsampest
[1] 62.12501313 26.28604624  0.15428553  0.43387313  0.20731789  0.05126593  0.03476753
[8] 43.59098288 41.56136993

$Pintboots
          [,1]      [,2]       [,3]       [,4]      [,5]       [,6]       [,7]
 [1,] 46.52472  8.690420 0.17302953 0.28525189 0.0000000 0.15379779 0.04424332
 [2,] 89.11725 47.701230 0.19734974 0.69403764 0.4146358 0.10253186 0.04029794
 [3,] 50.08983 15.304372 0.12438912 0.06216537 0.0000000 0.00000000 0.02923711
 [4,] 58.42572 36.072796 0.21129025 0.34741725 0.0000000 0.25632965 0.05688919
 [5,] 77.87086 39.398171 0.10285702 0.63187227 0.4146358 0.05126593 0.03476753
 [6,] 72.43045 35.665597 0.12717723 0.11154326 0.0000000 0.05126593 0.03318249
 [7,] 74.37676 23.402898 0.22724614 0.28525189 0.0000000 0.05126593 0.03635257
 [8,] 68.75133 23.307608 0.12438912 0.43387313 0.2073179 0.10253186 0.04029794
 [9,] 84.77870 38.236837 0.20292594 0.69403764 0.4146358 0.05126593 0.03476753
[10,] 70.46176 28.394201 0.09728082 0.52032901 0.4146358 0.00000000 0.02923711
[11,] 40.50935 21.607262 0.10843323 0.11154326 0.0000000 0.00000000 0.02765208
[12,] 46.77766 19.617541 0.18975815 0.18649610 0.0000000 0.00000000 0.02923711
[13,] 79.16528 35.095449 0.15149743 0.11154326 0.0000000 0.05126593 0.03476753
[14,] 80.14685 35.450103 0.05421661 0.52032901 0.4146358 0.05126593 0.03476753
[15,] 46.77616 19.573539 0.18697004 0.23587399 0.0000000 0.05126593 0.03635257
[16,] 44.42323 17.313694 0.05979282 0.00000000 0.0000000 0.00000000 0.02923711
[17,] 61.50284 24.597822 0.17860574 0.17370863 0.0000000 0.05126593 0.03476753
[18,] 57.62796 23.811353 0.23561045 0.86774627 0.4146358 0.05126593 0.03318249
[19,] 78.09708 38.461485 0.18418194 0.18649610 0.0000000 0.15379779 0.04582836
[20,] 49.52183 16.863751 0.10285702 0.11154326 0.0000000 0.05126593 0.03476753
[21,] 94.54768 39.076462 0.17581763 0.12433074 0.0000000 0.05126593 0.03635257
[22,] 45.75675 12.905271 0.22724614 0.80558090 0.4146358 0.00000000 0.02923711
[23,] 55.73401 14.014192 0.17860574 0.32232987 0.2073179 0.05126593 0.03635257
[24,] 53.53776 20.722511 0.16543794 0.17370863 0.0000000 0.00000000 0.02765208
[25,] 49.95458 17.509587 0.22445804 0.60758176 0.2073179 0.10253186 0.04188298
[26,] 67.35693 30.771319 0.11122133 0.43387313 0.2073179 0.10253186 0.04029794
[27,] 58.40712 18.456074 0.08411302 0.38449524 0.2073179 0.05126593 0.03476753
[28,] 59.07861 31.048513 0.11679753 0.43387313 0.2073179 0.10253186 0.03871291
[29,] 41.35402  8.871199 0.28146276 0.55820387 0.2073179 0.05126593 0.03476753
[30,] 50.67210 16.380864 0.07853682 0.63187227 0.4146358 0.10253186 0.03871291
[31,] 57.88172 22.479832 0.10006892 0.32232987 0.2073179 0.15379779 0.04424332
[32,] 48.13319 19.296346 0.15428553 0.43387313 0.2073179 0.00000000 0.02765208
[33,] 43.06871 16.466353 0.13275343 0.12433074 0.0000000 0.05126593 0.03476753
[34,] 49.37489 21.692105 0.15707363 0.49603850 0.2073179 0.10253186 0.04188298
[35,] 61.95618 24.909731 0.10564512 0.95420215 0.6219537 0.10253186 0.04029794
[36,] 73.29909 40.363946 0.27588655 0.39679515 0.0000000 0.05126593 0.03635257
[37,] 68.17537 38.591490 0.15428553 0.43387313 0.2073179 0.10253186 0.04188298
[38,] 71.24790 38.891827 0.22724614 0.55820387 0.2073179 0.05126593 0.03476753
[39,] 73.92585 30.276860 0.29741866 0.70633755 0.2073179 0.05126593 0.03635257
[40,] 42.25700 17.207993 0.15707363 0.75620301 0.4146358 0.00000000 0.02765208
[41,] 58.45736 23.326049 0.10285702 0.00000000 0.0000000 0.00000000 0.03082215
[42,] 49.87083 21.855090 0.15707363 0.75620301 0.4146358 0.00000000 0.02923711
[43,] 64.30974 26.534484 0.14870933 0.32232987 0.2073179 0.05126593 0.03476753
[44,] 49.22098 16.811206 0.12717723 0.75620301 0.4146358 0.05126593 0.03476753
[45,] 69.28636 25.080987 0.04104882 0.26016451 0.2073179 0.00000000 0.02765208
[46,] 65.14738 34.427927 0.08132492 0.32232987 0.2073179 0.00000000 0.03082215
[47,] 73.19933 37.214661 0.25156635 0.54541639 0.2073179 0.05126593 0.03476753
[48,] 43.50470 17.937312 0.20292594 0.17370863 0.0000000 0.05126593 0.03318249
[49,] 71.60162 34.255824 0.15707363 0.37170777 0.2073179 0.10253186 0.04188298
[50,] 35.78263 10.066124 0.17860574 0.58249438 0.4146358 0.00000000 0.03082215
           [,8]     [,9]
 [1,] 33.107472 31.25110
 [2,] 42.071320 54.03600
 [3,] 45.110646 36.22903
 [4,] 43.590983 39.79488
 [5,] 51.340057 51.19495
 [6,] 85.735912 57.98325
 [7,] 23.291180 41.87226
 [8,] 24.337067 39.47141
 [9,] 12.807669 43.97857
[10,] 63.916446 51.08890
[11,] 23.239860 25.68589
[12,] 35.841909 32.11808
[13,] 38.433119 48.29092
[14,] 35.699785 48.01374
[15,] 26.929380 29.68524
[16,] 12.807669 24.70803
[17,] 56.167372 44.69621
[18,] 48.723187 40.81445
[19,] 56.167372 52.62029
[20,] 47.229184 36.53592
[21,] 16.471529 49.64327
[22,] 23.265520 28.19863
[23,] 43.616642 38.51654
[24,] 36.887796 35.63157
[25,] 42.096979 35.34205
[26,] 28.423384 39.92066
[27,] 52.859720 42.31533
[28,] 36.887796 38.27743
[29,] 25.384058 26.67436
[30,] 63.890786 41.63194
[31,] 52.503511 41.96723
[32,] 40.974113 34.16589
[33,] 94.699760 46.40856
[34,] 34.347905 32.95061
[35,]  9.169468 32.08754
[36,] 63.942105 52.45079
[37,] 10.714791 35.47902
[38,] 21.603733 39.91768
[39,] 60.303905 51.75726
[40,] 44.754437 32.39149
[41,] 71.691179 47.47819
[42,] 24.785183 30.57788
[43,] 56.167372 46.03656
[44,] 43.260434 35.30923
[45,] 74.348637 53.37444
[46,] 36.939115 41.18940
[47,] 49.937961 48.58159
[48,] 38.407459 31.25528
[49,] 56.523580 49.61578
[50,] 24.362727 23.73520

$Bdatesampinfo
      DATE JULIAN N        Mean       Stdev
1 08/02/11   2040 5 11.94764887  8.42863627
2 09/16/11   2085 6 12.19551176 12.11944622
3 10/23/11   2122 5  0.06935265  0.08390623
4 11/13/11   2143 5  0.06468598  0.09263292
5 01/01/12   2192 5  0.07155028  0.15999129
6 02/10/12   2232 4  0.00000000  0.00000000
7 03/27/12   2278 5  0.02000644  0.04473576
8 04/01/12   2283 2  0.11169886  0.01649916
9 06/19/12   2362 5  9.15347714  9.37268392

$Ndatesampinfo
      DATE JULIAN N        Mean       Stdev
1 08/02/11   2040 5 1806.666667 1406.984342
2 09/16/11   2085 6 1968.518519 2187.274268
3 10/23/11   2122 5   11.111111   11.111111
4 11/13/11   2143 5    8.888889   12.171612
5 01/01/12   2192 5    6.666667   14.907120
6 02/10/12   2232 4    0.000000    0.000000
7 03/27/12   2278 5    2.222222    4.969040
8 04/01/12   2283 2   16.666667    7.856742
9 06/19/12   2362 5 1386.666667 1216.283552

$Bdateboots
           [,1]      [,2]       [,3]       [,4]       [,5] [,6]       [,7]      [,8]
 [1,] 12.993448  4.132892 0.04001288 0.10469886 0.00000000    0 0.06001931 0.1000322
 [2,] 13.185188 22.679611 0.10003219 0.06468598 0.14310056    0 0.04001288 0.1116989
 [3,] 12.957545  7.254481 0.08002575 0.02467310 0.00000000    0 0.00000000 0.1116989
 [4,]  5.821056 16.691492 0.05867954 0.12937196 0.00000000    0 0.10003219 0.1116989
 [5,] 11.947649 18.543311 0.04934621 0.04001288 0.14310056    0 0.02000644 0.1116989
 [6,] 11.132169 16.776861 0.06935265 0.04001288 0.00000000    0 0.02000644 0.1000322
 [7,] 18.301885 10.806635 0.08935909 0.10469886 0.00000000    0 0.02000644 0.1233655
 [8,] 17.061670 10.806635 0.04001288 0.06468598 0.07155028    0 0.04001288 0.1116989
 [9,] 15.629715 18.251107 0.10936552 0.06468598 0.14310056    0 0.02000644 0.1116989
[10,] 13.382280 12.469824 0.08002575 0.00000000 0.14310056    0 0.00000000 0.1116989
[11,]  5.365769  9.396459 0.05867954 0.04001288 0.00000000    0 0.00000000 0.1000322
[12,]  9.275479  9.122146 0.09869242 0.07401931 0.00000000    0 0.00000000 0.1116989
[13,] 14.003344 16.828492 0.08935909 0.04001288 0.00000000    0 0.02000644 0.1116989
[14,] 14.392176 16.743123 0.04934621 0.00000000 0.14310056    0 0.02000644 0.1116989
[15,]  9.275479  8.385156 0.07868598 0.08935909 0.00000000    0 0.02000644 0.1233655
[16,]  9.503122  7.528794 0.05867954 0.00000000 0.00000000    0 0.00000000 0.1116989
[17,] 13.185188 11.251685 0.08935909 0.06468598 0.00000000    0 0.02000644 0.1116989
[18,] 10.676882 11.458257 0.07868598 0.12937196 0.14310056    0 0.02000644 0.1000322
[19,] 13.185188 18.132000 0.08935909 0.07401931 0.00000000    0 0.06001931 0.1116989
[20,] 10.743337  7.614163 0.04934621 0.04001288 0.00000000    0 0.02000644 0.1116989
[21,] 19.539424 18.628680 0.10003219 0.04934621 0.00000000    0 0.02000644 0.1233655
[22,] 11.720006  5.229828 0.08935909 0.10469886 0.14310056    0 0.00000000 0.1116989
[23,] 15.629715  6.378131 0.12937196 0.02467310 0.07155028    0 0.02000644 0.1233655
[24,] 10.321278 10.035642 0.08801931 0.06468598 0.00000000    0 0.00000000 0.1000322
[25,] 10.515694  7.562532 0.06001931 0.12937196 0.07155028    0 0.04001288 0.1233655
[26,] 11.753233 13.944070 0.03867310 0.06468598 0.07155028    0 0.04001288 0.1116989
[27,] 13.154637  7.973844 0.02933977 0.04934621 0.07155028    0 0.02000644 0.1116989
[28,]  8.004712 13.824963 0.04800644 0.06468598 0.07155028    0 0.04001288 0.1000322
[29,] 12.142065  4.132892 0.12937196 0.11403219 0.07155028    0 0.02000644 0.1116989
[30,] 12.175292  7.699531 0.02933977 0.04001288 0.14310056    0 0.04001288 0.1000322
[31,] 12.175292  9.774032 0.06001931 0.02467310 0.07155028    0 0.06001931 0.1000322
[32,] 10.707434  8.504263 0.06935265 0.06468598 0.07155028    0 0.00000000 0.1000322
[33,]  9.275479  7.699531 0.06935265 0.04934621 0.00000000    0 0.02000644 0.1116989
[34,]  9.275479  9.243613 0.04934621 0.08935909 0.07155028    0 0.04001288 0.1233655
[35,] 13.151961 11.166316 0.02933977 0.06468598 0.21465083    0 0.04001288 0.1116989
[36,] 10.707434 18.372574 0.08935909 0.14471173 0.00000000    0 0.02000644 0.1233655
[37,]  8.071167 18.165738 0.06935265 0.06468598 0.07155028    0 0.04001288 0.1233655
[38,] 10.479790 18.046631 0.08002575 0.11403219 0.07155028    0 0.02000644 0.1116989
[39,] 14.425403 13.995700 0.08935909 0.16005150 0.07155028    0 0.02000644 0.1233655
[40,]  7.810296  6.944648 0.04934621 0.08935909 0.14310056    0 0.00000000 0.1000322
[41,] 11.914422 11.357042 0.08935909 0.00000000 0.00000000    0 0.00000000 0.1233655
[42,]  9.503122 10.480692 0.04934621 0.08935909 0.14310056    0 0.00000000 0.1116989
[43,] 13.607247 12.229250 0.10003219 0.02467310 0.07155028    0 0.02000644 0.1116989
[44,] 10.515694  7.614163 0.02000644 0.08935909 0.14310056    0 0.02000644 0.1116989
[45,] 15.662942 10.545025 0.04800644 0.00000000 0.07155028    0 0.00000000 0.1000322
[46,]  9.697538 16.331811 0.04934621 0.02467310 0.07155028    0 0.00000000 0.1233655
[47,] 10.321278 17.839795 0.10936552 0.10469886 0.07155028    0 0.02000644 0.1116989
[48,]  8.232355  8.575882 0.10936552 0.06468598 0.00000000    0 0.02000644 0.1000322
[49,] 11.947649 16.450918 0.09869242 0.04001288 0.07155028    0 0.04001288 0.1233655
[50,]  9.697538  4.577942 0.12937196 0.02467310 0.14310056    0 0.00000000 0.1233655
           [,9]
 [1,]  6.548289
 [2,]  8.607432
 [3,]  9.699522
 [4,]  9.153477
 [5,] 10.558902
 [6,] 17.510139
 [7,]  5.248169
 [8,]  5.120764
 [9,]  2.642980
[10,] 13.058786
[11,]  5.248169
[12,]  7.748052
[13,]  8.166692
[14,]  7.116433
[15,]  5.688909
[16,]  2.642980
[17,] 11.653360
[18,] 10.140262
[19,] 11.653360
[20,]  9.594217
[21,]  3.083720
[22,]  5.248169
[23,]  9.153477
[24,]  7.620647
[25,]  8.607432
[26,]  6.234954
[27,] 11.104947
[28,]  7.620647
[29,]  5.142864
[30,] 13.058786
[31,] 11.212620
[32,]  8.734837
[33,] 19.569282
[34,]  7.202007
[35,]  2.202241
[36,] 13.058786
[37,]  2.748286
[38,]  4.070505
[39,] 12.618046
[40,]  9.807195
[41,] 14.464211
[42,]  5.794214
[43,] 11.653360
[44,]  9.261150
[45,] 15.663974
[46,]  7.620647
[47,] 10.793980
[48,]  8.166692
[49,] 11.545687
[50,]  5.120764

$Ndateboots
           [,1]      [,2]      [,3]      [,4]      [,5] [,6]      [,7]     [,8]
 [1,] 1673.3333  648.1481  4.444444 13.333333  0.000000    0  6.666667 11.11111
 [2,] 2131.1111 3840.7407 11.111111  8.888889 13.333333    0  4.444444 16.66667
 [3,] 2055.5556 1188.8889  8.888889  4.444444  0.000000    0  0.000000 16.66667
 [4,]  860.0000 2661.1111 13.333333 17.777778  0.000000    0 11.111111 16.66667
 [5,] 1806.6667 3107.4074  8.888889  4.444444 13.333333    0  2.222222 16.66667
 [6,] 1655.5556 2788.8889 11.111111  4.444444  0.000000    0  2.222222 11.11111
 [7,] 2828.8889 1755.5556 13.333333 13.333333  0.000000    0  2.222222 22.22222
 [8,] 2864.4444 1755.5556  4.444444  8.888889  6.666667    0  4.444444 16.66667
 [9,] 2442.2222 3129.6296 15.555556  8.888889 13.333333    0  2.222222 16.66667
[10,] 1868.8889 1800.0000  8.888889  0.000000 13.333333    0  0.000000 16.66667
[11,]  708.8889 1311.1111 13.333333  4.444444  0.000000    0  0.000000 11.11111
[12,] 1420.0000 1479.6296 17.777778 13.333333  0.000000    0  0.000000 16.66667
[13,] 1922.2222 2925.9259 13.333333  4.444444  0.000000    0  2.222222 16.66667
[14,] 2117.7778 2798.1481  8.888889  0.000000 13.333333    0  2.222222 16.66667
[15,] 1420.0000 1203.7037 15.555556 13.333333  0.000000    0  2.222222 22.22222
[16,] 1495.5556 1020.3704 13.333333  0.000000  0.000000    0  0.000000 16.66667
[17,] 2131.1111 1842.5926 13.333333  8.888889  0.000000    0  2.222222 16.66667
[18,] 1504.4444 1903.7037 15.555556 17.777778 13.333333    0  2.222222 11.11111
[19,] 2131.1111 3011.1111 13.333333 13.333333  0.000000    0  6.666667 16.66667
[20,] 1460.0000 1148.1481  8.888889  4.444444  0.000000    0  2.222222 16.66667
[21,] 3153.3333 3235.1852 11.111111  8.888889  0.000000    0  2.222222 22.22222
[22,] 1731.1111  672.2222 13.333333 13.333333 13.333333    0  0.000000 16.66667
[23,] 2442.2222 1044.4444 17.777778  4.444444  6.666667    0  2.222222 22.22222
[24,] 1286.6667 1700.0000 20.000000  8.888889  0.000000    0  0.000000 11.11111
[25,] 1384.4444 1011.1111  6.666667 17.777778  6.666667    0  4.444444 22.22222
[26,] 1708.8889 2140.7407 11.111111  8.888889  6.666667    0  4.444444 16.66667
[27,] 1793.3333 1107.4074  6.666667  8.888889  6.666667    0  2.222222 16.66667
[28,] 1117.7778 2022.2222 15.555556  8.888889  6.666667    0  4.444444 11.11111
[29,] 1904.4444  648.1481 17.777778 17.777778  6.666667    0  2.222222 16.66667
[30,] 1882.2222 1275.9259  6.666667  4.444444 13.333333    0  4.444444 11.11111
[31,] 1882.2222 1416.6667  6.666667  4.444444  6.666667    0  6.666667 11.11111
[32,] 1842.2222 1322.2222 11.111111  8.888889  6.666667    0  0.000000 11.11111
[33,] 1420.0000 1275.9259 11.111111  8.888889  0.000000    0  2.222222 16.66667
[34,] 1420.0000 1201.8519  8.888889 13.333333  6.666667    0  4.444444 22.22222
[35,] 2153.3333 1714.8148  6.666667  8.888889 20.000000    0  4.444444 16.66667
[36,] 1842.2222 2851.8519 13.333333 17.777778  0.000000    0  2.222222 22.22222
[37,] 1073.3333 3001.8519 11.111111  8.888889  6.666667    0  4.444444 22.22222
[38,] 1766.6667 2883.3333  8.888889 17.777778  6.666667    0  2.222222 16.66667
[39,] 2095.5556 2277.7778 13.333333 17.777778  6.666667    0  2.222222 22.22222
[40,] 1020.0000  853.7037  8.888889 13.333333 13.333333    0  0.000000 11.11111
[41,] 1828.8889 1931.4815 13.333333  0.000000  0.000000    0  0.000000 22.22222
[42,] 1495.5556 1787.0370  8.888889 13.333333 13.333333    0  0.000000 16.66667
[43,] 2304.4444 1959.2593 11.111111  4.444444  6.666667    0  2.222222 16.66667
[44,] 1384.4444 1148.1481  2.222222 13.333333 13.333333    0  2.222222 16.66667
[45,] 2420.0000 1472.2222 15.555556  0.000000  6.666667    0  0.000000 11.11111
[46,] 1593.3333 2701.8519  8.888889  4.444444  6.666667    0  0.000000 22.22222
[47,] 1286.6667 3033.3333 15.555556 13.333333  6.666667    0  2.222222 16.66667
[48,] 1193.3333 1420.3704 15.555556  8.888889  0.000000    0  2.222222 11.11111
[49,] 1806.6667 2820.3704 17.777778  4.444444  6.666667    0  4.444444 22.22222
[50,] 1593.3333  735.1852 17.777778  4.444444 13.333333    0  0.000000 22.22222
           [,9]
 [1,]  788.8889
 [2,] 1177.7778
 [3,] 1595.5556
 [4,] 1386.6667
 [5,] 1451.1111
 [6,] 2293.3333
 [7,] 1037.7778
 [8,]  788.8889
 [9,]  440.0000
[10,] 1735.5556
[11,] 1037.7778
[12,] 1322.2222
[13,] 1282.2222
[14,]  933.3333
[15,]  933.3333
[16,]  440.0000
[17,] 1671.1111
[18,] 1491.1111
[19,] 1671.1111
[20,] 1282.2222
[21,]  335.5556
[22,] 1037.7778
[23,] 1386.6667
[24,] 1073.3333
[25,] 1177.7778
[26,] 1142.2222
[27,] 1660.0000
[28,] 1073.3333
[29,]  724.4444
[30,] 1735.5556
[31,] 1775.5556
[32,] 1426.6667
[33,] 2682.2222
[34,] 1113.3333
[35,]  544.4444
[36,] 1735.5556
[37,]  753.3333
[38,]  440.0000
[39,] 1840.0000
[40,] 1711.1111
[41,] 1800.0000
[42,] 1246.6667
[43,] 1671.1111
[44,] 1502.2222
[45,] 2333.3333
[46,] 1073.3333
[47,] 1815.5556
[48,] 1282.2222
[49,] 1555.5556
[50,]  788.8889

