$totdays
[1] 365

$Psampest
[1] NA

$Pbootest
       Mean        2.5%         50%       97.5% 
0.013259700 0.000000000 0.002345899 0.063831805 

$Pboots
 [1] 0.000000000 0.016433018 0.024649526 0.010213107 0.000000000 0.000000000 0.000000000
 [8] 0.025781985 0.000000000 0.028959087 0.000000000 0.017075712 0.000000000 0.000000000
[15] 0.000000000 0.000000000 0.000000000 0.008450004 0.014169964 0.070512256 0.029756247
[22] 0.000000000 0.006761154 0.000000000 0.066220429 0.005106553 0.000000000 0.029242032
[29] 0.000000000 0.005627611 0.033885925 0.002218626 0.033265122 0.034127954 0.000000000
[36] 0.000000000 0.016433018 0.000000000 0.035930532 0.000000000 0.000000000 0.035914013
[43] 0.002473172 0.000000000 0.035981145 0.055604322 0.000000000 0.001103067 0.000000000
[50] 0.017089395

$Bboots
 [1] 0.0000000000 0.0024013889 0.0036020833 0.0024013889 0.0000000000 0.0000000000
 [7] 0.0000000000 0.0075043403 0.0000000000 0.0057633333 0.0000000000 0.0039022569
[13] 0.0000000000 0.0000000000 0.0000000000 0.0000000000 0.0000000000 0.0024614236
[19] 0.0038808160 0.0103881510 0.0076222656 0.0000000000 0.0021012153 0.0000000000
[25] 0.0169169271 0.0012006944 0.0000000000 0.0088765625 0.0000000000 0.0014708507
[31] 0.0102059028 0.0006861111 0.0089751910 0.0076329861 0.0000000000 0.0000000000
[37] 0.0024013889 0.0000000000 0.0090159288 0.0000000000 0.0000000000 0.0111064236
[43] 0.0007204167 0.0000000000 0.0095905469 0.0171956597 0.0000000000 0.0006003472
[49] 0.0000000000 0.0043225000

$Nboots
 [1]  0.0000000  1.3888889  2.3148148  1.1574074  0.0000000  0.0000000  0.0000000
 [8]  3.5648148  0.0000000  3.1944444  0.0000000  3.0092593  0.0000000  0.0000000
[15]  0.0000000  0.0000000  0.0000000  1.2268519  2.5958995  7.0023148  5.2331349
[22]  0.0000000  1.5046296  0.0000000 11.2202381  0.4629630  0.0000000  5.7837302
[29]  0.0000000  0.8564815  5.0000000  0.4298942  4.8611111  4.6395503  0.0000000
[36]  0.0000000  1.3888889  0.0000000  5.6464947  0.0000000  0.0000000  8.3664021
[43]  0.2777778  0.0000000  5.0016534 12.9629630  0.0000000  0.4629630  0.0000000
[50]  2.2222222

$julians
[1] 2040 2085 2122 2143 2192 2232 2278 2283 2362

$intdays
[1] 45 37 21 49 40 46  5 79 43

$Pintsampest
[1] NA NA NA NA NA NA NA NA NA

$Pintboots
             [,1]        [,2]        [,3]        [,4]        [,5]        [,6]
 [1,]          NA          NA          NA          NA          NA          NA
 [2,]          NA          NA          NA          NA          NA          NA
 [3,]          NA          NA          NA          NA          NA          NA
 [4,]          NA          NA          NA 0.010213107          NA          NA
 [5,]          NA          NA          NA          NA          NA          NA
 [6,]          NA          NA          NA          NA          NA          NA
 [7,]          NA          NA          NA          NA          NA          NA
 [8,]          NA          NA 0.002757668 0.007659830 0.008243907 0.007120581
 [9,]          NA          NA          NA          NA          NA          NA
[10,]          NA          NA          NA 0.005106553 0.007419516          NA
[11,]          NA          NA          NA          NA          NA          NA
[12,]          NA          NA          NA          NA          NA          NA
[13,]          NA          NA          NA          NA          NA          NA
[14,]          NA          NA          NA          NA          NA          NA
[15,]          NA          NA          NA          NA          NA          NA
[16,]          NA          NA          NA          NA          NA          NA
[17,]          NA          NA          NA          NA          NA          NA
[18,]          NA          NA          NA          NA 0.008450004          NA
[19,]          NA 0.005269238          NA          NA          NA 0.008900726
[20,] 0.026491848          NA          NA          NA          NA          NA
[21,] 0.029756247          NA          NA          NA          NA          NA
[22,]          NA          NA          NA          NA          NA          NA
[23,]          NA          NA 0.001654601 0.005106553          NA          NA
[24,]          NA          NA          NA          NA          NA          NA
[25,] 0.051979267          NA          NA          NA          NA 0.014241162
[26,]          NA          NA          NA 0.005106553          NA          NA
[27,]          NA          NA          NA          NA          NA          NA
[28,]          NA 0.019967637          NA          NA 0.009274395          NA
[29,]          NA          NA          NA          NA          NA          NA
[30,]          NA          NA          NA          NA 0.001236586 0.004391025
[31,]          NA          NA 0.003309201 0.008936468 0.021640255          NA
[32,]          NA 0.002218626          NA          NA          NA          NA
[33,]          NA          NA          NA          NA 0.014632934 0.018632187
[34,]          NA 0.004298589          NA          NA 0.013396348          NA
[35,]          NA          NA          NA          NA          NA          NA
[36,]          NA          NA          NA          NA          NA          NA
[37,]          NA          NA          NA          NA          NA          NA
[38,]          NA          NA          NA          NA          NA          NA
[39,] 0.026994064          NA          NA 0.008936468          NA          NA
[40,]          NA          NA          NA          NA          NA          NA
[41,]          NA          NA          NA          NA          NA          NA
[42,]          NA 0.035914013          NA          NA          NA          NA
[43,]          NA          NA          NA          NA 0.002473172          NA
[44,]          NA          NA          NA          NA          NA          NA
[45,] 0.009667641          NA          NA          NA 0.011953665 0.014359839
[46,]          NA 0.055604322          NA          NA          NA          NA
[47,]          NA          NA          NA          NA          NA          NA
[48,]          NA          NA 0.001103067          NA          NA          NA
[49,]          NA          NA          NA          NA          NA          NA
[50,]          NA          NA          NA          NA          NA 0.017089395
             [,7]       [,8]       [,9]
 [1,]          NA         NA         NA
 [2,]          NA 0.01643302         NA
 [3,] 0.000000000 0.02464953         NA
 [4,]          NA         NA         NA
 [5,]          NA         NA         NA
 [6,]          NA         NA         NA
 [7,]          NA         NA         NA
 [8,]          NA         NA         NA
 [9,]          NA         NA         NA
[10,]          NA 0.01643302         NA
[11,]          NA         NA         NA
[12,] 0.000642695 0.01643302         NA
[13,]          NA         NA         NA
[14,]          NA         NA         NA
[15,]          NA         NA         NA
[16,]          NA         NA         NA
[17,]          NA         NA         NA
[18,]          NA         NA         NA
[19,]          NA         NA         NA
[20,]          NA 0.02464953 0.01937088
[21,]          NA         NA         NA
[22,]          NA         NA         NA
[23,]          NA         NA         NA
[24,]          NA         NA         NA
[25,]          NA         NA         NA
[26,]          NA         NA         NA
[27,]          NA         NA         NA
[28,]          NA         NA         NA
[29,]          NA         NA         NA
[30,]          NA         NA         NA
[31,]          NA         NA         NA
[32,]          NA         NA         NA
[33,]          NA         NA         NA
[34,]          NA 0.01643302         NA
[35,]          NA         NA         NA
[36,]          NA         NA         NA
[37,]          NA 0.01643302         NA
[38,]          NA         NA         NA
[39,]          NA         NA         NA
[40,]          NA         NA         NA
[41,]          NA         NA         NA
[42,]          NA         NA         NA
[43,]          NA         NA         NA
[44,]          NA         NA         NA
[45,]          NA         NA         NA
[46,]          NA         NA         NA
[47,]          NA         NA         NA
[48,]          NA         NA         NA
[49,]          NA         NA         NA
[50,]          NA         NA         NA

$Bdatesampinfo
      DATE JULIAN N Mean Stdev
1 08/02/11   2040 4   NA    NA
2 09/16/11   2085 7   NA    NA
3 10/23/11   2122 6   NA    NA
4 11/13/11   2143 6   NA    NA
5 01/01/12   2192 6   NA    NA
6 02/10/12   2232 5   NA    NA
7 03/27/12   2278 6   NA    NA
8 04/01/12   2283 3   NA    NA
9 06/19/12   2362 6   NA    NA

$Ndatesampinfo
      DATE JULIAN N Mean Stdev
1 08/02/11   2040 4   NA    NA
2 09/16/11   2085 7   NA    NA
3 10/23/11   2122 6   NA    NA
4 11/13/11   2143 6   NA    NA
5 01/01/12   2192 6   NA    NA
6 02/10/12   2232 5   NA    NA
7 03/27/12   2278 6   NA    NA
8 04/01/12   2283 3   NA    NA
9 06/19/12   2362 6   NA    NA

$Bdateboots
             [,1]        [,2]        [,3]        [,4]        [,5]        [,6]
 [1,] 0.000000000 0.253175000 0.000000000 0.028816667 0.000000000 0.005763333
 [2,] 0.000000000 0.096741667 0.000000000 0.000000000 0.000000000 0.000000000
 [3,] 0.000000000 0.000000000 0.000000000 0.000000000 0.004802778 0.000000000
 [4,] 0.000000000 0.000000000 0.000000000 0.038422222 0.000000000 0.000000000
 [5,] 0.000000000 0.170841667 0.000000000 0.000000000 0.000000000 0.000000000
 [6,] 0.000000000 0.000000000 0.000000000 0.000000000 0.000000000 0.000000000
 [7,] 0.000000000 0.010291667 0.000000000 0.000000000 0.000000000 0.000000000
 [8,] 0.000000000 0.000000000 0.004802778 0.019211111 0.009605556 0.028816667
 [9,] 0.018010417 0.000000000 0.000000000 0.014408333 0.000000000 0.000000000
[10,] 0.025214583 0.000000000 0.000000000 0.019211111 0.000000000 0.034580000
[11,] 0.000000000 0.000000000 0.000000000 0.019211111 0.000000000 0.017290000
[12,] 0.000000000 0.004116667 0.000000000 0.000000000 0.009605556 0.000000000
[13,] 0.000000000 0.000000000 0.000000000 0.000000000 0.000000000 0.000000000
[14,] 0.000000000 0.000000000 0.000000000 0.000000000 0.000000000 0.000000000
[15,] 0.000000000 0.000000000 0.004802778 0.000000000 0.009605556 0.000000000
[16,] 0.000000000 0.000000000 0.000000000 0.009605556 0.000000000 0.000000000
[17,] 0.000000000 0.000000000 0.000000000 0.000000000 0.014408333 0.000000000
[18,] 0.018010417 0.000000000 0.000000000 0.000000000 0.004802778 0.034580000
[19,] 0.000000000 0.016466667 0.009605556 0.000000000 0.000000000 0.000000000
[20,] 0.018010417 0.090566667 0.000000000 0.014408333 0.000000000 0.000000000
[21,] 0.025214583 0.096741667 0.000000000 0.028816667 0.000000000 0.000000000
[22,] 0.028816667 0.000000000 0.000000000 0.014408333 0.000000000 0.000000000
[23,] 0.021612500 0.000000000 0.000000000 0.014408333 0.004802778 0.000000000
[24,] 0.000000000 0.000000000 0.004802778 0.000000000 0.004802778 0.000000000
[25,] 0.036020833 0.177016667 0.000000000 0.000000000 0.000000000 0.057633333
[26,] 0.000000000 0.000000000 0.000000000 0.009605556 0.009605556 0.000000000
[27,] 0.000000000 0.000000000 0.000000000 0.024013889 0.000000000 0.017290000
[28,] 0.000000000 0.098800000 0.000000000 0.000000000 0.014408333 0.028816667
[29,] 0.000000000 0.257291667 0.000000000 0.000000000 0.000000000 0.000000000
[30,] 0.000000000 0.000000000 0.004802778 0.000000000 0.000000000 0.005763333
[31,] 0.043225000 0.000000000 0.009605556 0.019211111 0.014408333 0.086450000
[32,] 0.000000000 0.006175000 0.004802778 0.000000000 0.004802778 0.000000000
[33,] 0.000000000 0.000000000 0.000000000 0.000000000 0.004802778 0.063396667
[34,] 0.000000000 0.016466667 0.004802778 0.000000000 0.004802778 0.057633333
[35,] 0.000000000 0.000000000 0.000000000 0.009605556 0.000000000 0.000000000
[36,] 0.000000000 0.000000000 0.009605556 0.000000000 0.000000000 0.000000000
[37,] 0.000000000 0.263466667 0.000000000 0.000000000 0.004802778 0.000000000
[38,] 0.000000000 0.000000000 0.000000000 0.000000000 0.000000000 0.069160000
[39,] 0.003602083 0.107033333 0.000000000 0.028816667 0.004802778 0.000000000
[40,] 0.000000000 0.183191667 0.000000000 0.000000000 0.004802778 0.000000000
[41,] 0.000000000 0.000000000 0.004802778 0.000000000 0.000000000 0.000000000
[42,] 0.000000000 0.172900000 0.004802778 0.000000000 0.000000000 0.000000000
[43,] 0.000000000 0.000000000 0.000000000 0.000000000 0.000000000 0.011526667
[44,] 0.000000000 0.257291667 0.000000000 0.014408333 0.000000000 0.000000000
[45,] 0.010806250 0.028816667 0.000000000 0.000000000 0.009605556 0.046106667
[46,] 0.000000000 0.265525000 0.009605556 0.000000000 0.000000000 0.000000000
[47,] 0.000000000 0.000000000 0.000000000 0.000000000 0.004802778 0.000000000
[48,] 0.000000000 0.000000000 0.004802778 0.004802778 0.000000000 0.000000000
[49,] 0.036020833 0.000000000 0.000000000 0.009605556 0.000000000 0.063396667
[50,] 0.000000000 0.000000000 0.000000000 0.000000000 0.000000000 0.069160000
            [,7] [,8]       [,9]
 [1,] 0.00000000    0 0.00000000
 [2,] 0.00000000    0 0.03842222
 [3,] 0.00000000    0 0.05763333
 [4,] 0.00000000    0 0.03842222
 [5,] 0.00000000    0 0.09605556
 [6,] 0.00000000    0 0.05763333
 [7,] 0.00000000    0 0.00000000
 [8,] 0.00000000    0 0.03842222
 [9,] 0.00000000    0 0.00000000
[10,] 0.00000000    0 0.03842222
[11,] 0.00000000    0 0.03842222
[12,] 0.02401389    0 0.03842222
[13,] 0.00000000    0 0.09605556
[14,] 0.00000000    0 0.00000000
[15,] 0.00000000    0 0.07684444
[16,] 0.00000000    0 0.00000000
[17,] 0.03602083    0 0.00000000
[18,] 0.00000000    0 0.03842222
[19,] 0.03602083    0 0.00000000
[20,] 0.00000000    0 0.05763333
[21,] 0.02401389    0 0.05763333
[22,] 0.00000000    0 0.03842222
[23,] 0.00000000    0 0.00000000
[24,] 0.00000000    0 0.00000000
[25,] 0.00000000    0 0.00000000
[26,] 0.00000000    0 0.00000000
[27,] 0.00000000    0 0.00000000
[28,] 0.00000000    0 0.00000000
[29,] 0.00000000    0 0.00000000
[30,] 0.01200694    0 0.05763333
[31,] 0.00000000    0 0.00000000
[32,] 0.00000000    0 0.05763333
[33,] 0.01200694    0 0.00000000
[34,] 0.00000000    0 0.03842222
[35,] 0.00000000    0 0.07684444
[36,] 0.00000000    0 0.00000000
[37,] 0.00000000    0 0.03842222
[38,] 0.00000000    0 0.00000000
[39,] 0.00000000    0 0.03842222
[40,] 0.01200694    0 0.00000000
[41,] 0.00000000    0 0.00000000
[42,] 0.00000000    0 0.00000000
[43,] 0.00000000    0 0.00000000
[44,] 0.01200694    0 0.00000000
[45,] 0.01200694    0 0.00000000
[46,] 0.01200694    0 0.03842222
[47,] 0.00000000    0 0.00000000
[48,] 0.00000000    0 0.00000000
[49,] 0.00000000    0 0.00000000
[50,] 0.00000000    0 0.07684444

$Ndateboots
           [,1]       [,2]     [,3]      [,4]     [,5]      [,6]      [,7] [,8]
 [1,]  0.000000 193.650794 0.000000 14.814815 0.000000  2.222222  0.000000    0
 [2,]  0.000000  69.841270 0.000000  0.000000 0.000000  0.000000  0.000000    0
 [3,]  0.000000   0.000000 0.000000  0.000000 1.851852  0.000000  0.000000    0
 [4,]  0.000000   0.000000 0.000000 18.518519 0.000000  0.000000  0.000000    0
 [5,]  0.000000 130.158730 0.000000  0.000000 0.000000  0.000000  0.000000    0
 [6,]  0.000000   0.000000 0.000000  0.000000 0.000000  0.000000  0.000000    0
 [7,]  0.000000   4.761905 0.000000  0.000000 0.000000  0.000000  0.000000    0
 [8,]  0.000000   0.000000 3.703704  7.407407 3.703704 15.555556  0.000000    0
 [9,]  8.333333   0.000000 0.000000  7.407407 0.000000  0.000000  0.000000    0
[10,] 13.888889   0.000000 0.000000 11.111111 0.000000 17.777778  0.000000    0
[11,]  0.000000   0.000000 0.000000 14.814815 0.000000  6.666667  0.000000    0
[12,]  0.000000   1.587302 0.000000  0.000000 3.703704  0.000000 18.518519    0
[13,]  0.000000   0.000000 0.000000  0.000000 0.000000  0.000000  0.000000    0
[14,]  0.000000   0.000000 0.000000  0.000000 0.000000  0.000000  0.000000    0
[15,]  0.000000   0.000000 3.703704  0.000000 3.703704  0.000000  0.000000    0
[16,]  0.000000   0.000000 0.000000  3.703704 0.000000  0.000000  0.000000    0
[17,]  0.000000   0.000000 0.000000  0.000000 5.555556  0.000000 27.777778    0
[18,]  8.333333   0.000000 0.000000  0.000000 1.851852 17.777778  0.000000    0
[19,]  0.000000   6.349206 7.407407  0.000000 0.000000  0.000000 27.777778    0
[20,]  8.333333  66.666667 0.000000  7.407407 0.000000  0.000000  0.000000    0
[21,] 13.888889  69.841270 0.000000 14.814815 0.000000  0.000000 18.518519    0
[22,] 11.111111   0.000000 0.000000  7.407407 0.000000  0.000000  0.000000    0
[23,] 11.111111   0.000000 0.000000 11.111111 1.851852  0.000000  0.000000    0
[24,]  0.000000   0.000000 3.703704  0.000000 1.851852  0.000000  0.000000    0
[25,] 16.666667 131.746032 0.000000  0.000000 0.000000 31.111111  0.000000    0
[26,]  0.000000   0.000000 0.000000  3.703704 3.703704  0.000000  0.000000    0
[27,]  0.000000   0.000000 0.000000 14.814815 0.000000  6.666667  0.000000    0
[28,]  0.000000  71.428571 0.000000  0.000000 5.555556 15.555556  0.000000    0
[29,]  0.000000 195.238095 0.000000  0.000000 0.000000  0.000000  0.000000    0
[30,]  0.000000   0.000000 3.703704  0.000000 0.000000  2.222222  9.259259    0
[31,] 16.666667   0.000000 7.407407  7.407407 5.555556 46.666667  0.000000    0
[32,]  0.000000   3.174603 3.703704  0.000000 1.851852  0.000000  0.000000    0
[33,]  0.000000   0.000000 0.000000  0.000000 1.851852 33.333333  9.259259    0
[34,]  0.000000   7.936508 3.703704  0.000000 1.851852 31.111111  0.000000    0
[35,]  0.000000   0.000000 0.000000  7.407407 0.000000  0.000000  0.000000    0
[36,]  0.000000   0.000000 7.407407  0.000000 0.000000  0.000000  0.000000    0
[37,]  0.000000 198.412698 0.000000  0.000000 1.851852  0.000000  0.000000    0
[38,]  0.000000   0.000000 0.000000  0.000000 0.000000 35.555556  0.000000    0
[39,]  2.777778  74.603175 0.000000 11.111111 1.851852  0.000000  0.000000    0
[40,]  0.000000 136.507937 0.000000  0.000000 1.851852  0.000000  9.259259    0
[41,]  0.000000   0.000000 3.703704  0.000000 0.000000  0.000000  0.000000    0
[42,]  0.000000 130.158730 3.703704  0.000000 0.000000  0.000000  0.000000    0
[43,]  0.000000   0.000000 0.000000  0.000000 0.000000  4.444444  0.000000    0
[44,]  0.000000 195.238095 0.000000  7.407407 0.000000  0.000000  9.259259    0
[45,]  8.333333  14.285714 0.000000  0.000000 3.703704 22.222222  9.259259    0
[46,]  0.000000 200.000000 7.407407  0.000000 0.000000  0.000000  9.259259    0
[47,]  0.000000   0.000000 0.000000  0.000000 1.851852  0.000000  0.000000    0
[48,]  0.000000   0.000000 3.703704  3.703704 0.000000  0.000000  0.000000    0
[49,] 16.666667   0.000000 0.000000  7.407407 0.000000 33.333333  0.000000    0
[50,]  0.000000   0.000000 0.000000  0.000000 0.000000 35.555556  0.000000    0
          [,9]
 [1,]  0.00000
 [2,] 22.22222
 [3,] 37.03704
 [4,] 29.62963
 [5,] 59.25926
 [6,] 29.62963
 [7,]  0.00000
 [8,] 29.62963
 [9,]  0.00000
[10,] 22.22222
[11,] 22.22222
[12,] 29.62963
[13,] 51.85185
[14,]  0.00000
[15,] 44.44444
[16,]  0.00000
[17,]  0.00000
[18,] 14.81481
[19,]  0.00000
[20,] 37.03704
[21,] 29.62963
[22,] 29.62963
[23,]  0.00000
[24,]  0.00000
[25,]  0.00000
[26,]  0.00000
[27,]  0.00000
[28,]  0.00000
[29,]  0.00000
[30,] 44.44444
[31,]  0.00000
[32,] 29.62963
[33,]  0.00000
[34,] 29.62963
[35,] 44.44444
[36,]  0.00000
[37,] 22.22222
[38,]  0.00000
[39,] 22.22222
[40,]  0.00000
[41,]  0.00000
[42,]  0.00000
[43,]  0.00000
[44,]  0.00000
[45,]  0.00000
[46,] 22.22222
[47,]  0.00000
[48,]  0.00000
[49,]  0.00000
[50,] 44.44444

