$totdays
[1] 365

$Psampest
[1] 1.264849

$Pbootest
     Mean      2.5%       50%     97.5% 
1.2573713 0.8884775 1.1992323 1.7014756 

$Pboots
 [1] 1.6074175 1.0585802 1.6149468 1.2213790 1.4192007 0.9297283 1.9146451 1.5048124
 [9] 1.0664559 1.3308152 1.5349367 1.2842216 1.3091693 0.9589704 1.2708128 1.1550558
[17] 1.1674873 1.1624945 1.2330708 1.1580746 1.0574625 1.0928832 1.5782185 1.0198342
[25] 1.7205867 1.1455527 1.0458826 1.4235649 0.9931136 0.9014062 1.1439969 1.2644319
[33] 1.4477195 1.6356483 1.4694018 1.2758384 1.3211922 1.6206827 1.5779604 1.5532076
[41] 1.0692793 0.6310179 1.5002450 1.1467587 0.9025715 1.0790025 1.1770856 1.1496353
[49] 0.8847240 1.1373834

$Bboots
 [1] 0.3371942 0.2087611 0.3320978 0.2477075 0.2834388 0.1851823 0.3966396 0.3145619
 [9] 0.2204752 0.2647414 0.3193274 0.2640385 0.2676474 0.1936985 0.2595066 0.2365140
[17] 0.2422933 0.2247203 0.2516467 0.2417694 0.2165288 0.2183333 0.3291460 0.2051195
[25] 0.3600227 0.2335153 0.2139118 0.2961309 0.1995934 0.1830522 0.2372394 0.2551171
[33] 0.2994871 0.3403836 0.3099727 0.2608719 0.2725599 0.3404838 0.3282187 0.3171273
[41] 0.2127515 0.1234077 0.3169574 0.2375086 0.1843850 0.2203252 0.2397537 0.2360721
[49] 0.1688424 0.2371267

$Nboots
 [1] 33.24074 23.56481 34.39815 29.25926 33.98148 21.57407 37.73148 33.14815 25.37037
[10] 25.27778 31.75926 27.22222 27.17593 22.08333 26.89815 27.03704 24.35185 22.26852
[19] 30.00000 26.48148 27.17593 23.05556 36.89815 22.03704 33.61111 27.54630 23.88889
[28] 28.61111 21.38889 20.41667 26.06481 30.09259 29.44444 32.22222 30.74074 30.46296
[37] 27.08333 36.85185 32.77778 33.51852 24.35185 12.63889 34.95370 28.61111 21.34259
[46] 25.23148 27.50000 25.74074 17.63889 25.64815

$julians
[1] 2040 2085 2122 2143 2192 2232 2278 2283 2362

$intdays
[1] 45 37 21 49 40 46  5 79 43

$Pintsampest
[1] 0.493916848 0.256135214 0.006324597 0.028142863 0.025656581 0.018569687 0.003710773
[8] 0.154397227 0.277995582

$Pintboots
           [,1]      [,2]         [,3]       [,4]        [,5]        [,6]        [,7]
 [1,] 0.6232229 0.3527253 0.0106817491 0.04638276 0.045863315 0.031381626 0.003398961
 [2,] 0.4123068 0.2039365 0.0018180231 0.01095983 0.006582116 0.002878873 0.003710773
 [3,] 0.6165108 0.3561720 0.0065528900 0.03402020 0.029974161 0.021448560 0.004022585
 [4,] 0.4880768 0.2592567 0.0029511685 0.02173709 0.013164231 0.002878873 0.003710773
 [5,] 0.5409602 0.2850845 0.0025734534 0.01411116 0.020206734 0.021448560 0.004022585
 [6,] 0.3599513 0.1441030 0.0024240308 0.03542293 0.024063926 0.005757747 0.004022585
 [7,] 0.7684552 0.4797220 0.0034077536 0.01183413 0.019074466 0.018569687 0.003710773
 [8,] 0.6371319 0.3667757 0.0031794611 0.01946007 0.010899695 0.005757747 0.004022585
 [9,] 0.4296183 0.1964543 0.0135985929 0.03007402 0.013624618 0.018569687 0.003710773
[10,] 0.5183054 0.2703583 0.0028017459 0.02139123 0.012031963 0.002878873 0.003710773
[11,] 0.6051292 0.3625877 0.0059468823 0.02867129 0.025656581 0.015690813 0.003398961
[12,] 0.4830335 0.2745463 0.0053408746 0.03261747 0.031106429 0.015690813 0.003398961
[13,] 0.5251377 0.2550687 0.0053408746 0.03261747 0.029974161 0.018569687 0.003710773
[14,] 0.3515374 0.1531294 0.0063245974 0.03489450 0.032238697 0.018569687 0.003710773
[15,] 0.4988266 0.2582683 0.0071588977 0.02586583 0.024524313 0.015690813 0.003398961
[16,] 0.4551308 0.2442923 0.0065528900 0.02867129 0.012031963 0.002878873 0.003710773
[17,] 0.4356316 0.1963018 0.0100757414 0.05593986 0.053577699 0.031381626 0.003398961
[18,] 0.4493474 0.1973683 0.0063245974 0.02139123 0.006582116 0.000000000 0.003398961
[19,] 0.4917454 0.2363325 0.0057185897 0.02139123 0.020206734 0.024327433 0.004334398
[20,] 0.4585241 0.2103522 0.0092414412 0.03629723 0.039281200 0.034260500 0.003710773
[21,] 0.4133268 0.2039365 0.0023451608 0.01893163 0.025656581 0.021448560 0.004022585
[22,] 0.3698753 0.1649723 0.0069306051 0.03769996 0.046995583 0.034260500 0.003710773
[23,] 0.6419587 0.3582270 0.0054902971 0.01270843 0.027249237 0.037139373 0.004022585
[24,] 0.3520256 0.1411340 0.0171214444 0.06128876 0.032238697 0.015690813 0.003398961
[25,] 0.7099302 0.4311425 0.0063245974 0.02954559 0.013164231 0.002878873 0.003710773
[26,] 0.3929557 0.1844589 0.0092414412 0.02954559 0.047455971 0.052830186 0.004022585
[27,] 0.4072140 0.2117438 0.0065528900 0.02191966 0.006582116 0.008636620 0.004334398
[28,] 0.5701289 0.3181963 0.0051125820 0.04699505 0.028381505 0.002878873 0.003710773
[29,] 0.3934107 0.1649723 0.0077649053 0.01516802 0.013624618 0.021448560 0.004022585
[30,] 0.3556112 0.1509964 0.0007554303 0.02340624 0.031106429 0.018569687 0.003710773
[31,] 0.4343073 0.2072306 0.0053408746 0.02867129 0.040413468 0.040018247 0.004334398
[32,] 0.4969308 0.2357436 0.0015897305 0.02533740 0.031106429 0.021448560 0.004022585
[33,] 0.5683558 0.3299446 0.0040137613 0.00367976 0.027249237 0.034260500 0.003710773
[34,] 0.6748296 0.4138724 0.0057185897 0.02139123 0.006582116 0.000000000 0.003398961
[35,] 0.5840281 0.3048873 0.0065528900 0.02726856 0.051773550 0.052830186 0.004022585
[36,] 0.4816151 0.2493944 0.0059468823 0.03402020 0.032238697 0.021448560 0.004022585
[37,] 0.5219346 0.2650091 0.0104534566 0.03629723 0.025656581 0.018569687 0.003710773
[38,] 0.6640424 0.4144613 0.0019674457 0.01130570 0.019074466 0.018569687 0.003710773
[39,] 0.6077889 0.3714616 0.0029511685 0.03664310 0.038820812 0.015690813 0.003398961
[40,] 0.5919351 0.3527253 0.0063245974 0.03629723 0.018614078 0.002878873 0.003710773
[41,] 0.3881520 0.1441030 0.0019674457 0.01805734 0.051773550 0.052830186 0.004022585
[42,] 0.2389067 0.0574533 0.0112877568 0.03822839 0.012031963 0.000000000 0.003398961
[43,] 0.6107043 0.3614266 0.0040137613 0.02814286 0.032238697 0.018569687 0.003710773
[44,] 0.4547931 0.2562877 0.0073083202 0.03041989 0.013164231 0.000000000 0.003398961
[45,] 0.3393634 0.1400675 0.0098474489 0.05120324 0.022931658 0.005757747 0.004022585
[46,] 0.4061499 0.1964543 0.0102251640 0.03717153 0.025656581 0.015690813 0.003398961
[47,] 0.5193706 0.2448812 0.0025734534 0.01130570 0.005449847 0.002878873 0.003710773
[48,] 0.4543782 0.2441398 0.0012120154 0.01095983 0.020206734 0.021448560 0.004022585
[49,] 0.3284468 0.1075190 0.0057185897 0.01998850 0.019074466 0.015690813 0.003398961
[50,] 0.4428463 0.2040145 0.0081426205 0.03489450 0.044731047 0.034260500 0.003710773
           [,8]      [,9]
 [1,] 0.1540860 0.3396749
 [2,] 0.1724533 0.2439340
 [3,] 0.1978511 0.3483945
 [4,] 0.1543972 0.2752060
 [5,] 0.2140675 0.3167260
 [6,] 0.1430648 0.2109179
 [7,] 0.1908162 0.4190549
 [8,] 0.1204360 0.3371492
 [9,] 0.1222757 0.2385300
[10,] 0.1978511 0.3014859
[11,] 0.1562369 0.3316183
[12,] 0.1632719 0.2752154
[13,] 0.1476735 0.2910763
[14,] 0.1498245 0.2087409
[15,] 0.1562369 0.2808421
[16,] 0.1449046 0.2568824
[17,] 0.1360299 0.2451502
[18,] 0.2070325 0.2710494
[19,] 0.1525575 0.2764570
[20,] 0.1158273 0.2505799
[21,] 0.1338834 0.2339112
[22,] 0.1978511 0.2305870
[23,] 0.1452158 0.3462071
[24,] 0.1797950 0.2171408
[25,] 0.1452158 0.3786742
[26,] 0.1865187 0.2385236
[27,] 0.1449046 0.2339946
[28,] 0.1381809 0.3099800
[29,] 0.1452158 0.2274861
[30,] 0.1158273 0.2014227
[31,] 0.1384921 0.2451886
[32,] 0.1657296 0.2825232
[33,] 0.1611209 0.3153841
[34,] 0.1473623 0.3624930
[35,] 0.1250088 0.3130298
[36,] 0.1706136 0.2765384
[37,] 0.1495133 0.2900476
[38,] 0.1338834 0.3536675
[39,] 0.1657296 0.3354755
[40,] 0.2027351 0.3379865
[41,] 0.1752223 0.2331509
[42,] 0.1222757 0.1474350
[43,] 0.1176670 0.3237713
[44,] 0.1289994 0.2523871
[45,] 0.1314572 0.1979209
[46,] 0.1495133 0.2347421
[47,] 0.1091036 0.2778115
[48,] 0.1384921 0.2547756
[49,] 0.1791770 0.2057098
[50,] 0.1204360 0.2443471

$Bdatesampinfo
      DATE JULIAN N        Mean      Stdev
1 08/02/11   2040 5 0.762240996 0.17388159
2 09/16/11   2085 6 1.262081393 1.19021996
3 10/23/11   2122 5 0.005277141 0.01180005
4 11/13/11   2143 5 0.049797725 0.07345333
5 01/01/12   2192 5 0.056077141 0.07735138
6 02/10/12   2232 4 0.063500000 0.12700000
7 03/27/12   2278 5 0.011650669 0.02605169
8 04/01/12   2283 2 0.127000000 0.00000000
9 06/19/12   2362 5 0.233997849 0.19221733

$Ndatesampinfo
      DATE JULIAN N       Mean     Stdev
1 08/02/11   2040 5  48.888889  20.18434
2 09/16/11   2085 6 129.629630 107.19007
3 10/23/11   2122 5   2.222222   4.96904
4 11/13/11   2143 5  17.777778  14.90712
5 01/01/12   2192 5   6.666667   9.93808
6 02/10/12   2232 4   5.555556  11.11111
7 03/27/12   2278 5   6.666667  14.90712
8 04/01/12   2283 2  11.111111   0.00000
9 06/19/12   2362 5  33.333333  35.13642

$Bdateboots
           [,1]      [,2]        [,3]       [,4]       [,5]   [,6]       [,7]  [,8]
 [1,] 0.8142747 1.7400098 0.005277141 0.08773999 0.08675428 0.1270 0.00000000 0.127
 [2,] 0.6860410 1.0038018 0.005277141 0.01055428 0.03067714 0.0000 0.01165067 0.127
 [3,] 0.7697109 1.7570639 0.005277141 0.05178571 0.07620000 0.0635 0.02330134 0.127
 [4,] 0.7228603 1.2775268 0.005277141 0.02042176 0.06135428 0.0000 0.01165067 0.127
 [5,] 0.8065302 1.4106000 0.000000000 0.02240974 0.03067714 0.0635 0.02330134 0.127
 [6,] 0.7622410 0.7130227 0.000000000 0.02110856 0.11215428 0.0000 0.02330134 0.127
 [7,] 0.7864073 2.3631127 0.010554282 0.01912058 0.02540000 0.0635 0.01165067 0.127
 [8,] 0.8017590 1.8095314 0.005277141 0.02240974 0.05080000 0.0000 0.02330134 0.127
 [9,] 0.7940145 0.9667797 0.005277141 0.11313999 0.00000000 0.0635 0.01165067 0.127
[10,] 0.7865446 1.3377342 0.000000000 0.02439772 0.05607714 0.0000 0.01165067 0.127
[11,] 0.6860410 1.7940860 0.000000000 0.05178571 0.05607714 0.0635 0.00000000 0.127
[12,] 0.6265374 1.3531796 0.005277141 0.04123142 0.08147714 0.0635 0.00000000 0.127
[13,] 0.8902001 1.2620814 0.000000000 0.04650856 0.07620000 0.0635 0.01165067 0.127
[14,] 0.6936482 0.7471309 0.010554282 0.04452058 0.08675428 0.0635 0.01165067 0.127
[15,] 0.7823639 1.2620814 0.015831424 0.04650856 0.05080000 0.0635 0.00000000 0.127
[16,] 0.6618747 1.2034827 0.005277141 0.05178571 0.05607714 0.0000 0.01165067 0.127
[17,] 0.8141374 0.9713023 0.000000000 0.08773999 0.12270856 0.1270 0.00000000 0.127
[18,] 0.8703518 0.9713023 0.005277141 0.04979772 0.03067714 0.0000 0.00000000 0.127
[19,] 0.8460482 1.1693745 0.000000000 0.04979772 0.03067714 0.0635 0.03495201 0.127
[20,] 0.8384410 1.0408238 0.000000000 0.08047487 0.05607714 0.1270 0.01165067 0.127
[21,] 0.6902218 1.0038018 0.005277141 0.01514462 0.05607714 0.0635 0.02330134 0.127
[22,] 0.7102073 0.8057296 0.010554282 0.04979772 0.09203142 0.1270 0.01165067 0.127
[23,] 0.8585639 1.7725093 0.000000000 0.04780974 0.00000000 0.1270 0.02330134 0.127
[24,] 0.7497253 0.6930547 0.005277141 0.14381713 0.08675428 0.0635 0.00000000 0.127
[25,] 0.7816361 2.1280184 0.005277141 0.04979772 0.06135428 0.0000 0.01165067 0.127
[26,] 0.6978289 0.9127036 0.000000000 0.08047487 0.03067714 0.1905 0.02330134 0.127
[27,] 0.6265374 1.0424326 0.005277141 0.05178571 0.03067714 0.0000 0.03495201 0.127
[28,] 0.7622410 1.5744372 0.000000000 0.04452058 0.13227714 0.0000 0.01165067 0.127
[29,] 0.8066675 0.8057296 0.010554282 0.05706285 0.00000000 0.0635 0.02330134 0.127
[30,] 0.7103446 0.7471309 0.000000000 0.00657832 0.08147714 0.0635 0.01165067 0.127
[31,] 0.7546338 1.0253785 0.000000000 0.04650856 0.06135428 0.1270 0.03495201 0.127
[32,] 0.8702145 1.1664606 0.000000000 0.01384344 0.08147714 0.0635 0.02330134 0.127
[33,] 0.7179518 1.6114592 0.021108565 0.01384344 0.00000000 0.1270 0.01165067 0.127
[34,] 0.7179518 2.0478431 0.000000000 0.04979772 0.03067714 0.0000 0.00000000 0.127
[35,] 0.8903374 1.5033069 0.005277141 0.05178571 0.05080000 0.1905 0.02330134 0.127
[36,] 0.7504531 1.2234506 0.010554282 0.04123142 0.08675428 0.0635 0.02330134 0.127
[37,] 0.8384410 1.3007122 0.010554282 0.08047487 0.05607714 0.0635 0.01165067 0.127
[38,] 0.6708266 2.0507569 0.000000000 0.01713260 0.02540000 0.0635 0.01165067 0.127
[39,] 0.6583109 1.8327168 0.005277141 0.02042176 0.11743142 0.0635 0.00000000 0.127
[40,] 0.6860410 1.7400098 0.005277141 0.04979772 0.08675428 0.0000 0.01165067 0.127
[41,] 0.8778217 0.7130227 0.000000000 0.01713260 0.05080000 0.1905 0.02330134 0.127
[42,] 0.7054361 0.2737250 0.010554282 0.08773999 0.05607714 0.0000 0.00000000 0.127
[43,] 0.7304675 1.7725093 0.015831424 0.01912058 0.08675428 0.0635 0.01165067 0.127
[44,] 0.6064146 1.2575588 0.010554282 0.05308688 0.06135428 0.0000 0.00000000 0.127
[45,] 0.6978289 0.6930547 0.000000000 0.08575201 0.10687714 0.0000 0.02330134 0.127
[46,] 0.6978289 0.9667797 0.005277141 0.08376403 0.05607714 0.0635 0.00000000 0.127
[47,] 0.9222482 1.2063965 0.005277141 0.01713260 0.02540000 0.0000 0.01165067 0.127
[48,] 0.6542675 1.2080052 0.000000000 0.01055428 0.03067714 0.0635 0.02330134 0.127
[49,] 0.8141374 0.5320046 0.000000000 0.04979772 0.02540000 0.0635 0.00000000 0.127
[50,] 0.8266531 0.9883564 0.021108565 0.04979772 0.08147714 0.1270 0.01165067 0.127
           [,9]
 [1,] 0.2332701
 [2,] 0.2762150
 [3,] 0.3355978
 [4,] 0.2339978
 [5,] 0.3735135
 [6,] 0.2075015
 [7,] 0.3191494
 [8,] 0.1545928
 [9,] 0.1588942
[10,] 0.3355978
[11,] 0.2382993
[12,] 0.2547478
[13,] 0.2182771
[14,] 0.2233063
[15,] 0.2382993
[16,] 0.2118029
[17,] 0.1910530
[18,] 0.3570651
[19,] 0.2296964
[20,] 0.1438171
[21,] 0.1860343
[22,] 0.3355978
[23,] 0.2125306
[24,] 0.2933807
[25,] 0.2125306
[26,] 0.3091015
[27,] 0.2118029
[28,] 0.1960822
[29,] 0.2125306
[30,] 0.1438171
[31,] 0.1968099
[32,] 0.2604942
[33,] 0.2497186
[34,] 0.2175494
[35,] 0.1652843
[36,] 0.2719135
[37,] 0.2225786
[38,] 0.1860343
[39,] 0.2604942
[40,] 0.3470171
[41,] 0.2826892
[42,] 0.1588942
[43,] 0.1481186
[44,] 0.1746150
[45,] 0.1803614
[46,] 0.2225786
[47,] 0.1280964
[48,] 0.1968099
[49,] 0.2919357
[50,] 0.1545928

$Ndateboots
          [,1]      [,2]     [,3]      [,4]      [,5]      [,6]      [,7]     [,8]
 [1,] 44.44444 175.92593 2.222222 20.000000 11.111111 11.111111  0.000000 11.11111
 [2,] 42.22222 112.96296 2.222222  4.444444  4.444444  0.000000  6.666667 11.11111
 [3,] 55.55556 174.07407 2.222222 13.333333  6.666667  5.555556 13.333333 11.11111
 [4,] 46.66667 140.74074 2.222222 24.444444  8.888889  0.000000  6.666667 11.11111
 [5,] 60.00000 162.96296 0.000000 20.000000  4.444444  5.555556 13.333333 11.11111
 [6,] 48.88889  87.03704 0.000000  8.888889 13.333333  0.000000 13.333333 11.11111
 [7,] 60.00000 218.51852 4.444444 13.333333  2.222222  5.555556  6.666667 11.11111
 [8,] 40.00000 185.18519 2.222222 20.000000  4.444444  0.000000 13.333333 11.11111
 [9,] 55.55556 112.96296 2.222222 22.222222  0.000000  5.555556  6.666667 11.11111
[10,] 48.88889 116.66667 0.000000 15.555556  6.666667  0.000000  6.666667 11.11111
[11,] 42.22222 174.07407 0.000000 13.333333  6.666667  5.555556  0.000000 11.11111
[12,] 40.00000 127.77778 2.222222  8.888889  8.888889  5.555556  0.000000 11.11111
[13,] 73.33333 129.62963 0.000000 11.111111  6.666667  5.555556  6.666667 11.11111
[14,] 37.77778  83.33333 4.444444 15.555556 11.111111  5.555556  6.666667 11.11111
[15,] 48.88889 129.62963 6.666667 11.111111  4.444444  5.555556  0.000000 11.11111
[16,] 31.11111 140.74074 2.222222 13.333333  6.666667  0.000000  6.666667 11.11111
[17,] 55.55556 103.70370 0.000000 20.000000 17.777778 11.111111  0.000000 11.11111
[18,] 51.11111 103.70370 2.222222 17.777778  4.444444  0.000000  0.000000 11.11111
[19,] 51.11111 144.44444 0.000000 17.777778  4.444444  5.555556 20.000000 11.11111
[20,] 55.55556 112.96296 0.000000 22.222222  6.666667 11.111111  6.666667 11.11111
[21,] 42.22222 112.96296 2.222222 22.222222  6.666667  5.555556 13.333333 11.11111
[22,] 53.33333  72.22222 4.444444 17.777778 13.333333 11.111111  6.666667 11.11111
[23,] 55.55556 185.18519 0.000000 22.222222  0.000000 11.111111 13.333333 11.11111
[24,] 44.44444  85.18519 2.222222 26.666667 11.111111  5.555556  0.000000 11.11111
[25,] 40.00000 177.77778 2.222222 17.777778  8.888889  0.000000  6.666667 11.11111
[26,] 37.77778 114.81481 0.000000 22.222222  4.444444 16.666667 13.333333 11.11111
[27,] 40.00000 100.00000 2.222222 13.333333  4.444444  0.000000 20.000000 11.11111
[28,] 48.88889 144.44444 0.000000 15.555556 13.333333  0.000000  6.666667 11.11111
[29,] 48.88889  72.22222 4.444444 15.555556  0.000000  5.555556 13.333333 11.11111
[30,] 42.22222  83.33333 0.000000 13.333333  8.888889  5.555556  6.666667 11.11111
[31,] 53.33333 101.85185 0.000000 11.111111  8.888889 11.111111 20.000000 11.11111
[32,] 62.22222 140.74074 0.000000 11.111111  8.888889  5.555556 13.333333 11.11111
[33,] 37.77778 144.44444 8.888889 11.111111  0.000000 11.111111  6.666667 11.11111
[34,] 37.77778 200.00000 0.000000 17.777778  4.444444  0.000000  0.000000 11.11111
[35,] 62.22222 148.14815 2.222222 13.333333  4.444444 16.666667 13.333333 11.11111
[36,] 53.33333 142.59259 4.444444  8.888889 11.111111  5.555556 13.333333 11.11111
[37,] 55.55556 116.66667 4.444444 22.222222  6.666667  5.555556  6.666667 11.11111
[38,] 51.11111 203.70370 0.000000 17.777778  2.222222  5.555556  6.666667 11.11111
[39,] 46.66667 161.11111 2.222222 24.444444 15.555556  5.555556  0.000000 11.11111
[40,] 42.22222 175.92593 2.222222 17.777778 11.111111  0.000000  6.666667 11.11111
[41,] 57.77778  87.03704 0.000000 17.777778  4.444444 16.666667 13.333333 11.11111
[42,] 33.33333  27.77778 4.444444 20.000000  6.666667  0.000000  0.000000 11.11111
[43,] 42.22222 185.18519 6.666667 13.333333 11.111111  5.555556  6.666667 11.11111
[44,] 40.00000 138.88889 4.444444 24.444444  8.888889  0.000000  0.000000 11.11111
[45,] 37.77778  85.18519 0.000000 24.444444 11.111111  0.000000 13.333333 11.11111
[46,] 37.77778 112.96296 2.222222 28.888889  6.666667  5.555556  0.000000 11.11111
[47,] 57.77778 144.44444 2.222222 17.777778  2.222222  0.000000  6.666667 11.11111
[48,] 35.55556 131.48148 0.000000  4.444444  4.444444  5.555556 13.333333 11.11111
[49,] 55.55556  44.44444 0.000000 17.777778  2.222222  5.555556  0.000000 11.11111
[50,] 60.00000 101.85185 8.888889 17.777778  8.888889 11.111111  6.666667 11.11111
           [,9]
 [1,] 24.444444
 [2,] 51.111111
 [3,] 42.222222
 [4,] 33.333333
 [5,] 48.888889
 [6,] 28.888889
 [7,] 20.000000
 [8,] 17.777778
 [9,] 28.888889
[10,] 42.222222
[11,] 44.444444
[12,] 66.666667
[13,] 20.000000
[14,] 40.000000
[15,] 44.444444
[16,] 40.000000
[17,]  6.666667
[18,] 26.666667
[19,] 22.222222
[20,] 26.666667
[21,] 44.444444
[22,] 42.222222
[23,] 48.888889
[24,] 24.444444
[25,] 48.888889
[26,] 37.777778
[27,] 40.000000
[28,] 26.666667
[29,] 48.888889
[30,] 26.666667
[31,] 35.555556
[32,] 37.777778
[33,] 46.666667
[34,] 11.111111
[35,] 11.111111
[36,] 40.000000
[37,] 31.111111
[38,] 44.444444
[39,] 37.777778
[40,] 44.444444
[41,] 31.111111
[42,] 28.888889
[43,] 37.777778
[44,] 42.222222
[45,] 13.333333
[46,] 31.111111
[47,] 13.333333
[48,] 35.555556
[49,] 64.444444
[50,] 17.777778

