$totdays
[1] 365

$Psampest
[1] NA

$Pbootest
 Mean  2.5%   50% 97.5% 
    0     0     0     0 

$Pboots
 [1] 0 0 0 0 0 0 0 0 0 0 0 0 0 0 0 0 0 0 0 0 0 0 0 0 0 0 0 0 0 0 0 0 0 0 0 0 0 0 0 0 0 0
[43] 0 0 0 0 0 0 0 0

$Bboots
 [1] 0 0 0 0 0 0 0 0 0 0 0 0 0 0 0 0 0 0 0 0 0 0 0 0 0 0 0 0 0 0 0 0 0 0 0 0 0 0 0 0 0 0
[43] 0 0 0 0 0 0 0 0

$Nboots
 [1] 1.0416667 0.9027778 0.6250000 1.0416667 1.3194444 0.5555556 0.6250000 0.9722222
 [9] 1.3194444 1.2500000 0.9722222 0.6250000 1.2500000 0.9722222 1.3194444 0.6250000
[17] 1.3194444 0.2777778 1.5972222 0.2777778 0.6944444 0.9027778 0.9722222 2.2916667
[25] 0.6944444 0.6944444 1.5277778 1.3194444 1.0416667 0.6250000 1.0416667 2.2222222
[33] 0.9722222 0.2777778 1.5972222 1.0416667 1.0416667 0.3472222 1.3194444 0.6944444
[41] 1.2500000 0.3472222 1.0416667 1.0416667 1.0416667 1.6666667 1.3888889 1.3194444
[49] 1.7361111 0.6944444

$julians
[1] 2040 2085 2122 2143 2192 2232 2278 2283 2362

$intdays
[1] 45 37 21 49 40 46  5 79 43

$Pintsampest
[1] NA NA NA NA NA NA NA NA NA

$Pintboots
      [,1] [,2] [,3] [,4] [,5] [,6] [,7] [,8] [,9]
 [1,]   NA   NA   NA   NA   NA   NA   NA   NA   NA
 [2,]   NA   NA   NA   NA   NA   NA   NA   NA   NA
 [3,]   NA   NA   NA   NA   NA   NA   NA   NA   NA
 [4,]   NA   NA   NA   NA   NA   NA   NA   NA   NA
 [5,]   NA   NA   NA   NA   NA   NA   NA   NA   NA
 [6,]   NA   NA   NA   NA   NA   NA   NA   NA   NA
 [7,]   NA   NA   NA   NA   NA   NA   NA   NA   NA
 [8,]   NA   NA   NA   NA   NA   NA   NA   NA   NA
 [9,]   NA   NA   NA   NA   NA   NA   NA   NA   NA
[10,]   NA   NA   NA   NA   NA   NA   NA   NA   NA
[11,]   NA   NA   NA   NA   NA   NA   NA   NA   NA
[12,]   NA   NA   NA   NA   NA   NA   NA   NA   NA
[13,]   NA   NA   NA   NA   NA   NA   NA   NA   NA
[14,]   NA   NA   NA   NA   NA   NA   NA   NA   NA
[15,]   NA   NA   NA   NA   NA   NA   NA   NA   NA
[16,]   NA   NA   NA   NA   NA   NA   NA   NA   NA
[17,]   NA   NA   NA   NA   NA   NA   NA   NA   NA
[18,]   NA   NA   NA   NA   NA   NA   NA   NA   NA
[19,]   NA   NA   NA   NA   NA   NA   NA   NA   NA
[20,]   NA   NA   NA   NA   NA   NA   NA   NA   NA
[21,]   NA   NA   NA   NA   NA   NA   NA   NA   NA
[22,]   NA   NA   NA   NA   NA   NA   NA   NA   NA
[23,]   NA   NA   NA   NA   NA   NA   NA   NA   NA
[24,]   NA   NA   NA   NA   NA   NA   NA   NA   NA
[25,]   NA   NA   NA   NA   NA   NA   NA   NA   NA
[26,]   NA   NA   NA   NA   NA   NA   NA   NA   NA
[27,]   NA   NA   NA   NA   NA   NA   NA   NA   NA
[28,]   NA   NA   NA   NA   NA   NA   NA   NA   NA
[29,]   NA   NA   NA   NA   NA   NA   NA   NA   NA
[30,]   NA   NA   NA   NA   NA   NA   NA   NA   NA
[31,]   NA   NA   NA   NA   NA   NA   NA   NA   NA
[32,]   NA   NA   NA   NA   NA   NA   NA   NA   NA
[33,]   NA   NA   NA   NA   NA   NA   NA   NA   NA
[34,]   NA   NA   NA   NA   NA   NA   NA   NA   NA
[35,]   NA   NA   NA   NA   NA   NA   NA   NA   NA
[36,]   NA   NA   NA   NA   NA   NA   NA   NA   NA
[37,]   NA   NA   NA   NA   NA   NA   NA   NA   NA
[38,]   NA   NA   NA   NA   NA   NA   NA   NA   NA
[39,]   NA   NA   NA   NA   NA   NA   NA   NA   NA
[40,]   NA   NA   NA   NA   NA   NA   NA   NA   NA
[41,]   NA   NA   NA   NA   NA   NA   NA   NA   NA
[42,]   NA   NA   NA   NA   NA   NA   NA   NA   NA
[43,]   NA   NA   NA   NA   NA   NA   NA   NA   NA
[44,]   NA   NA   NA   NA   NA   NA   NA   NA   NA
[45,]   NA   NA   NA   NA   NA   NA   NA   NA   NA
[46,]   NA   NA   NA   NA   NA   NA   NA   NA   NA
[47,]   NA   NA   NA   NA   NA   NA   NA   NA   NA
[48,]   NA   NA   NA   NA   NA   NA   NA   NA   NA
[49,]   NA   NA   NA   NA   NA   NA   NA   NA   NA
[50,]   NA   NA   NA   NA   NA   NA   NA   NA   NA

$Bdatesampinfo
      DATE JULIAN N Mean Stdev
1 08/02/11   2040 1   NA    NA
2 09/16/11   2085 6   NA    NA
3 10/23/11   2122 5   NA    NA
4 11/13/11   2143 5   NA    NA
5 01/01/12   2192 5   NA    NA
6 02/10/12   2232 4   NA    NA
7 03/27/12   2278 5   NA    NA
8 04/01/12   2283 2   NA    NA
9 06/19/12   2362 5   NA    NA

$Ndatesampinfo
      DATE JULIAN N     Mean    Stdev
1 08/02/11   2040 1 0.000000       NA
2 09/16/11   2085 6 0.000000 0.000000
3 10/23/11   2122 5 2.222222 4.969040
4 11/13/11   2143 5 0.000000 0.000000
5 01/01/12   2192 5 0.000000 0.000000
6 02/10/12   2232 4 2.777778 5.555556
7 03/27/12   2278 5 0.000000 0.000000
8 04/01/12   2283 2 0.000000 0.000000
9 06/19/12   2362 5 0.000000 0.000000

$Bdateboots
      [,1] [,2] [,3] [,4] [,5] [,6] [,7] [,8] [,9]
 [1,]    0    0    0    0    0    0    0    0    0
 [2,]    0    0    0    0    0    0    0    0    0
 [3,]    0    0    0    0    0    0    0    0    0
 [4,]    0    0    0    0    0    0    0    0    0
 [5,]    0    0    0    0    0    0    0    0    0
 [6,]    0    0    0    0    0    0    0    0    0
 [7,]    0    0    0    0    0    0    0    0    0
 [8,]    0    0    0    0    0    0    0    0    0
 [9,]    0    0    0    0    0    0    0    0    0
[10,]    0    0    0    0    0    0    0    0    0
[11,]    0    0    0    0    0    0    0    0    0
[12,]    0    0    0    0    0    0    0    0    0
[13,]    0    0    0    0    0    0    0    0    0
[14,]    0    0    0    0    0    0    0    0    0
[15,]    0    0    0    0    0    0    0    0    0
[16,]    0    0    0    0    0    0    0    0    0
[17,]    0    0    0    0    0    0    0    0    0
[18,]    0    0    0    0    0    0    0    0    0
[19,]    0    0    0    0    0    0    0    0    0
[20,]    0    0    0    0    0    0    0    0    0
[21,]    0    0    0    0    0    0    0    0    0
[22,]    0    0    0    0    0    0    0    0    0
[23,]    0    0    0    0    0    0    0    0    0
[24,]    0    0    0    0    0    0    0    0    0
[25,]    0    0    0    0    0    0    0    0    0
[26,]    0    0    0    0    0    0    0    0    0
[27,]    0    0    0    0    0    0    0    0    0
[28,]    0    0    0    0    0    0    0    0    0
[29,]    0    0    0    0    0    0    0    0    0
[30,]    0    0    0    0    0    0    0    0    0
[31,]    0    0    0    0    0    0    0    0    0
[32,]    0    0    0    0    0    0    0    0    0
[33,]    0    0    0    0    0    0    0    0    0
[34,]    0    0    0    0    0    0    0    0    0
[35,]    0    0    0    0    0    0    0    0    0
[36,]    0    0    0    0    0    0    0    0    0
[37,]    0    0    0    0    0    0    0    0    0
[38,]    0    0    0    0    0    0    0    0    0
[39,]    0    0    0    0    0    0    0    0    0
[40,]    0    0    0    0    0    0    0    0    0
[41,]    0    0    0    0    0    0    0    0    0
[42,]    0    0    0    0    0    0    0    0    0
[43,]    0    0    0    0    0    0    0    0    0
[44,]    0    0    0    0    0    0    0    0    0
[45,]    0    0    0    0    0    0    0    0    0
[46,]    0    0    0    0    0    0    0    0    0
[47,]    0    0    0    0    0    0    0    0    0
[48,]    0    0    0    0    0    0    0    0    0
[49,]    0    0    0    0    0    0    0    0    0
[50,]    0    0    0    0    0    0    0    0    0

$Ndateboots
          [,1] [,2]     [,3] [,4] [,5]     [,6] [,7] [,8] [,9]
 [1,] 11.11111    0 0.000000    0    0 2.777778    0    0    0
 [2,]  0.00000    0 4.444444    0    0 2.777778    0    0    0
 [3,]  0.00000    0 2.222222    0    0 2.777778    0    0    0
 [4,] 11.11111    0 0.000000    0    0 2.777778    0    0    0
 [5,] 11.11111    0 2.222222    0    0 2.777778    0    0    0
 [6,]  0.00000    0 4.444444    0    0 0.000000    0    0    0
 [7,]  0.00000    0 2.222222    0    0 2.777778    0    0    0
 [8,] 11.11111    0 2.222222    0    0 0.000000    0    0    0
 [9,] 11.11111    0 2.222222    0    0 2.777778    0    0    0
[10,]  0.00000    0 4.444444    0    0 5.555556    0    0    0
[11,] 11.11111    0 2.222222    0    0 0.000000    0    0    0
[12,]  0.00000    0 2.222222    0    0 2.777778    0    0    0
[13,] 11.11111    0 4.444444    0    0 0.000000    0    0    0
[14,] 11.11111    0 2.222222    0    0 0.000000    0    0    0
[15,] 11.11111    0 2.222222    0    0 2.777778    0    0    0
[16,]  0.00000    0 2.222222    0    0 2.777778    0    0    0
[17,] 11.11111    0 2.222222    0    0 2.777778    0    0    0
[18,]  0.00000    0 2.222222    0    0 0.000000    0    0    0
[19,] 11.11111    0 4.444444    0    0 2.777778    0    0    0
[20,]  0.00000    0 2.222222    0    0 0.000000    0    0    0
[21,]  0.00000    0 0.000000    0    0 5.555556    0    0    0
[22,]  0.00000    0 4.444444    0    0 2.777778    0    0    0
[23,] 11.11111    0 2.222222    0    0 0.000000    0    0    0
[24,] 11.11111    0 4.444444    0    0 8.333333    0    0    0
[25,] 11.11111    0 0.000000    0    0 0.000000    0    0    0
[26,] 11.11111    0 0.000000    0    0 0.000000    0    0    0
[27,] 11.11111    0 6.666667    0    0 0.000000    0    0    0
[28,] 11.11111    0 2.222222    0    0 2.777778    0    0    0
[29,] 11.11111    0 0.000000    0    0 2.777778    0    0    0
[30,]  0.00000    0 2.222222    0    0 2.777778    0    0    0
[31,] 11.11111    0 0.000000    0    0 2.777778    0    0    0
[32,] 11.11111    0 6.666667    0    0 5.555556    0    0    0
[33,]  0.00000    0 2.222222    0    0 5.555556    0    0    0
[34,]  0.00000    0 2.222222    0    0 0.000000    0    0    0
[35,] 11.11111    0 4.444444    0    0 2.777778    0    0    0
[36,] 11.11111    0 0.000000    0    0 2.777778    0    0    0
[37,] 11.11111    0 0.000000    0    0 2.777778    0    0    0
[38,]  0.00000    0 0.000000    0    0 2.777778    0    0    0
[39,] 11.11111    0 2.222222    0    0 2.777778    0    0    0
[40,] 11.11111    0 0.000000    0    0 0.000000    0    0    0
[41,] 11.11111    0 4.444444    0    0 0.000000    0    0    0
[42,]  0.00000    0 0.000000    0    0 2.777778    0    0    0
[43,] 11.11111    0 0.000000    0    0 2.777778    0    0    0
[44,] 11.11111    0 0.000000    0    0 2.777778    0    0    0
[45,] 11.11111    0 0.000000    0    0 2.777778    0    0    0
[46,] 11.11111    0 2.222222    0    0 5.555556    0    0    0
[47,] 11.11111    0 0.000000    0    0 5.555556    0    0    0
[48,] 11.11111    0 2.222222    0    0 2.777778    0    0    0
[49,] 11.11111    0 0.000000    0    0 8.333333    0    0    0
[50,] 11.11111    0 0.000000    0    0 0.000000    0    0    0

