$totdays
[1] 365

$Psampest
[1] 3.123512

$Pbootest
     Mean      2.5%       50%     97.5% 
 7.435200  0.000000  9.370536 16.570894 

$Pboots
 [1]  0.000000 10.323870  3.123512 13.447382  0.000000 13.447382 19.694406 10.323870
 [9] 10.323870  0.000000  3.123512  3.123512  3.123512  0.000000 13.447382  6.247024
[17] 13.447382  0.000000  9.370536  0.000000 10.323870 13.447382  0.000000  0.000000
[25]  3.123512  3.123512 13.447382  9.370536 10.323870 13.447382  6.247024  0.000000
[33]  3.123512 13.447382 13.447382  3.123512  3.123512 16.570894 13.447382 13.447382
[41] 10.323870  9.370536 16.570894 10.323870  0.000000  3.123512  3.123512 10.323870
[49]  3.123512 10.323870

$Bboots
 [1] 0.0000000 1.0731316 0.3577105 1.4308422 0.0000000 1.4308422 2.1462632 1.0731316
 [9] 1.0731316 0.0000000 0.3577105 0.3577105 0.3577105 0.0000000 1.4308422 0.7154211
[17] 1.4308422 0.0000000 1.0731316 0.0000000 1.0731316 1.4308422 0.0000000 0.0000000
[25] 0.3577105 0.3577105 1.4308422 1.0731316 1.0731316 1.4308422 0.7154211 0.0000000
[33] 0.3577105 1.4308422 1.4308422 0.3577105 0.3577105 1.7885527 1.4308422 1.4308422
[41] 1.0731316 1.0731316 1.7885527 1.0731316 0.0000000 0.3577105 0.3577105 1.0731316
[49] 0.3577105 1.0731316

$Nboots
 [1] 0.0000000 0.6944444 0.2314815 0.9259259 0.0000000 0.9259259 1.3888889 0.6944444
 [9] 0.6944444 0.0000000 0.2314815 0.2314815 0.2314815 0.0000000 0.9259259 0.4629630
[17] 0.9259259 0.0000000 0.6944444 0.0000000 0.6944444 0.9259259 0.0000000 0.0000000
[25] 0.2314815 0.2314815 0.9259259 0.6944444 0.6944444 0.9259259 0.4629630 0.0000000
[33] 0.2314815 0.9259259 0.9259259 0.2314815 0.2314815 1.1574074 0.9259259 0.9259259
[41] 0.6944444 0.6944444 1.1574074 0.6944444 0.0000000 0.2314815 0.2314815 0.6944444
[49] 0.2314815 0.6944444

$julians
[1] 2040 2085 2122 2143 2192 2232 2278 2283 2362

$intdays
[1] 45 37 21 49 40 46  5 79 43

$Pintsampest
[1] 1.1691496 1.4028671 0.0000000 0.0000000 0.0000000 0.0000000 0.0000000 0.0000000
[9] 0.5514953

$Pintboots
           [,1]     [,2] [,3] [,4] [,5] [,6] [,7] [,8]      [,9]
 [1,]  0.000000 0.000000    0    0    0    0    0    0 0.0000000
 [2,]  7.014898 0.000000    0    0    0    0    0    0 3.3089720
 [3,]  1.169150 1.402867    0    0    0    0    0    0 0.5514953
 [4,]  8.184047 1.402867    0    0    0    0    0    0 3.8604673
 [5,]  0.000000 0.000000    0    0    0    0    0    0 0.0000000
 [6,]  8.184047 1.402867    0    0    0    0    0    0 3.8604673
 [7,] 10.522346 4.208601    0    0    0    0    0    0 4.9634580
 [8,]  7.014898 0.000000    0    0    0    0    0    0 3.3089720
 [9,]  7.014898 0.000000    0    0    0    0    0    0 3.3089720
[10,]  0.000000 0.000000    0    0    0    0    0    0 0.0000000
[11,]  1.169150 1.402867    0    0    0    0    0    0 0.5514953
[12,]  1.169150 1.402867    0    0    0    0    0    0 0.5514953
[13,]  1.169150 1.402867    0    0    0    0    0    0 0.5514953
[14,]  0.000000 0.000000    0    0    0    0    0    0 0.0000000
[15,]  8.184047 1.402867    0    0    0    0    0    0 3.8604673
[16,]  2.338299 2.805734    0    0    0    0    0    0 1.1029907
[17,]  8.184047 1.402867    0    0    0    0    0    0 3.8604673
[18,]  0.000000 0.000000    0    0    0    0    0    0 0.0000000
[19,]  3.507449 4.208601    0    0    0    0    0    0 1.6544860
[20,]  0.000000 0.000000    0    0    0    0    0    0 0.0000000
[21,]  7.014898 0.000000    0    0    0    0    0    0 3.3089720
[22,]  8.184047 1.402867    0    0    0    0    0    0 3.8604673
[23,]  0.000000 0.000000    0    0    0    0    0    0 0.0000000
[24,]  0.000000 0.000000    0    0    0    0    0    0 0.0000000
[25,]  1.169150 1.402867    0    0    0    0    0    0 0.5514953
[26,]  1.169150 1.402867    0    0    0    0    0    0 0.5514953
[27,]  8.184047 1.402867    0    0    0    0    0    0 3.8604673
[28,]  3.507449 4.208601    0    0    0    0    0    0 1.6544860
[29,]  7.014898 0.000000    0    0    0    0    0    0 3.3089720
[30,]  8.184047 1.402867    0    0    0    0    0    0 3.8604673
[31,]  2.338299 2.805734    0    0    0    0    0    0 1.1029907
[32,]  0.000000 0.000000    0    0    0    0    0    0 0.0000000
[33,]  1.169150 1.402867    0    0    0    0    0    0 0.5514953
[34,]  8.184047 1.402867    0    0    0    0    0    0 3.8604673
[35,]  8.184047 1.402867    0    0    0    0    0    0 3.8604673
[36,]  1.169150 1.402867    0    0    0    0    0    0 0.5514953
[37,]  1.169150 1.402867    0    0    0    0    0    0 0.5514953
[38,]  9.353197 2.805734    0    0    0    0    0    0 4.4119626
[39,]  8.184047 1.402867    0    0    0    0    0    0 3.8604673
[40,]  8.184047 1.402867    0    0    0    0    0    0 3.8604673
[41,]  7.014898 0.000000    0    0    0    0    0    0 3.3089720
[42,]  3.507449 4.208601    0    0    0    0    0    0 1.6544860
[43,]  9.353197 2.805734    0    0    0    0    0    0 4.4119626
[44,]  7.014898 0.000000    0    0    0    0    0    0 3.3089720
[45,]  0.000000 0.000000    0    0    0    0    0    0 0.0000000
[46,]  1.169150 1.402867    0    0    0    0    0    0 0.5514953
[47,]  1.169150 1.402867    0    0    0    0    0    0 0.5514953
[48,]  7.014898 0.000000    0    0    0    0    0    0 3.3089720
[49,]  1.169150 1.402867    0    0    0    0    0    0 0.5514953
[50,]  7.014898 0.000000    0    0    0    0    0    0 3.3089720

$Bdatesampinfo
      DATE JULIAN N     Mean    Stdev
1 08/02/11   2040 1 0.000000       NA
2 09/16/11   2085 6 2.861684 7.009666
3 10/23/11   2122 5 0.000000 0.000000
4 11/13/11   2143 5 0.000000 0.000000
5 01/01/12   2192 5 0.000000 0.000000
6 02/10/12   2232 4 0.000000 0.000000
7 03/27/12   2278 5 0.000000 0.000000
8 04/01/12   2283 2 0.000000 0.000000
9 06/19/12   2362 5 0.000000 0.000000

$Ndatesampinfo
      DATE JULIAN N     Mean    Stdev
1 08/02/11   2040 1 0.000000       NA
2 09/16/11   2085 6 1.851852 4.536092
3 10/23/11   2122 5 0.000000 0.000000
4 11/13/11   2143 5 0.000000 0.000000
5 01/01/12   2192 5 0.000000 0.000000
6 02/10/12   2232 4 0.000000 0.000000
7 03/27/12   2278 5 0.000000 0.000000
8 04/01/12   2283 2 0.000000 0.000000
9 06/19/12   2362 5 0.000000 0.000000

$Bdateboots
          [,1]     [,2] [,3] [,4] [,5] [,6] [,7] [,8] [,9]
 [1,]  0.00000 0.000000    0    0    0    0    0    0    0
 [2,] 17.17011 0.000000    0    0    0    0    0    0    0
 [3,]  0.00000 2.861684    0    0    0    0    0    0    0
 [4,] 17.17011 2.861684    0    0    0    0    0    0    0
 [5,]  0.00000 0.000000    0    0    0    0    0    0    0
 [6,] 17.17011 2.861684    0    0    0    0    0    0    0
 [7,] 17.17011 8.585053    0    0    0    0    0    0    0
 [8,] 17.17011 0.000000    0    0    0    0    0    0    0
 [9,] 17.17011 0.000000    0    0    0    0    0    0    0
[10,]  0.00000 0.000000    0    0    0    0    0    0    0
[11,]  0.00000 2.861684    0    0    0    0    0    0    0
[12,]  0.00000 2.861684    0    0    0    0    0    0    0
[13,]  0.00000 2.861684    0    0    0    0    0    0    0
[14,]  0.00000 0.000000    0    0    0    0    0    0    0
[15,] 17.17011 2.861684    0    0    0    0    0    0    0
[16,]  0.00000 5.723369    0    0    0    0    0    0    0
[17,] 17.17011 2.861684    0    0    0    0    0    0    0
[18,]  0.00000 0.000000    0    0    0    0    0    0    0
[19,]  0.00000 8.585053    0    0    0    0    0    0    0
[20,]  0.00000 0.000000    0    0    0    0    0    0    0
[21,] 17.17011 0.000000    0    0    0    0    0    0    0
[22,] 17.17011 2.861684    0    0    0    0    0    0    0
[23,]  0.00000 0.000000    0    0    0    0    0    0    0
[24,]  0.00000 0.000000    0    0    0    0    0    0    0
[25,]  0.00000 2.861684    0    0    0    0    0    0    0
[26,]  0.00000 2.861684    0    0    0    0    0    0    0
[27,] 17.17011 2.861684    0    0    0    0    0    0    0
[28,]  0.00000 8.585053    0    0    0    0    0    0    0
[29,] 17.17011 0.000000    0    0    0    0    0    0    0
[30,] 17.17011 2.861684    0    0    0    0    0    0    0
[31,]  0.00000 5.723369    0    0    0    0    0    0    0
[32,]  0.00000 0.000000    0    0    0    0    0    0    0
[33,]  0.00000 2.861684    0    0    0    0    0    0    0
[34,] 17.17011 2.861684    0    0    0    0    0    0    0
[35,] 17.17011 2.861684    0    0    0    0    0    0    0
[36,]  0.00000 2.861684    0    0    0    0    0    0    0
[37,]  0.00000 2.861684    0    0    0    0    0    0    0
[38,] 17.17011 5.723369    0    0    0    0    0    0    0
[39,] 17.17011 2.861684    0    0    0    0    0    0    0
[40,] 17.17011 2.861684    0    0    0    0    0    0    0
[41,] 17.17011 0.000000    0    0    0    0    0    0    0
[42,]  0.00000 8.585053    0    0    0    0    0    0    0
[43,] 17.17011 5.723369    0    0    0    0    0    0    0
[44,] 17.17011 0.000000    0    0    0    0    0    0    0
[45,]  0.00000 0.000000    0    0    0    0    0    0    0
[46,]  0.00000 2.861684    0    0    0    0    0    0    0
[47,]  0.00000 2.861684    0    0    0    0    0    0    0
[48,] 17.17011 0.000000    0    0    0    0    0    0    0
[49,]  0.00000 2.861684    0    0    0    0    0    0    0
[50,] 17.17011 0.000000    0    0    0    0    0    0    0

$Ndateboots
          [,1]     [,2] [,3] [,4] [,5] [,6] [,7] [,8] [,9]
 [1,]  0.00000 0.000000    0    0    0    0    0    0    0
 [2,] 11.11111 0.000000    0    0    0    0    0    0    0
 [3,]  0.00000 1.851852    0    0    0    0    0    0    0
 [4,] 11.11111 1.851852    0    0    0    0    0    0    0
 [5,]  0.00000 0.000000    0    0    0    0    0    0    0
 [6,] 11.11111 1.851852    0    0    0    0    0    0    0
 [7,] 11.11111 5.555556    0    0    0    0    0    0    0
 [8,] 11.11111 0.000000    0    0    0    0    0    0    0
 [9,] 11.11111 0.000000    0    0    0    0    0    0    0
[10,]  0.00000 0.000000    0    0    0    0    0    0    0
[11,]  0.00000 1.851852    0    0    0    0    0    0    0
[12,]  0.00000 1.851852    0    0    0    0    0    0    0
[13,]  0.00000 1.851852    0    0    0    0    0    0    0
[14,]  0.00000 0.000000    0    0    0    0    0    0    0
[15,] 11.11111 1.851852    0    0    0    0    0    0    0
[16,]  0.00000 3.703704    0    0    0    0    0    0    0
[17,] 11.11111 1.851852    0    0    0    0    0    0    0
[18,]  0.00000 0.000000    0    0    0    0    0    0    0
[19,]  0.00000 5.555556    0    0    0    0    0    0    0
[20,]  0.00000 0.000000    0    0    0    0    0    0    0
[21,] 11.11111 0.000000    0    0    0    0    0    0    0
[22,] 11.11111 1.851852    0    0    0    0    0    0    0
[23,]  0.00000 0.000000    0    0    0    0    0    0    0
[24,]  0.00000 0.000000    0    0    0    0    0    0    0
[25,]  0.00000 1.851852    0    0    0    0    0    0    0
[26,]  0.00000 1.851852    0    0    0    0    0    0    0
[27,] 11.11111 1.851852    0    0    0    0    0    0    0
[28,]  0.00000 5.555556    0    0    0    0    0    0    0
[29,] 11.11111 0.000000    0    0    0    0    0    0    0
[30,] 11.11111 1.851852    0    0    0    0    0    0    0
[31,]  0.00000 3.703704    0    0    0    0    0    0    0
[32,]  0.00000 0.000000    0    0    0    0    0    0    0
[33,]  0.00000 1.851852    0    0    0    0    0    0    0
[34,] 11.11111 1.851852    0    0    0    0    0    0    0
[35,] 11.11111 1.851852    0    0    0    0    0    0    0
[36,]  0.00000 1.851852    0    0    0    0    0    0    0
[37,]  0.00000 1.851852    0    0    0    0    0    0    0
[38,] 11.11111 3.703704    0    0    0    0    0    0    0
[39,] 11.11111 1.851852    0    0    0    0    0    0    0
[40,] 11.11111 1.851852    0    0    0    0    0    0    0
[41,] 11.11111 0.000000    0    0    0    0    0    0    0
[42,]  0.00000 5.555556    0    0    0    0    0    0    0
[43,] 11.11111 3.703704    0    0    0    0    0    0    0
[44,] 11.11111 0.000000    0    0    0    0    0    0    0
[45,]  0.00000 0.000000    0    0    0    0    0    0    0
[46,]  0.00000 1.851852    0    0    0    0    0    0    0
[47,]  0.00000 1.851852    0    0    0    0    0    0    0
[48,] 11.11111 0.000000    0    0    0    0    0    0    0
[49,]  0.00000 1.851852    0    0    0    0    0    0    0
[50,] 11.11111 0.000000    0    0    0    0    0    0    0

