$totdays
[1] 365

$Psampest
[1] 0.1989563

$Pbootest
     Mean      2.5%       50%     97.5% 
0.9721304 0.0000000 1.3096120 1.9064811 

$Pboots
 [1] 0.1989563 1.5085684 1.5085684 0.5968690 1.5085684 1.5085684 1.5085684 0.0000000
 [9] 1.3096120 1.9064811 1.3096120 1.9064811 1.5085684 0.1989563 1.5085684 1.9064811
[17] 0.1989563 1.3096120 1.5085684 0.3979127 0.0000000 0.0000000 0.0000000 1.7075247
[25] 1.3096120 0.0000000 1.3096120 0.0000000 1.5085684 1.5085684 1.9064811 0.0000000
[33] 0.3979127 0.3979127 1.9064811 0.3979127 0.1989563 1.5085684 1.7075247 0.0000000
[41] 1.5085684 0.1989563 0.3979127 0.3979127 0.3979127 1.5085684 1.7075247 1.5085684
[49] 0.0000000 1.9064811

$Bboots
 [1] 0.09081016 0.31783555 0.31783555 0.27243047 0.31783555 0.31783555 0.31783555
 [8] 0.00000000 0.22702539 0.49945586 0.22702539 0.49945586 0.31783555 0.09081016
[15] 0.31783555 0.49945586 0.09081016 0.22702539 0.31783555 0.18162031 0.00000000
[22] 0.00000000 0.00000000 0.40864570 0.22702539 0.00000000 0.22702539 0.00000000
[29] 0.31783555 0.31783555 0.49945586 0.00000000 0.18162031 0.18162031 0.49945586
[36] 0.18162031 0.09081016 0.31783555 0.40864570 0.00000000 0.31783555 0.09081016
[43] 0.18162031 0.18162031 0.18162031 0.31783555 0.40864570 0.31783555 0.00000000
[50] 0.49945586

$Nboots
 [1]  1.944444  6.805556  6.805556  5.833333  6.805556  6.805556  6.805556  0.000000
 [9]  4.861111 10.694444  4.861111 10.694444  6.805556  1.944444  6.805556 10.694444
[17]  1.944444  4.861111  6.805556  3.888889  0.000000  0.000000  0.000000  8.750000
[25]  4.861111  0.000000  4.861111  0.000000  6.805556  6.805556 10.694444  0.000000
[33]  3.888889  3.888889 10.694444  3.888889  1.944444  6.805556  8.750000  0.000000
[41]  6.805556  1.944444  3.888889  3.888889  3.888889  6.805556  8.750000  6.805556
[49]  0.000000 10.694444

$julians
[1] 2040 2085 2122 2143 2192 2232 2278 2283 2362

$intdays
[1] 45 37 21 49 40 46  5 79 43

$Pintsampest
[1] 0.00000000 0.00000000 0.00000000 0.00000000 0.00000000 0.17951318 0.01944317
[8] 0.00000000 0.00000000

$Pintboots
           [,1] [,2] [,3] [,4] [,5]      [,6]       [,7] [,8]      [,9]
 [1,] 0.0000000    0    0    0    0 0.1795132 0.01944317    0 0.0000000
 [2,] 0.8862755    0    0    0    0 0.1795132 0.01944317    0 0.4233366
 [3,] 0.8862755    0    0    0    0 0.1795132 0.01944317    0 0.4233366
 [4,] 0.0000000    0    0    0    0 0.5385395 0.05832951    0 0.0000000
 [5,] 0.8862755    0    0    0    0 0.1795132 0.01944317    0 0.4233366
 [6,] 0.8862755    0    0    0    0 0.1795132 0.01944317    0 0.4233366
 [7,] 0.8862755    0    0    0    0 0.1795132 0.01944317    0 0.4233366
 [8,] 0.0000000    0    0    0    0 0.0000000 0.00000000    0 0.0000000
 [9,] 0.8862755    0    0    0    0 0.0000000 0.00000000    0 0.4233366
[10,] 0.8862755    0    0    0    0 0.5385395 0.05832951    0 0.4233366
[11,] 0.8862755    0    0    0    0 0.0000000 0.00000000    0 0.4233366
[12,] 0.8862755    0    0    0    0 0.5385395 0.05832951    0 0.4233366
[13,] 0.8862755    0    0    0    0 0.1795132 0.01944317    0 0.4233366
[14,] 0.0000000    0    0    0    0 0.1795132 0.01944317    0 0.0000000
[15,] 0.8862755    0    0    0    0 0.1795132 0.01944317    0 0.4233366
[16,] 0.8862755    0    0    0    0 0.5385395 0.05832951    0 0.4233366
[17,] 0.0000000    0    0    0    0 0.1795132 0.01944317    0 0.0000000
[18,] 0.8862755    0    0    0    0 0.0000000 0.00000000    0 0.4233366
[19,] 0.8862755    0    0    0    0 0.1795132 0.01944317    0 0.4233366
[20,] 0.0000000    0    0    0    0 0.3590264 0.03888634    0 0.0000000
[21,] 0.0000000    0    0    0    0 0.0000000 0.00000000    0 0.0000000
[22,] 0.0000000    0    0    0    0 0.0000000 0.00000000    0 0.0000000
[23,] 0.0000000    0    0    0    0 0.0000000 0.00000000    0 0.0000000
[24,] 0.8862755    0    0    0    0 0.3590264 0.03888634    0 0.4233366
[25,] 0.8862755    0    0    0    0 0.0000000 0.00000000    0 0.4233366
[26,] 0.0000000    0    0    0    0 0.0000000 0.00000000    0 0.0000000
[27,] 0.8862755    0    0    0    0 0.0000000 0.00000000    0 0.4233366
[28,] 0.0000000    0    0    0    0 0.0000000 0.00000000    0 0.0000000
[29,] 0.8862755    0    0    0    0 0.1795132 0.01944317    0 0.4233366
[30,] 0.8862755    0    0    0    0 0.1795132 0.01944317    0 0.4233366
[31,] 0.8862755    0    0    0    0 0.5385395 0.05832951    0 0.4233366
[32,] 0.0000000    0    0    0    0 0.0000000 0.00000000    0 0.0000000
[33,] 0.0000000    0    0    0    0 0.3590264 0.03888634    0 0.0000000
[34,] 0.0000000    0    0    0    0 0.3590264 0.03888634    0 0.0000000
[35,] 0.8862755    0    0    0    0 0.5385395 0.05832951    0 0.4233366
[36,] 0.0000000    0    0    0    0 0.3590264 0.03888634    0 0.0000000
[37,] 0.0000000    0    0    0    0 0.1795132 0.01944317    0 0.0000000
[38,] 0.8862755    0    0    0    0 0.1795132 0.01944317    0 0.4233366
[39,] 0.8862755    0    0    0    0 0.3590264 0.03888634    0 0.4233366
[40,] 0.0000000    0    0    0    0 0.0000000 0.00000000    0 0.0000000
[41,] 0.8862755    0    0    0    0 0.1795132 0.01944317    0 0.4233366
[42,] 0.0000000    0    0    0    0 0.1795132 0.01944317    0 0.0000000
[43,] 0.0000000    0    0    0    0 0.3590264 0.03888634    0 0.0000000
[44,] 0.0000000    0    0    0    0 0.3590264 0.03888634    0 0.0000000
[45,] 0.0000000    0    0    0    0 0.3590264 0.03888634    0 0.0000000
[46,] 0.8862755    0    0    0    0 0.1795132 0.01944317    0 0.4233366
[47,] 0.8862755    0    0    0    0 0.3590264 0.03888634    0 0.4233366
[48,] 0.8862755    0    0    0    0 0.1795132 0.01944317    0 0.4233366
[49,] 0.0000000    0    0    0    0 0.0000000 0.00000000    0 0.0000000
[50,] 0.8862755    0    0    0    0 0.5385395 0.05832951    0 0.4233366

$Bdatesampinfo
      DATE JULIAN N      Mean    Stdev
1 08/02/11   2040 1 0.0000000       NA
2 09/16/11   2085 6 0.0000000 0.000000
3 10/23/11   2122 5 0.0000000 0.000000
4 11/13/11   2143 5 0.0000000 0.000000
5 01/01/12   2192 5 0.0000000 0.000000
6 02/10/12   2232 4 0.0000000 0.000000
7 03/27/12   2278 5 0.7264813 1.624461
8 04/01/12   2283 2 0.0000000 0.000000
9 06/19/12   2362 5 0.0000000 0.000000

$Ndatesampinfo
      DATE JULIAN N     Mean    Stdev
1 08/02/11   2040 1  0.00000       NA
2 09/16/11   2085 6  0.00000  0.00000
3 10/23/11   2122 5  0.00000  0.00000
4 11/13/11   2143 5  0.00000  0.00000
5 01/01/12   2192 5  0.00000  0.00000
6 02/10/12   2232 4  0.00000  0.00000
7 03/27/12   2278 5 15.55556 34.78328
8 04/01/12   2283 2  0.00000  0.00000
9 06/19/12   2362 5  0.00000  0.00000

$Bdateboots
          [,1] [,2] [,3] [,4] [,5] [,6]      [,7] [,8] [,9]
 [1,] 0.000000    0    0    0    0    0 0.7264813    0    0
 [2,] 3.632406    0    0    0    0    0 0.7264813    0    0
 [3,] 3.632406    0    0    0    0    0 0.7264813    0    0
 [4,] 0.000000    0    0    0    0    0 2.1794438    0    0
 [5,] 3.632406    0    0    0    0    0 0.7264813    0    0
 [6,] 3.632406    0    0    0    0    0 0.7264813    0    0
 [7,] 3.632406    0    0    0    0    0 0.7264813    0    0
 [8,] 0.000000    0    0    0    0    0 0.0000000    0    0
 [9,] 3.632406    0    0    0    0    0 0.0000000    0    0
[10,] 3.632406    0    0    0    0    0 2.1794438    0    0
[11,] 3.632406    0    0    0    0    0 0.0000000    0    0
[12,] 3.632406    0    0    0    0    0 2.1794438    0    0
[13,] 3.632406    0    0    0    0    0 0.7264813    0    0
[14,] 0.000000    0    0    0    0    0 0.7264813    0    0
[15,] 3.632406    0    0    0    0    0 0.7264813    0    0
[16,] 3.632406    0    0    0    0    0 2.1794438    0    0
[17,] 0.000000    0    0    0    0    0 0.7264813    0    0
[18,] 3.632406    0    0    0    0    0 0.0000000    0    0
[19,] 3.632406    0    0    0    0    0 0.7264813    0    0
[20,] 0.000000    0    0    0    0    0 1.4529625    0    0
[21,] 0.000000    0    0    0    0    0 0.0000000    0    0
[22,] 0.000000    0    0    0    0    0 0.0000000    0    0
[23,] 0.000000    0    0    0    0    0 0.0000000    0    0
[24,] 3.632406    0    0    0    0    0 1.4529625    0    0
[25,] 3.632406    0    0    0    0    0 0.0000000    0    0
[26,] 0.000000    0    0    0    0    0 0.0000000    0    0
[27,] 3.632406    0    0    0    0    0 0.0000000    0    0
[28,] 0.000000    0    0    0    0    0 0.0000000    0    0
[29,] 3.632406    0    0    0    0    0 0.7264813    0    0
[30,] 3.632406    0    0    0    0    0 0.7264813    0    0
[31,] 3.632406    0    0    0    0    0 2.1794438    0    0
[32,] 0.000000    0    0    0    0    0 0.0000000    0    0
[33,] 0.000000    0    0    0    0    0 1.4529625    0    0
[34,] 0.000000    0    0    0    0    0 1.4529625    0    0
[35,] 3.632406    0    0    0    0    0 2.1794438    0    0
[36,] 0.000000    0    0    0    0    0 1.4529625    0    0
[37,] 0.000000    0    0    0    0    0 0.7264813    0    0
[38,] 3.632406    0    0    0    0    0 0.7264813    0    0
[39,] 3.632406    0    0    0    0    0 1.4529625    0    0
[40,] 0.000000    0    0    0    0    0 0.0000000    0    0
[41,] 3.632406    0    0    0    0    0 0.7264813    0    0
[42,] 0.000000    0    0    0    0    0 0.7264813    0    0
[43,] 0.000000    0    0    0    0    0 1.4529625    0    0
[44,] 0.000000    0    0    0    0    0 1.4529625    0    0
[45,] 0.000000    0    0    0    0    0 1.4529625    0    0
[46,] 3.632406    0    0    0    0    0 0.7264813    0    0
[47,] 3.632406    0    0    0    0    0 1.4529625    0    0
[48,] 3.632406    0    0    0    0    0 0.7264813    0    0
[49,] 0.000000    0    0    0    0    0 0.0000000    0    0
[50,] 3.632406    0    0    0    0    0 2.1794438    0    0

$Ndateboots
          [,1] [,2] [,3] [,4] [,5] [,6]     [,7] [,8] [,9]
 [1,]  0.00000    0    0    0    0    0 15.55556    0    0
 [2,] 77.77778    0    0    0    0    0 15.55556    0    0
 [3,] 77.77778    0    0    0    0    0 15.55556    0    0
 [4,]  0.00000    0    0    0    0    0 46.66667    0    0
 [5,] 77.77778    0    0    0    0    0 15.55556    0    0
 [6,] 77.77778    0    0    0    0    0 15.55556    0    0
 [7,] 77.77778    0    0    0    0    0 15.55556    0    0
 [8,]  0.00000    0    0    0    0    0  0.00000    0    0
 [9,] 77.77778    0    0    0    0    0  0.00000    0    0
[10,] 77.77778    0    0    0    0    0 46.66667    0    0
[11,] 77.77778    0    0    0    0    0  0.00000    0    0
[12,] 77.77778    0    0    0    0    0 46.66667    0    0
[13,] 77.77778    0    0    0    0    0 15.55556    0    0
[14,]  0.00000    0    0    0    0    0 15.55556    0    0
[15,] 77.77778    0    0    0    0    0 15.55556    0    0
[16,] 77.77778    0    0    0    0    0 46.66667    0    0
[17,]  0.00000    0    0    0    0    0 15.55556    0    0
[18,] 77.77778    0    0    0    0    0  0.00000    0    0
[19,] 77.77778    0    0    0    0    0 15.55556    0    0
[20,]  0.00000    0    0    0    0    0 31.11111    0    0
[21,]  0.00000    0    0    0    0    0  0.00000    0    0
[22,]  0.00000    0    0    0    0    0  0.00000    0    0
[23,]  0.00000    0    0    0    0    0  0.00000    0    0
[24,] 77.77778    0    0    0    0    0 31.11111    0    0
[25,] 77.77778    0    0    0    0    0  0.00000    0    0
[26,]  0.00000    0    0    0    0    0  0.00000    0    0
[27,] 77.77778    0    0    0    0    0  0.00000    0    0
[28,]  0.00000    0    0    0    0    0  0.00000    0    0
[29,] 77.77778    0    0    0    0    0 15.55556    0    0
[30,] 77.77778    0    0    0    0    0 15.55556    0    0
[31,] 77.77778    0    0    0    0    0 46.66667    0    0
[32,]  0.00000    0    0    0    0    0  0.00000    0    0
[33,]  0.00000    0    0    0    0    0 31.11111    0    0
[34,]  0.00000    0    0    0    0    0 31.11111    0    0
[35,] 77.77778    0    0    0    0    0 46.66667    0    0
[36,]  0.00000    0    0    0    0    0 31.11111    0    0
[37,]  0.00000    0    0    0    0    0 15.55556    0    0
[38,] 77.77778    0    0    0    0    0 15.55556    0    0
[39,] 77.77778    0    0    0    0    0 31.11111    0    0
[40,]  0.00000    0    0    0    0    0  0.00000    0    0
[41,] 77.77778    0    0    0    0    0 15.55556    0    0
[42,]  0.00000    0    0    0    0    0 15.55556    0    0
[43,]  0.00000    0    0    0    0    0 31.11111    0    0
[44,]  0.00000    0    0    0    0    0 31.11111    0    0
[45,]  0.00000    0    0    0    0    0 31.11111    0    0
[46,] 77.77778    0    0    0    0    0 15.55556    0    0
[47,] 77.77778    0    0    0    0    0 31.11111    0    0
[48,] 77.77778    0    0    0    0    0 15.55556    0    0
[49,]  0.00000    0    0    0    0    0  0.00000    0    0
[50,] 77.77778    0    0    0    0    0 46.66667    0    0

