$totdays
[1] 365

$Psampest
[1] 0.3285987

$Pbootest
    Mean     2.5%      50%    97.5% 
1.016839 0.000000 1.386730 2.298592 

$Pboots
 [1] 1.3867304 1.3867304 1.3867304 1.7153291 1.3867304 1.3867304 0.6571974 1.3867304
 [9] 2.0439278 0.3285987 2.3725265 0.6571974 2.3725265 0.0000000 1.3867304 1.7153291
[17] 0.3285987 0.0000000 0.0000000 1.7153291 0.0000000 0.0000000 1.7153291 0.6571974
[25] 2.0439278 0.3285987 1.3867304 0.3285987 0.3285987 1.3867304 2.0439278 0.0000000
[33] 0.0000000 1.7153291 1.7153291 0.6571974 1.7153291 1.7153291 1.3867304 0.3285987
[41] 0.3285987 0.9857961 0.0000000 0.3285987 1.7153291 1.3867304 0.3285987 0.0000000
[49] 0.9857961 1.7153291

$Bboots
 [1] 0.05068946 0.05068946 0.05068946 0.07096524 0.05068946 0.05068946 0.04055156
 [8] 0.05068946 0.09124102 0.02027578 0.11151680 0.04055156 0.11151680 0.00000000
[15] 0.05068946 0.07096524 0.02027578 0.00000000 0.00000000 0.07096524 0.00000000
[22] 0.00000000 0.07096524 0.04055156 0.09124102 0.02027578 0.05068946 0.02027578
[29] 0.02027578 0.05068946 0.09124102 0.00000000 0.00000000 0.07096524 0.07096524
[36] 0.04055156 0.07096524 0.07096524 0.05068946 0.02027578 0.02027578 0.06082735
[43] 0.00000000 0.02027578 0.07096524 0.05068946 0.02027578 0.00000000 0.06082735
[50] 0.07096524

$Nboots
 [1] 0.6944444 0.6944444 0.6944444 0.9722222 0.6944444 0.6944444 0.5555556 0.6944444
 [9] 1.2500000 0.2777778 1.5277778 0.5555556 1.5277778 0.0000000 0.6944444 0.9722222
[17] 0.2777778 0.0000000 0.0000000 0.9722222 0.0000000 0.0000000 0.9722222 0.5555556
[25] 1.2500000 0.2777778 0.6944444 0.2777778 0.2777778 0.6944444 1.2500000 0.0000000
[33] 0.0000000 0.9722222 0.9722222 0.5555556 0.9722222 0.9722222 0.6944444 0.2777778
[41] 0.2777778 0.8333333 0.0000000 0.2777778 0.9722222 0.6944444 0.2777778 0.0000000
[49] 0.8333333 0.9722222

$julians
[1] 2040 2085 2122 2143 2192 2232 2278 2283 2362

$intdays
[1] 45 37 21 49 40 46  5 79 43

$Pintsampest
[1] 0.0000000 0.0000000 0.1192526 0.2093461 0.0000000 0.0000000 0.0000000 0.0000000
[9] 0.0000000

$Pintboots
           [,1] [,2]      [,3]      [,4] [,5] [,6] [,7] [,8]      [,9]
 [1,] 0.9415749    0 0.0000000 0.0000000    0    0    0    0 0.4451555
 [2,] 0.9415749    0 0.0000000 0.0000000    0    0    0    0 0.4451555
 [3,] 0.9415749    0 0.0000000 0.0000000    0    0    0    0 0.4451555
 [4,] 0.9415749    0 0.1192526 0.2093461    0    0    0    0 0.4451555
 [5,] 0.9415749    0 0.0000000 0.0000000    0    0    0    0 0.4451555
 [6,] 0.9415749    0 0.0000000 0.0000000    0    0    0    0 0.4451555
 [7,] 0.0000000    0 0.2385053 0.4186921    0    0    0    0 0.0000000
 [8,] 0.9415749    0 0.0000000 0.0000000    0    0    0    0 0.4451555
 [9,] 0.9415749    0 0.2385053 0.4186921    0    0    0    0 0.4451555
[10,] 0.0000000    0 0.1192526 0.2093461    0    0    0    0 0.0000000
[11,] 0.9415749    0 0.3577579 0.6280382    0    0    0    0 0.4451555
[12,] 0.0000000    0 0.2385053 0.4186921    0    0    0    0 0.0000000
[13,] 0.9415749    0 0.3577579 0.6280382    0    0    0    0 0.4451555
[14,] 0.0000000    0 0.0000000 0.0000000    0    0    0    0 0.0000000
[15,] 0.9415749    0 0.0000000 0.0000000    0    0    0    0 0.4451555
[16,] 0.9415749    0 0.1192526 0.2093461    0    0    0    0 0.4451555
[17,] 0.0000000    0 0.1192526 0.2093461    0    0    0    0 0.0000000
[18,] 0.0000000    0 0.0000000 0.0000000    0    0    0    0 0.0000000
[19,] 0.0000000    0 0.0000000 0.0000000    0    0    0    0 0.0000000
[20,] 0.9415749    0 0.1192526 0.2093461    0    0    0    0 0.4451555
[21,] 0.0000000    0 0.0000000 0.0000000    0    0    0    0 0.0000000
[22,] 0.0000000    0 0.0000000 0.0000000    0    0    0    0 0.0000000
[23,] 0.9415749    0 0.1192526 0.2093461    0    0    0    0 0.4451555
[24,] 0.0000000    0 0.2385053 0.4186921    0    0    0    0 0.0000000
[25,] 0.9415749    0 0.2385053 0.4186921    0    0    0    0 0.4451555
[26,] 0.0000000    0 0.1192526 0.2093461    0    0    0    0 0.0000000
[27,] 0.9415749    0 0.0000000 0.0000000    0    0    0    0 0.4451555
[28,] 0.0000000    0 0.1192526 0.2093461    0    0    0    0 0.0000000
[29,] 0.0000000    0 0.1192526 0.2093461    0    0    0    0 0.0000000
[30,] 0.9415749    0 0.0000000 0.0000000    0    0    0    0 0.4451555
[31,] 0.9415749    0 0.2385053 0.4186921    0    0    0    0 0.4451555
[32,] 0.0000000    0 0.0000000 0.0000000    0    0    0    0 0.0000000
[33,] 0.0000000    0 0.0000000 0.0000000    0    0    0    0 0.0000000
[34,] 0.9415749    0 0.1192526 0.2093461    0    0    0    0 0.4451555
[35,] 0.9415749    0 0.1192526 0.2093461    0    0    0    0 0.4451555
[36,] 0.0000000    0 0.2385053 0.4186921    0    0    0    0 0.0000000
[37,] 0.9415749    0 0.1192526 0.2093461    0    0    0    0 0.4451555
[38,] 0.9415749    0 0.1192526 0.2093461    0    0    0    0 0.4451555
[39,] 0.9415749    0 0.0000000 0.0000000    0    0    0    0 0.4451555
[40,] 0.0000000    0 0.1192526 0.2093461    0    0    0    0 0.0000000
[41,] 0.0000000    0 0.1192526 0.2093461    0    0    0    0 0.0000000
[42,] 0.0000000    0 0.3577579 0.6280382    0    0    0    0 0.0000000
[43,] 0.0000000    0 0.0000000 0.0000000    0    0    0    0 0.0000000
[44,] 0.0000000    0 0.1192526 0.2093461    0    0    0    0 0.0000000
[45,] 0.9415749    0 0.1192526 0.2093461    0    0    0    0 0.4451555
[46,] 0.9415749    0 0.0000000 0.0000000    0    0    0    0 0.4451555
[47,] 0.0000000    0 0.1192526 0.2093461    0    0    0    0 0.0000000
[48,] 0.0000000    0 0.0000000 0.0000000    0    0    0    0 0.0000000
[49,] 0.0000000    0 0.3577579 0.6280382    0    0    0    0 0.0000000
[50,] 0.9415749    0 0.1192526 0.2093461    0    0    0    0 0.4451555

$Bdatesampinfo
      DATE JULIAN N      Mean     Stdev
1 08/02/11   2040 1 0.0000000        NA
2 09/16/11   2085 6 0.0000000 0.0000000
3 10/23/11   2122 5 0.0000000 0.0000000
4 11/13/11   2143 5 0.1622063 0.3627042
5 01/01/12   2192 5 0.0000000 0.0000000
6 02/10/12   2232 4 0.0000000 0.0000000
7 03/27/12   2278 5 0.0000000 0.0000000
8 04/01/12   2283 2 0.0000000 0.0000000
9 06/19/12   2362 5 0.0000000 0.0000000

$Ndatesampinfo
      DATE JULIAN N     Mean   Stdev
1 08/02/11   2040 1 0.000000      NA
2 09/16/11   2085 6 0.000000 0.00000
3 10/23/11   2122 5 0.000000 0.00000
4 11/13/11   2143 5 2.222222 4.96904
5 01/01/12   2192 5 0.000000 0.00000
6 02/10/12   2232 4 0.000000 0.00000
7 03/27/12   2278 5 0.000000 0.00000
8 04/01/12   2283 2 0.000000 0.00000
9 06/19/12   2362 5 0.000000 0.00000

$Bdateboots
           [,1] [,2] [,3]      [,4] [,5] [,6] [,7] [,8] [,9]
 [1,] 0.8110313    0    0 0.0000000    0    0    0    0    0
 [2,] 0.8110313    0    0 0.0000000    0    0    0    0    0
 [3,] 0.8110313    0    0 0.0000000    0    0    0    0    0
 [4,] 0.8110313    0    0 0.1622063    0    0    0    0    0
 [5,] 0.8110313    0    0 0.0000000    0    0    0    0    0
 [6,] 0.8110313    0    0 0.0000000    0    0    0    0    0
 [7,] 0.0000000    0    0 0.3244125    0    0    0    0    0
 [8,] 0.8110313    0    0 0.0000000    0    0    0    0    0
 [9,] 0.8110313    0    0 0.3244125    0    0    0    0    0
[10,] 0.0000000    0    0 0.1622063    0    0    0    0    0
[11,] 0.8110313    0    0 0.4866188    0    0    0    0    0
[12,] 0.0000000    0    0 0.3244125    0    0    0    0    0
[13,] 0.8110313    0    0 0.4866188    0    0    0    0    0
[14,] 0.0000000    0    0 0.0000000    0    0    0    0    0
[15,] 0.8110313    0    0 0.0000000    0    0    0    0    0
[16,] 0.8110313    0    0 0.1622063    0    0    0    0    0
[17,] 0.0000000    0    0 0.1622063    0    0    0    0    0
[18,] 0.0000000    0    0 0.0000000    0    0    0    0    0
[19,] 0.0000000    0    0 0.0000000    0    0    0    0    0
[20,] 0.8110313    0    0 0.1622063    0    0    0    0    0
[21,] 0.0000000    0    0 0.0000000    0    0    0    0    0
[22,] 0.0000000    0    0 0.0000000    0    0    0    0    0
[23,] 0.8110313    0    0 0.1622063    0    0    0    0    0
[24,] 0.0000000    0    0 0.3244125    0    0    0    0    0
[25,] 0.8110313    0    0 0.3244125    0    0    0    0    0
[26,] 0.0000000    0    0 0.1622063    0    0    0    0    0
[27,] 0.8110313    0    0 0.0000000    0    0    0    0    0
[28,] 0.0000000    0    0 0.1622063    0    0    0    0    0
[29,] 0.0000000    0    0 0.1622063    0    0    0    0    0
[30,] 0.8110313    0    0 0.0000000    0    0    0    0    0
[31,] 0.8110313    0    0 0.3244125    0    0    0    0    0
[32,] 0.0000000    0    0 0.0000000    0    0    0    0    0
[33,] 0.0000000    0    0 0.0000000    0    0    0    0    0
[34,] 0.8110313    0    0 0.1622063    0    0    0    0    0
[35,] 0.8110313    0    0 0.1622063    0    0    0    0    0
[36,] 0.0000000    0    0 0.3244125    0    0    0    0    0
[37,] 0.8110313    0    0 0.1622063    0    0    0    0    0
[38,] 0.8110313    0    0 0.1622063    0    0    0    0    0
[39,] 0.8110313    0    0 0.0000000    0    0    0    0    0
[40,] 0.0000000    0    0 0.1622063    0    0    0    0    0
[41,] 0.0000000    0    0 0.1622063    0    0    0    0    0
[42,] 0.0000000    0    0 0.4866188    0    0    0    0    0
[43,] 0.0000000    0    0 0.0000000    0    0    0    0    0
[44,] 0.0000000    0    0 0.1622063    0    0    0    0    0
[45,] 0.8110313    0    0 0.1622063    0    0    0    0    0
[46,] 0.8110313    0    0 0.0000000    0    0    0    0    0
[47,] 0.0000000    0    0 0.1622063    0    0    0    0    0
[48,] 0.0000000    0    0 0.0000000    0    0    0    0    0
[49,] 0.0000000    0    0 0.4866188    0    0    0    0    0
[50,] 0.8110313    0    0 0.1622063    0    0    0    0    0

$Ndateboots
          [,1] [,2] [,3]     [,4] [,5] [,6] [,7] [,8] [,9]
 [1,] 11.11111    0    0 0.000000    0    0    0    0    0
 [2,] 11.11111    0    0 0.000000    0    0    0    0    0
 [3,] 11.11111    0    0 0.000000    0    0    0    0    0
 [4,] 11.11111    0    0 2.222222    0    0    0    0    0
 [5,] 11.11111    0    0 0.000000    0    0    0    0    0
 [6,] 11.11111    0    0 0.000000    0    0    0    0    0
 [7,]  0.00000    0    0 4.444444    0    0    0    0    0
 [8,] 11.11111    0    0 0.000000    0    0    0    0    0
 [9,] 11.11111    0    0 4.444444    0    0    0    0    0
[10,]  0.00000    0    0 2.222222    0    0    0    0    0
[11,] 11.11111    0    0 6.666667    0    0    0    0    0
[12,]  0.00000    0    0 4.444444    0    0    0    0    0
[13,] 11.11111    0    0 6.666667    0    0    0    0    0
[14,]  0.00000    0    0 0.000000    0    0    0    0    0
[15,] 11.11111    0    0 0.000000    0    0    0    0    0
[16,] 11.11111    0    0 2.222222    0    0    0    0    0
[17,]  0.00000    0    0 2.222222    0    0    0    0    0
[18,]  0.00000    0    0 0.000000    0    0    0    0    0
[19,]  0.00000    0    0 0.000000    0    0    0    0    0
[20,] 11.11111    0    0 2.222222    0    0    0    0    0
[21,]  0.00000    0    0 0.000000    0    0    0    0    0
[22,]  0.00000    0    0 0.000000    0    0    0    0    0
[23,] 11.11111    0    0 2.222222    0    0    0    0    0
[24,]  0.00000    0    0 4.444444    0    0    0    0    0
[25,] 11.11111    0    0 4.444444    0    0    0    0    0
[26,]  0.00000    0    0 2.222222    0    0    0    0    0
[27,] 11.11111    0    0 0.000000    0    0    0    0    0
[28,]  0.00000    0    0 2.222222    0    0    0    0    0
[29,]  0.00000    0    0 2.222222    0    0    0    0    0
[30,] 11.11111    0    0 0.000000    0    0    0    0    0
[31,] 11.11111    0    0 4.444444    0    0    0    0    0
[32,]  0.00000    0    0 0.000000    0    0    0    0    0
[33,]  0.00000    0    0 0.000000    0    0    0    0    0
[34,] 11.11111    0    0 2.222222    0    0    0    0    0
[35,] 11.11111    0    0 2.222222    0    0    0    0    0
[36,]  0.00000    0    0 4.444444    0    0    0    0    0
[37,] 11.11111    0    0 2.222222    0    0    0    0    0
[38,] 11.11111    0    0 2.222222    0    0    0    0    0
[39,] 11.11111    0    0 0.000000    0    0    0    0    0
[40,]  0.00000    0    0 2.222222    0    0    0    0    0
[41,]  0.00000    0    0 2.222222    0    0    0    0    0
[42,]  0.00000    0    0 6.666667    0    0    0    0    0
[43,]  0.00000    0    0 0.000000    0    0    0    0    0
[44,]  0.00000    0    0 2.222222    0    0    0    0    0
[45,] 11.11111    0    0 2.222222    0    0    0    0    0
[46,] 11.11111    0    0 0.000000    0    0    0    0    0
[47,]  0.00000    0    0 2.222222    0    0    0    0    0
[48,]  0.00000    0    0 0.000000    0    0    0    0    0
[49,]  0.00000    0    0 6.666667    0    0    0    0    0
[50,] 11.11111    0    0 2.222222    0    0    0    0    0

