$totdays
[1] 365

$Psampest
[1] 174.4449

$Pbootest
    Mean     2.5%      50%    97.5% 
174.6112 117.9389 171.9594 237.9166 

$Pboots
 [1] 174.7381 109.4504 215.7448 193.8037 230.0571 191.5881 153.0911 195.6637 154.7571
[10] 182.3552 149.0234 161.5013 165.5244 240.1984 137.6562 153.7570 144.4948 178.0083
[19] 145.5976 117.8695 164.1032 158.7650 159.5052 192.5597 177.1435 150.6030 140.8689
[28] 191.1954 168.4613 185.8730 251.8470 118.1778 143.3622 177.1239 160.9716 169.1807
[37] 215.5261 158.2362 168.0708 180.6031 184.2810 208.3396 224.7622 162.1895 181.5913
[46] 152.9655 195.1862 204.3246 184.5178 205.3427

$Bboots
 [1] 2.710635 2.027709 3.895161 2.841816 4.402245 3.182508 2.675171 3.024402 2.347604
[10] 2.768368 2.315677 2.872929 2.568493 3.937882 2.419914 2.233863 2.537478 3.069555
[19] 2.190211 1.940631 2.505816 2.437059 2.470264 3.352282 2.759600 2.277081 2.384348
[28] 2.855445 2.724157 3.150837 4.000328 1.788394 2.285655 3.101497 2.274646 3.152812
[37] 3.798248 2.630618 2.940703 3.463352 3.128755 3.709193 3.995408 2.432555 2.970031
[46] 2.685686 3.179129 3.330145 3.163887 3.694919

$Nboots
 [1] 422.8241 326.9444 644.2130 449.0741 744.0741 508.6111 425.5556 477.0370 366.9907
[10] 422.4537 337.8241 454.3056 399.1204 601.9444 385.9259 334.3056 407.7315 492.5926
[19] 333.6574 330.8796 376.8981 364.5370 371.6204 550.3704 428.6574 314.3981 397.2685
[28] 423.7500 417.5463 507.7778 644.7685 288.4722 367.5463 502.6389 325.1852 533.7500
[37] 626.6204 424.3519 473.6574 592.1759 503.1019 601.7593 651.8981 345.1389 456.7593
[46] 440.0926 497.3611 525.6481 506.8981 605.0463

$julians
[1] 2040 2085 2122 2143 2192 2232 2278 2283 2362

$intdays
[1] 45 37 21 49 40 46  5 79 43

$Pintsampest
[1] 62.12501313 26.28604624  0.15428553  0.43387313  0.20731789  0.05126593  0.03476753
[8] 43.59098288 41.56136993

$Pintboots
          [,1]      [,2]       [,3]       [,4]      [,5]       [,6]       [,7]
 [1,] 54.42084 19.735328 0.24599014 0.80558090 0.4146358 0.05126593 0.03635257
 [2,] 49.87058 23.264863 0.07296061 0.37170777 0.2073179 0.10253186 0.04188298
 [3,] 82.34152 43.161641 0.08411302 0.11154326 0.0000000 0.05126593 0.03318249
 [4,] 54.32318 11.548654 0.25435445 0.59479429 0.2073179 0.05126593 0.03635257
 [5,] 93.96226 51.497644 0.20292594 0.44666061 0.2073179 0.00000000 0.02765208
 [6,] 66.13482 29.512923 0.17860574 0.32232987 0.2073179 0.05126593 0.03476753
 [7,] 61.39141 25.791587 0.22166994 0.43387313 0.2073179 0.05126593 0.03635257
 [8,] 58.82961 23.480357 0.14592123 0.22308652 0.0000000 0.05126593 0.03476753
 [9,] 49.58062 14.067863 0.05700472 0.06216537 0.0000000 0.00000000 0.02923711
[10,] 59.44355 16.691002 0.08132492 0.58249438 0.4146358 0.00000000 0.02923711
[11,] 48.13333 21.434513 0.18975815 0.55820387 0.2073179 0.00000000 0.02923711
[12,] 66.85069 30.319604 0.23003425 0.75620301 0.4146358 0.00000000 0.02923711
[13,] 63.14982 14.033148 0.15707363 0.37170777 0.2073179 0.00000000 0.02923711
[14,] 79.60060 41.033239 0.08132492 0.06216537 0.0000000 0.05126593 0.03318249
[15,] 53.73101 24.015790 0.17860574 0.69403764 0.4146358 0.05126593 0.03318249
[16,] 41.22279 15.195129 0.16543794 0.43387313 0.2073179 0.05126593 0.03635257
[17,] 64.90978 23.618392 0.20292594 0.95420215 0.6219537 0.10253186 0.04029794
[18,] 67.84683 31.394325 0.30299486 0.33462978 0.0000000 0.10253186 0.03871291
[19,] 40.50876 15.699999 0.29463055 0.54541639 0.2073179 0.15379779 0.04582836
[20,] 35.99355 16.443210 0.11400943 0.37170777 0.2073179 0.00000000 0.02765208
[21,] 51.21938 18.670408 0.17302953 0.43387313 0.2073179 0.10253186 0.04029794
[22,] 56.14941 15.358688 0.11122133 0.18649610 0.0000000 0.00000000 0.02923711
[23,] 55.73633 20.673175 0.02989641 0.52032901 0.4146358 0.00000000 0.02923711
[24,] 75.40197 31.244441 0.16264984 0.49603850 0.2073179 0.05126593 0.03635257
[25,] 61.28738 18.231426 0.12996533 0.69403764 0.4146358 0.20506372 0.05135877
[26,] 56.10672 15.916653 0.25435445 0.75620301 0.4146358 0.10253186 0.03871291
[27,] 57.71381 15.108479 0.16543794 0.70682512 0.4146358 0.10253186 0.04029794
[28,] 66.65314 17.820039 0.04383692 0.06216537 0.0000000 0.00000000 0.02765208
[29,] 47.70938 27.446867 0.22724614 0.28525189 0.0000000 0.00000000 0.02923711
[30,] 70.80264 25.273671 0.15986174 0.43387313 0.2073179 0.05126593 0.03635257
[31,] 77.77434 32.181127 0.06536902 0.12433074 0.0000000 0.00000000 0.02923711
[32,] 41.03271  7.044941 0.14592123 0.11154326 0.0000000 0.00000000 0.02765208
[33,] 50.29775 16.509098 0.15149743 0.11154326 0.0000000 0.05126593 0.03476753
[34,] 67.17680 30.288154 0.09728082 0.26016451 0.2073179 0.00000000 0.02923711
[35,] 49.44452 10.032534 0.07853682 0.52032901 0.4146358 0.10253186 0.04029794
[36,] 70.88721 33.847979 0.17024143 0.48325103 0.2073179 0.05126593 0.03635257
[37,] 82.12492 35.901303 0.13554153 0.43387313 0.2073179 0.05126593 0.03476753
[38,] 62.85619 19.594634 0.08411302 0.00000000 0.0000000 0.00000000 0.03082215
[39,] 70.32984 26.061398 0.17860574 0.17370863 0.0000000 0.15379779 0.04582836
[40,] 63.59573 46.378717 0.15149743 0.37170777 0.2073179 0.05126593 0.03318249
[41,] 71.08404 26.629774 0.22445804 0.89203678 0.6219537 0.00000000 0.02923711
[42,] 80.90248 40.278457 0.15707363 0.49603850 0.2073179 0.10253186 0.03871291
[43,] 84.07126 44.786909 0.08411302 0.12433074 0.0000000 0.00000000 0.03082215
[44,] 56.95765 17.121990 0.15149743 0.37170777 0.2073179 0.00000000 0.03082215
[45,] 60.14963 31.706234 0.11122133 0.06216537 0.0000000 0.05126593 0.03635257
[46,] 57.02641 26.759133 0.17302953 0.43387313 0.2073179 0.10253186 0.04029794
[47,] 63.97094 27.524327 0.12438912 0.69403764 0.4146358 0.00000000 0.02765208
[48,] 68.30156 31.374724 0.22166994 0.17370863 0.0000000 0.10253186 0.04029794
[49,] 74.58597 30.804263 0.05421661 0.26016451 0.2073179 0.00000000 0.03082215
[50,] 85.38016 39.774843 0.21888184 0.11154326 0.0000000 0.00000000 0.02923711
           [,8]     [,9]
 [1,] 57.382145 41.64591
 [2,]  9.195128 26.32343
 [3,] 39.784999 50.17655
 [4,] 79.227271 47.56055
 [5,] 30.516262 53.19636
 [6,] 49.937961 45.20815
 [7,] 28.000927 36.95672
 [8,] 66.625223 46.27351
 [9,] 52.859720 38.10050
[10,] 60.278245 44.83467
[11,] 43.590983 34.88006
[12,] 24.337067 38.56382
[13,] 45.110646 42.46543
[14,] 63.890786 55.44588
[15,] 25.831071 32.70661
[16,] 60.303905 36.14089
[17,] 18.107656 35.93706
[18,] 35.816249 42.17202
[19,] 54.048834 34.09300
[20,] 37.335912 27.37615
[21,] 54.048834 39.20753
[22,] 47.229184 39.70072
[23,] 43.590983 38.51065
[24,] 38.458779 46.50087
[25,] 52.529171 43.60050
[26,] 39.454450 37.55870
[27,] 30.684045 35.93279
[28,] 58.732922 47.85569
[29,] 54.978258 37.78507
[30,] 43.286093 45.62191
[31,] 82.123371 59.54925
[32,] 39.454450 30.36057
[33,] 40.999773 35.20651
[34,] 36.913456 42.15148
[35,] 60.278245 40.05993
[36,] 23.291180 40.20593
[37,] 45.110646 51.52642
[38,] 35.867568 39.80290
[39,] 29.494931 41.63270
[40,] 30.988934 38.82472
[41,] 39.952782 44.84666
[42,] 37.335912 48.82105
[43,] 43.616642 52.04814
[44,] 47.254843 40.09367
[45,] 47.727516 41.74689
[46,] 32.203708 36.01924
[47,] 56.472261 45.95798
[48,] 56.167372 47.94274
[49,] 33.749031 44.82598
[50,] 30.684045 49.14402

$Bdatesampinfo
      DATE JULIAN N        Mean       Stdev
1 08/02/11   2040 5 11.94764887  8.42863627
2 09/16/11   2085 6 12.19551176 12.11944622
3 10/23/11   2122 5  0.06935265  0.08390623
4 11/13/11   2143 5  0.06468598  0.09263292
5 01/01/12   2192 5  0.07155028  0.15999129
6 02/10/12   2232 4  0.00000000  0.00000000
7 03/27/12   2278 5  0.02000644  0.04473576
8 04/01/12   2283 2  0.11169886  0.01649916
9 06/19/12   2362 5  9.15347714  9.37268392

$Ndatesampinfo
      DATE JULIAN N        Mean       Stdev
1 08/02/11   2040 5 1806.666667 1406.984342
2 09/16/11   2085 6 1968.518519 2187.274268
3 10/23/11   2122 5   11.111111   11.111111
4 11/13/11   2143 5    8.888889   12.171612
5 01/01/12   2192 5    6.666667   14.907120
6 02/10/12   2232 4    0.000000    0.000000
7 03/27/12   2278 5    2.222222    4.969040
8 04/01/12   2283 2   16.666667    7.856742
9 06/19/12   2362 5 1386.666667 1216.283552

$Bdateboots
           [,1]      [,2]       [,3]       [,4]       [,5] [,6]       [,7]      [,8]
 [1,] 12.142065  8.969301 0.10003219 0.10469886 0.14310056    0 0.02000644 0.1233655
 [2,]  8.037939 10.806635 0.02000644 0.04001288 0.07155028    0 0.04001288 0.1233655
 [3,] 11.914422 20.964791 0.03867310 0.04001288 0.00000000    0 0.02000644 0.1000322
 [4,] 16.867254  5.488031 0.09869242 0.12003863 0.07155028    0 0.02000644 0.1233655
 [5,] 13.412831 25.101090 0.10003219 0.07401931 0.07155028    0 0.00000000 0.1000322
 [6,] 12.175292 13.618127 0.12937196 0.02467310 0.07155028    0 0.02000644 0.1116989
 [7,] 11.947649 12.247142 0.12003863 0.06468598 0.07155028    0 0.02000644 0.1233655
 [8,] 11.947649 10.840373 0.04001288 0.08002575 0.00000000    0 0.02000644 0.1116989
 [9,] 13.607247  6.259024 0.02933977 0.02467310 0.00000000    0 0.00000000 0.1116989
[10,] 15.857358  7.580424 0.04934621 0.02467310 0.14310056    0 0.00000000 0.1116989
[11,]  8.459999  9.362721 0.05867954 0.11403219 0.07155028    0 0.00000000 0.1116989
[12,] 11.947649 13.995700 0.10936552 0.08935909 0.14310056    0 0.00000000 0.1116989
[13,] 18.301885  6.225286 0.09869242 0.04001288 0.07155028    0 0.00000000 0.1116989
[14,] 11.753233 18.902993 0.04934621 0.02467310 0.00000000    0 0.02000644 0.1000322
[15,] 10.707434 10.755004 0.08935909 0.06468598 0.14310056    0 0.02000644 0.1000322
[16,]  9.047835  6.670336 0.08801931 0.06468598 0.07155028    0 0.02000644 0.1233655
[17,] 13.576696 10.840373 0.10936552 0.06468598 0.21465083    0 0.04001288 0.1116989
[18,] 11.753233 14.407012 0.13870529 0.12003863 0.00000000    0 0.04001288 0.1000322
[19,]  8.037939  7.135374 0.14004507 0.10469886 0.07155028    0 0.06001931 0.1116989
[20,]  6.797724  7.699531 0.06801288 0.04001288 0.07155028    0 0.00000000 0.1000322
[21,] 10.482466  8.557989 0.08002575 0.06468598 0.07155028    0 0.04001288 0.1116989
[22,] 14.392176  7.288220 0.02933977 0.07401931 0.00000000    0 0.00000000 0.1116989
[23,] 12.142065  8.830206 0.02933977 0.00000000 0.14310056    0 0.00000000 0.1116989
[24,] 14.619819 15.062041 0.05867954 0.08935909 0.07155028    0 0.02000644 0.1233655
[25,] 15.857358  8.092951 0.04934621 0.06468598 0.14310056    0 0.08002575 0.1116989
[26,] 14.003344  6.618705 0.12937196 0.08935909 0.14310056    0 0.04001288 0.1000322
[27,] 16.051774  7.220743 0.07868598 0.07401931 0.14310056    0 0.04001288 0.1116989
[28,] 17.258762  8.025474 0.02800000 0.02467310 0.00000000    0 0.00000000 0.1000322
[29,]  5.593412 13.190969 0.08935909 0.10469886 0.00000000    0 0.00000000 0.1116989
[30,] 16.867254 11.784200 0.07868598 0.06468598 0.07155028    0 0.02000644 0.1233655
[31,] 15.629715 15.473353 0.01866667 0.04934621 0.00000000    0 0.00000000 0.1116989
[32,] 13.607247  3.189065 0.08002575 0.04001288 0.00000000    0 0.00000000 0.1000322
[33,] 11.914422  7.699531 0.08935909 0.04001288 0.00000000    0 0.02000644 0.1116989
[34,] 12.175292 14.650729 0.08002575 0.00000000 0.07155028    0 0.00000000 0.1116989
[35,] 14.197760  4.425097 0.06935265 0.00000000 0.14310056    0 0.04001288 0.1116989
[36,] 11.720006 16.383442 0.06001931 0.08002575 0.07155028    0 0.02000644 0.1233655
[37,] 15.629715 17.394745 0.05867954 0.06468598 0.07155028    0 0.02000644 0.1116989
[38,] 15.857358  9.040184 0.07868598 0.00000000 0.00000000    0 0.00000000 0.1233655
[39,] 15.662942 12.314619 0.08935909 0.06468598 0.00000000    0 0.06001931 0.1116989
[40,]  3.343302 22.387406 0.08935909 0.04001288 0.07155028    0 0.02000644 0.1000322
[41,] 15.857358 12.229250 0.14937840 0.04001288 0.21465083    0 0.00000000 0.1116989
[42,] 13.607247 18.372574 0.04934621 0.08935909 0.07155028    0 0.04001288 0.1000322
[43,] 11.720006 21.324472 0.02933977 0.04934621 0.00000000    0 0.00000000 0.1233655
[44,] 13.382280  7.647901 0.08935909 0.04001288 0.07155028    0 0.00000000 0.1233655
[45,]  8.265583 14.321643 0.07868598 0.02467310 0.00000000    0 0.02000644 0.1233655
[46,] 10.707434 12.110143 0.08002575 0.06468598 0.07155028    0 0.04001288 0.1116989
[47,] 12.175292 13.224707 0.04001288 0.06468598 0.14310056    0 0.00000000 0.1000322
[48,] 12.142065 14.407012 0.12003863 0.06468598 0.00000000    0 0.04001288 0.1116989
[49,] 14.392176 13.944070 0.04934621 0.00000000 0.07155028    0 0.00000000 0.1233655
[50,] 14.619819 18.577050 0.14004507 0.04001288 0.00000000    0 0.00000000 0.1116989
           [,9]
 [1,] 12.307078
 [2,]  2.202241
 [3,]  8.081119
 [4,] 16.758432
 [5,]  6.129648
 [6,] 10.793980
 [7,]  5.561504
 [8,] 14.258549
 [9,] 11.104947
[10,] 12.618046
[11,]  9.153477
[12,]  5.120764
[13,]  9.699522
[14,] 13.058786
[15,]  5.666809
[16,] 12.618046
[17,]  4.261384
[18,]  7.748052
[19,] 11.758666
[20,]  8.294097
[21,] 11.758666
[22,]  9.594217
[23,]  9.153477
[24,]  8.166692
[25,] 11.212620
[26,]  8.188792
[27,]  6.761267
[28,] 12.072001
[29,] 10.999642
[30,]  9.261150
[31,] 17.069399
[32,]  8.188792
[33,]  8.734837
[34,]  7.620647
[35,] 12.618046
[36,]  5.248169
[37,]  9.699522
[38,]  7.748052
[39,]  6.107549
[40,]  6.653594
[41,]  8.712737
[42,]  8.294097
[43,]  9.153477
[44,]  9.594217
[45,] 10.118163
[46,]  7.307312
[47,] 11.545687
[48,] 11.653360
[49,]  7.853357
[50,]  6.761267

$Ndateboots
           [,1]      [,2]      [,3]      [,4]      [,5] [,6]     [,7]     [,8]
 [1,] 1904.4444 1370.3704 11.111111 13.333333 13.333333    0 2.222222 22.22222
 [2,] 1095.5556 1755.5556  2.222222  4.444444  6.666667    0 4.444444 22.22222
 [3,] 1828.8889 3659.2593 11.111111  4.444444  0.000000    0 2.222222 11.11111
 [4,] 2766.6667  870.3704 17.777778 13.333333  6.666667    0 2.222222 22.22222
 [5,] 2206.6667 4392.5926 11.111111 13.333333  6.666667    0 0.000000 11.11111
 [6,] 1882.2222 2172.2222 17.777778  4.444444  6.666667    0 2.222222 16.66667
 [7,] 1806.6667 2105.5556 13.333333  8.888889  6.666667    0 2.222222 22.22222
 [8,] 1806.6667 1746.2963  4.444444  8.888889  0.000000    0 2.222222 16.66667
 [9,] 2304.4444  925.9259  6.666667  4.444444  0.000000    0 0.000000 16.66667
[10,] 2517.7778 1157.4074  8.888889  4.444444 13.333333    0 0.000000 16.66667
[11,] 1268.8889 1320.3704 13.333333 17.777778  6.666667    0 0.000000 16.66667
[12,] 1806.6667 2277.7778 15.555556 13.333333 13.333333    0 0.000000 16.66667
[13,] 2828.8889  935.1852 17.777778  4.444444  6.666667    0 0.000000 16.66667
[14,] 1708.8889 3066.6667  8.888889  4.444444  0.000000    0 2.222222 11.11111
[15,] 1842.2222 1618.5185 13.333333  8.888889 13.333333    0 2.222222 11.11111
[16,] 1344.4444 1022.2222 20.000000  8.888889  6.666667    0 2.222222 22.22222
[17,] 1966.6667 1746.2963 15.555556  8.888889 20.000000    0 4.444444 16.66667
[18,] 1708.8889 2374.0741 22.222222 13.333333  0.000000    0 4.444444 11.11111
[19,] 1095.5556 1070.3704 15.555556 13.333333  6.666667    0 6.666667 16.66667
[20,] 1131.1111 1275.9259 17.777778  4.444444  6.666667    0 0.000000 11.11111
[21,] 1406.6667 1274.0741  8.888889  8.888889  6.666667    0 4.444444 16.66667
[22,] 2117.7778 1179.6296  6.666667 13.333333  0.000000    0 0.000000 16.66667
[23,] 1904.4444 1290.7407  6.666667  0.000000 13.333333    0 0.000000 16.66667
[24,] 2193.3333 2607.4074 13.333333 13.333333  6.666667    0 2.222222 22.22222
[25,] 2517.7778 1225.9259  8.888889  8.888889 13.333333    0 8.888889 16.66667
[26,] 1922.2222  885.1852 17.777778 13.333333 13.333333    0 4.444444 11.11111
[27,] 2615.5556 1198.1481 15.555556 13.333333 13.333333    0 4.444444 16.66667
[28,] 2602.2222 1244.4444 13.333333  4.444444  0.000000    0 0.000000 11.11111
[29,]  784.4444 2231.4815 13.333333 13.333333  0.000000    0 0.000000 16.66667
[30,] 2766.6667 1872.2222 15.555556  8.888889  6.666667    0 2.222222 22.22222
[31,] 2442.2222 2703.7037  8.888889  8.888889  0.000000    0 0.000000 16.66667
[32,] 2304.4444  522.2222  8.888889  4.444444  0.000000    0 0.000000 11.11111
[33,] 1828.8889 1275.9259 13.333333  4.444444  0.000000    0 2.222222 16.66667
[34,] 1882.2222 2511.1111  8.888889  0.000000  6.666667    0 0.000000 16.66667
[35,] 2020.0000  625.9259 11.111111  0.000000 13.333333    0 4.444444 16.66667
[36,] 1731.1111 2838.8889  6.666667  8.888889  6.666667    0 2.222222 22.22222
[37,] 2442.2222 2946.2963 13.333333  8.888889  6.666667    0 2.222222 16.66667
[38,] 2517.7778 1437.0370 15.555556  0.000000  0.000000    0 0.000000 22.22222
[39,] 2420.0000 2087.0370 13.333333  8.888889  0.000000    0 6.666667 16.66667
[40,]  571.1111 3862.9630 13.333333  4.444444  6.666667    0 2.222222 11.11111
[41,] 2517.7778 1959.2593 20.000000  4.444444 20.000000    0 0.000000 16.66667
[42,] 2304.4444 2851.8519  8.888889 13.333333  6.666667    0 4.444444 11.11111
[43,] 1731.1111 3618.5185  6.666667  8.888889  0.000000    0 0.000000 22.22222
[44,] 1868.8889 1138.8889 13.333333  4.444444  6.666667    0 0.000000 22.22222
[45,] 1171.1111 2246.2963 15.555556  4.444444  0.000000    0 2.222222 22.22222
[46,] 1842.2222 1840.7407  8.888889  8.888889  6.666667    0 4.444444 16.66667
[47,] 1882.2222 2222.2222  4.444444  8.888889 13.333333    0 0.000000 11.11111
[48,] 1904.4444 2374.0741 13.333333  8.888889  0.000000    0 4.444444 16.66667
[49,] 2117.7778 2140.7407  8.888889  0.000000  6.666667    0 0.000000 22.22222
[50,] 2193.3333 3098.1481 15.555556  4.444444  0.000000    0 0.000000 16.66667
           [,9]
 [1,] 1995.5556
 [2,]  544.4444
 [3,] 1102.2222
 [4,] 2553.3333
 [5,]  828.8889
 [6,] 1815.5556
 [7,]  684.4444
 [8,] 2268.8889
 [9,] 1660.0000
[10,] 1840.0000
[11,] 1386.6667
[12,]  788.8889
[13,] 1595.5556
[14,] 1735.5556
[15,]  997.7778
[16,] 1840.0000
[17,]  933.3333
[18,] 1322.2222
[19,] 1984.4444
[20,] 1531.1111
[21,] 1984.4444
[22,] 1282.2222
[23,] 1386.6667
[24,] 1282.2222
[25,] 1775.5556
[26,] 1217.7778
[27,] 1217.7778
[28,] 1631.1111
[29,] 1346.6667
[30,] 1502.2222
[31,] 2397.7778
[32,] 1217.7778
[33,] 1426.6667
[34,] 1073.3333
[35,] 1840.0000
[36,] 1037.7778
[37,] 1595.5556
[38,] 1322.2222
[39,]  893.3333
[40,] 1102.2222
[41,] 1491.1111
[42,] 1531.1111
[43,] 1386.6667
[44,] 1282.2222
[45,] 1555.5556
[46,] 1426.6667
[47,] 1555.5556
[48,] 1671.1111
[49,] 1635.5556
[50,] 1217.7778

