$totdays
[1] 365

$Psampest
[1] NA

$Pbootest
     Mean      2.5%       50%     97.5% 
0.4677482 0.0000000 0.0000000 3.7850933 

$Pboots
 [1] 1.0787744 0.0000000 0.0000000 0.0000000 2.7453505 3.0420269 0.0000000 4.6868168
 [9] 0.0000000 0.0000000 0.0000000 0.0000000 0.0000000 0.0000000 0.0000000 0.0000000
[17] 0.0000000 1.5808121 0.0000000 0.0000000 0.0000000 0.0000000 0.0000000 0.0000000
[25] 3.3053013 0.0000000 0.9160613 0.0000000 0.0000000 0.0000000 0.0000000 0.0000000
[33] 0.0000000 0.0000000 0.0000000 1.8011381 0.0000000 0.0000000 0.0000000 0.0000000
[41] 0.0000000 0.0000000 0.0000000 3.9243878 0.0000000 0.2676863 0.0000000 0.0390522
[49] 0.0000000 0.0000000

$Bboots
 [1] 0.0646909074 0.0000000000 0.0000000000 0.0000000000 0.1182897372 0.1263415674
 [7] 0.0000000000 0.1516208586 0.0000000000 0.0000000000 0.0000000000 0.0000000000
[13] 0.0000000000 0.0000000000 0.0000000000 0.0000000000 0.0000000000 0.0955162374
[19] 0.0000000000 0.0000000000 0.0000000000 0.0000000000 0.0000000000 0.0000000000
[25] 0.1066357593 0.0000000000 0.0298396623 0.0000000000 0.0000000000 0.0000000000
[31] 0.0000000000 0.0000000000 0.0000000000 0.0000000000 0.0000000000 0.0591448686
[37] 0.0000000000 0.0000000000 0.0000000000 0.0000000000 0.0000000000 0.0000000000
[43] 0.0000000000 0.1248214437 0.0000000000 0.0040279772 0.0000000000 0.0006736111
[49] 0.0000000000 0.0000000000

$Nboots
 [1] 3.0092593 0.0000000 0.0000000 0.0000000 6.0185185 5.3240741 0.0000000 6.4814815
 [9] 0.0000000 0.0000000 0.0000000 0.0000000 0.0000000 0.0000000 0.0000000 0.0000000
[17] 0.0000000 4.1666667 0.0000000 0.0000000 0.0000000 0.0000000 0.0000000 0.0000000
[25] 4.3981481 0.0000000 2.1990741 0.0000000 0.0000000 0.0000000 0.0000000 0.0000000
[33] 0.0000000 0.0000000 0.0000000 3.0092593 0.0000000 0.0000000 0.0000000 0.0000000
[41] 0.0000000 0.0000000 0.0000000 4.9768519 0.0000000 1.0416667 0.0000000 0.3472222
[49] 0.0000000 0.0000000

$julians
[1] 2040 2085 2122 2143 2192 2232 2278 2283 2362

$intdays
[1] 45 37 21 49 40 46  5 79 43

$Pintsampest
[1] NA NA NA NA NA NA NA NA NA

$Pintboots
           [,1] [,2]      [,3]      [,4] [,5] [,6] [,7] [,8]       [,9]
 [1,]        NA    0 1.0787744        NA   NA   NA    0   NA         NA
 [2,]        NA   NA        NA        NA   NA   NA   NA   NA         NA
 [3,]        NA   NA        NA        NA   NA   NA   NA   NA         NA
 [4,]        NA   NA        NA        NA    0   NA   NA   NA         NA
 [5,]        NA   NA 0.9442124 1.8011381    0    0   NA   NA         NA
 [6,]        NA   NA 1.0414249 2.0006020   NA   NA    0    0         NA
 [7,]        NA   NA        NA        NA   NA   NA   NA   NA         NA
 [8,]        NA   NA        NA 4.6868168   NA   NA   NA   NA         NA
 [9,]        NA   NA        NA        NA   NA    0   NA   NA         NA
[10,]        NA   NA        NA        NA   NA   NA   NA    0         NA
[11,]        NA   NA        NA        NA   NA   NA   NA   NA         NA
[12,]        NA   NA        NA        NA   NA    0   NA   NA         NA
[13,]        NA   NA        NA        NA   NA   NA    0    0         NA
[14,]        NA   NA        NA        NA   NA   NA   NA   NA         NA
[15,]        NA   NA        NA        NA   NA   NA   NA   NA         NA
[16,]        NA   NA        NA        NA   NA   NA   NA   NA         NA
[17,]        NA   NA        NA        NA   NA   NA   NA   NA         NA
[18,]        NA   NA 1.5808121        NA   NA   NA   NA   NA         NA
[19,]        NA   NA        NA        NA   NA   NA   NA   NA         NA
[20,]        NA   NA        NA        NA   NA   NA   NA   NA         NA
[21,]        NA   NA        NA        NA   NA    0    0    0         NA
[22,]        NA   NA        NA        NA   NA   NA   NA   NA         NA
[23,]        NA   NA        NA        NA   NA   NA   NA   NA         NA
[24,]        NA   NA        NA        NA   NA   NA    0   NA         NA
[25,]        NA   NA        NA 3.3053013   NA   NA   NA   NA         NA
[26,]        NA   NA        NA        NA   NA   NA   NA   NA         NA
[27,]        NA   NA        NA 0.9160613   NA   NA   NA   NA         NA
[28,]        NA   NA        NA        NA   NA   NA    0   NA         NA
[29,]        NA   NA        NA        NA    0   NA   NA   NA         NA
[30,]        NA    0        NA        NA   NA   NA    0    0         NA
[31,]        NA   NA        NA        NA   NA   NA   NA   NA         NA
[32,]        NA   NA        NA        NA   NA   NA    0   NA         NA
[33,]        NA   NA        NA        NA   NA    0    0   NA         NA
[34,]        NA   NA        NA        NA   NA   NA   NA   NA         NA
[35,]        NA   NA        NA        NA   NA   NA    0   NA         NA
[36,]        NA   NA        NA 1.8011381   NA   NA   NA   NA         NA
[37,]        NA   NA        NA        NA   NA   NA   NA   NA         NA
[38,]        NA   NA        NA        NA   NA   NA   NA   NA         NA
[39,]        NA   NA        NA        NA   NA   NA   NA   NA         NA
[40,]        NA   NA        NA        NA    0   NA   NA    0         NA
[41,]        NA    0        NA        NA   NA    0    0    0         NA
[42,]        NA    0        NA        NA    0    0    0    0         NA
[43,]        NA   NA        NA        NA   NA   NA   NA   NA         NA
[44,]        NA   NA        NA 3.9243878   NA   NA   NA   NA         NA
[45,]        NA   NA        NA        NA   NA   NA   NA   NA         NA
[46,] 0.1813943    0        NA        NA   NA   NA    0    0 0.08629204
[47,]        NA   NA        NA        NA   NA   NA   NA   NA         NA
[48,] 0.0390522   NA        NA        NA   NA   NA   NA   NA         NA
[49,]        NA    0        NA        NA   NA   NA   NA   NA         NA
[50,]        NA   NA        NA        NA   NA    0   NA   NA         NA

$Bdatesampinfo
      DATE JULIAN N Mean Stdev
1 08/02/11   2040 4   NA    NA
2 09/16/11   2085 7   NA    NA
3 10/23/11   2122 6   NA    NA
4 11/13/11   2143 6   NA    NA
5 01/01/12   2192 6   NA    NA
6 02/10/12   2232 5   NA    NA
7 03/27/12   2278 6   NA    NA
8 04/01/12   2283 3   NA    NA
9 06/19/12   2362 6   NA    NA

$Ndatesampinfo
      DATE JULIAN N Mean Stdev
1 08/02/11   2040 4   NA    NA
2 09/16/11   2085 7   NA    NA
3 10/23/11   2122 6   NA    NA
4 11/13/11   2143 6   NA    NA
5 01/01/12   2192 6   NA    NA
6 02/10/12   2232 5   NA    NA
7 03/27/12   2278 6   NA    NA
8 04/01/12   2283 3   NA    NA
9 06/19/12   2362 6   NA    NA

$Bdateboots
            [,1] [,2] [,3]      [,4] [,5] [,6] [,7] [,8] [,9]
 [1,] 0.00000000    0    0 1.0350545    0    0    0    0    0
 [2,] 0.00000000    0    0 0.0000000    0    0    0    0    0
 [3,] 0.00000000    0    0 0.0000000    0    0    0    0    0
 [4,] 0.03761271    0    0 0.0000000    0    0    0    0    0
 [5,] 0.00000000    0    0 0.9463179    0    0    0    0    0
 [6,] 0.00000000    0    0 1.0107325    0    0    0    0    0
 [7,] 0.00000000    0    0 0.9463179    0    0    0    0    0
 [8,] 0.00000000    0    0 2.4259337    0    0    0    0    0
 [9,] 0.00000000    0    0 0.0000000    0    0    0    0    0
[10,] 0.00000000    0    0 0.0000000    0    0    0    0    0
[11,] 0.00000000    0    0 0.0000000    0    0    0    0    0
[12,] 0.00000000    0    0 0.0000000    0    0    0    0    0
[13,] 0.00000000    0    0 0.0000000    0    0    0    0    0
[14,] 0.00000000    0    0 0.0000000    0    0    0    0    0
[15,] 0.00000000    0    0 0.0000000    0    0    0    0    0
[16,] 0.00000000    0    0 0.2508783    0    0    0    0    0
[17,] 0.00000000    0    0 0.9864106    0    0    0    0    0
[18,] 0.10206034    0    0 1.5282598    0    0    0    0    0
[19,] 0.04300160    0    0 0.0000000    0    0    0    0    0
[20,] 0.00000000    0    0 0.0000000    0    0    0    0    0
[21,] 0.00000000    0    0 0.0000000    0    0    0    0    0
[22,] 0.06444764    0    0 0.0000000    0    0    0    0    0
[23,] 0.00000000    0    0 0.0000000    0    0    0    0    0
[24,] 0.00000000    0    0 0.0000000    0    0    0    0    0
[25,] 0.07522541    0    0 1.7061721    0    0    0    0    0
[26,] 0.00000000    0    0 0.9706399    0    0    0    0    0
[27,] 0.03761271    0    0 0.4774346    0    0    0    0    0
[28,] 0.01616667    0    0 0.0000000    0    0    0    0    0
[29,] 0.00000000    0    0 0.0000000    0    0    0    0    0
[30,] 0.00000000    0    0 0.0000000    0    0    0    0    0
[31,] 0.00000000    0    0 0.0000000    0    0    0    0    0
[32,] 0.00000000    0    0 0.0000000    0    0    0    0    0
[33,] 0.00000000    0    0 0.0000000    0    0    0    0    0
[34,] 0.00000000    0    0 0.0000000    0    0    0    0    0
[35,] 0.01077778    0    0 0.0000000    0    0    0    0    0
[36,] 0.00000000    0    0 0.9463179    0    0    0    0    0
[37,] 0.00000000    0    0 0.0000000    0    0    0    0    0
[38,] 0.04300160    0    0 0.2995222    0    0    0    0    0
[39,] 0.00000000    0    0 0.0000000    0    0    0    0    0
[40,] 0.09667145    0    0 0.0000000    0    0    0    0    0
[41,] 0.00000000    0    0 0.0000000    0    0    0    0    0
[42,] 0.00000000    0    0 0.0000000    0    0    0    0    0
[43,] 0.01616667    0    0 0.0000000    0    0    0    0    0
[44,] 0.00000000    0    0 1.9971431    0    0    0    0    0
[45,] 0.04300160    0    0 0.0000000    0    0    0    0    0
[46,] 0.06444764    0    0 0.0000000    0    0    0    0    0
[47,] 0.03222382    0    0 0.0000000    0    0    0    0    0
[48,] 0.01077778    0    0 0.0000000    0    0    0    0    0
[49,] 0.00000000    0    0 0.0000000    0    0    0    0    0
[50,] 0.00000000    0    0 0.0000000    0    0    0    0    0

$Ndateboots
           [,1] [,2] [,3]      [,4] [,5] [,6] [,7] [,8] [,9]
 [1,]  0.000000    0    0  48.14815    0    0    0    0    0
 [2,]  0.000000    0    0   0.00000    0    0    0    0    0
 [3,]  0.000000    0    0   0.00000    0    0    0    0    0
 [4,] 11.111111    0    0   0.00000    0    0    0    0    0
 [5,]  0.000000    0    0  48.14815    0    0    0    0    0
 [6,]  0.000000    0    0  42.59259    0    0    0    0    0
 [7,]  0.000000    0    0  48.14815    0    0    0    0    0
 [8,]  0.000000    0    0 103.70370    0    0    0    0    0
 [9,]  0.000000    0    0   0.00000    0    0    0    0    0
[10,]  0.000000    0    0   0.00000    0    0    0    0    0
[11,]  0.000000    0    0   0.00000    0    0    0    0    0
[12,]  0.000000    0    0   0.00000    0    0    0    0    0
[13,]  0.000000    0    0   0.00000    0    0    0    0    0
[14,]  0.000000    0    0   0.00000    0    0    0    0    0
[15,]  0.000000    0    0   0.00000    0    0    0    0    0
[16,]  0.000000    0    0  20.37037    0    0    0    0    0
[17,]  0.000000    0    0  37.03704    0    0    0    0    0
[18,] 27.777778    0    0  66.66667    0    0    0    0    0
[19,] 13.888889    0    0   0.00000    0    0    0    0    0
[20,]  0.000000    0    0   0.00000    0    0    0    0    0
[21,]  0.000000    0    0   0.00000    0    0    0    0    0
[22,] 16.666667    0    0   0.00000    0    0    0    0    0
[23,]  0.000000    0    0   0.00000    0    0    0    0    0
[24,]  0.000000    0    0   0.00000    0    0    0    0    0
[25,] 22.222222    0    0  70.37037    0    0    0    0    0
[26,]  0.000000    0    0  53.70370    0    0    0    0    0
[27,] 11.111111    0    0  35.18519    0    0    0    0    0
[28,]  8.333333    0    0   0.00000    0    0    0    0    0
[29,]  0.000000    0    0   0.00000    0    0    0    0    0
[30,]  0.000000    0    0   0.00000    0    0    0    0    0
[31,]  0.000000    0    0   0.00000    0    0    0    0    0
[32,]  0.000000    0    0   0.00000    0    0    0    0    0
[33,]  0.000000    0    0   0.00000    0    0    0    0    0
[34,]  0.000000    0    0   0.00000    0    0    0    0    0
[35,]  5.555556    0    0   0.00000    0    0    0    0    0
[36,]  0.000000    0    0  48.14815    0    0    0    0    0
[37,]  0.000000    0    0   0.00000    0    0    0    0    0
[38,] 13.888889    0    0  31.48148    0    0    0    0    0
[39,]  0.000000    0    0   0.00000    0    0    0    0    0
[40,] 25.000000    0    0   0.00000    0    0    0    0    0
[41,]  0.000000    0    0   0.00000    0    0    0    0    0
[42,]  0.000000    0    0   0.00000    0    0    0    0    0
[43,]  8.333333    0    0   0.00000    0    0    0    0    0
[44,]  0.000000    0    0  79.62963    0    0    0    0    0
[45,] 13.888889    0    0   0.00000    0    0    0    0    0
[46,] 16.666667    0    0   0.00000    0    0    0    0    0
[47,]  8.333333    0    0   0.00000    0    0    0    0    0
[48,]  5.555556    0    0   0.00000    0    0    0    0    0
[49,]  0.000000    0    0   0.00000    0    0    0    0    0
[50,]  0.000000    0    0   0.00000    0    0    0    0    0

