$totdays
[1] 365

$Psampest
[1] 0.2236274

$Pbootest
     Mean      2.5%       50%     97.5% 
0.6394141 0.0000000 0.8597972 1.3070521 

$Pboots
 [1] 0.2236274 1.3070521 0.0000000 0.2236274 0.0000000 0.8597972 0.0000000 0.2236274
 [9] 0.2236274 0.8597972 0.8597972 0.8597972 1.0834246 0.8597972 1.0834246 0.4472549
[17] 0.0000000 1.5306795 0.2236274 0.8597972 1.0834246 1.0834246 1.0834246 0.8597972
[25] 1.0834246 0.0000000 0.2236274 0.8597972 1.3070521 0.0000000 1.0834246 0.6708823
[33] 1.0834246 0.8597972 0.8597972 0.2236274 0.0000000 0.4472549 0.2236274 0.2236274
[41] 1.3070521 0.8597972 0.2236274 1.3070521 0.0000000 0.4472549 0.8597972 0.0000000
[49] 0.6708823 1.3070521

$Bboots
 [1] 0.04968280 0.24841398 0.00000000 0.04968280 0.00000000 0.14904839 0.00000000
 [8] 0.04968280 0.04968280 0.14904839 0.14904839 0.14904839 0.19873118 0.14904839
[15] 0.19873118 0.09936559 0.00000000 0.29809677 0.04968280 0.14904839 0.19873118
[22] 0.19873118 0.19873118 0.14904839 0.19873118 0.00000000 0.04968280 0.14904839
[29] 0.24841398 0.00000000 0.19873118 0.14904839 0.19873118 0.14904839 0.14904839
[36] 0.04968280 0.00000000 0.09936559 0.04968280 0.04968280 0.24841398 0.14904839
[43] 0.04968280 0.24841398 0.00000000 0.09936559 0.14904839 0.00000000 0.14904839
[50] 0.24841398

$Nboots
 [1] 0.2314815 1.1574074 0.0000000 0.2314815 0.0000000 0.6944444 0.0000000 0.2314815
 [9] 0.2314815 0.6944444 0.6944444 0.6944444 0.9259259 0.6944444 0.9259259 0.4629630
[17] 0.0000000 1.3888889 0.2314815 0.6944444 0.9259259 0.9259259 0.9259259 0.6944444
[25] 0.9259259 0.0000000 0.2314815 0.6944444 1.1574074 0.0000000 0.9259259 0.6944444
[33] 0.9259259 0.6944444 0.6944444 0.2314815 0.0000000 0.4629630 0.2314815 0.2314815
[41] 1.1574074 0.6944444 0.2314815 1.1574074 0.0000000 0.4629630 0.6944444 0.0000000
[49] 0.6944444 1.1574074

$julians
[1] 2040 2085 2122 2143 2192 2232 2278 2283 2362

$intdays
[1] 45 37 21 49 40 46  5 79 43

$Pintsampest
[1] 0.09697747 0.08032791 0.00000000 0.00000000 0.00000000 0.00000000 0.00000000
[8] 0.00000000 0.04632206

$Pintboots
            [,1]       [,2] [,3] [,4] [,5] [,6] [,7] [,8]       [,9]
 [1,] 0.09697747 0.08032791    0    0    0    0    0    0 0.04632206
 [2,] 0.77581975 0.16065582    0    0    0    0    0    0 0.37057650
 [3,] 0.00000000 0.00000000    0    0    0    0    0    0 0.00000000
 [4,] 0.09697747 0.08032791    0    0    0    0    0    0 0.04632206
 [5,] 0.00000000 0.00000000    0    0    0    0    0    0 0.00000000
 [6,] 0.58186481 0.00000000    0    0    0    0    0    0 0.27793237
 [7,] 0.00000000 0.00000000    0    0    0    0    0    0 0.00000000
 [8,] 0.09697747 0.08032791    0    0    0    0    0    0 0.04632206
 [9,] 0.09697747 0.08032791    0    0    0    0    0    0 0.04632206
[10,] 0.58186481 0.00000000    0    0    0    0    0    0 0.27793237
[11,] 0.58186481 0.00000000    0    0    0    0    0    0 0.27793237
[12,] 0.58186481 0.00000000    0    0    0    0    0    0 0.27793237
[13,] 0.67884228 0.08032791    0    0    0    0    0    0 0.32425444
[14,] 0.58186481 0.00000000    0    0    0    0    0    0 0.27793237
[15,] 0.67884228 0.08032791    0    0    0    0    0    0 0.32425444
[16,] 0.19395494 0.16065582    0    0    0    0    0    0 0.09264412
[17,] 0.00000000 0.00000000    0    0    0    0    0    0 0.00000000
[18,] 0.87279722 0.24098373    0    0    0    0    0    0 0.41689856
[19,] 0.09697747 0.08032791    0    0    0    0    0    0 0.04632206
[20,] 0.58186481 0.00000000    0    0    0    0    0    0 0.27793237
[21,] 0.67884228 0.08032791    0    0    0    0    0    0 0.32425444
[22,] 0.67884228 0.08032791    0    0    0    0    0    0 0.32425444
[23,] 0.67884228 0.08032791    0    0    0    0    0    0 0.32425444
[24,] 0.58186481 0.00000000    0    0    0    0    0    0 0.27793237
[25,] 0.67884228 0.08032791    0    0    0    0    0    0 0.32425444
[26,] 0.00000000 0.00000000    0    0    0    0    0    0 0.00000000
[27,] 0.09697747 0.08032791    0    0    0    0    0    0 0.04632206
[28,] 0.58186481 0.00000000    0    0    0    0    0    0 0.27793237
[29,] 0.77581975 0.16065582    0    0    0    0    0    0 0.37057650
[30,] 0.00000000 0.00000000    0    0    0    0    0    0 0.00000000
[31,] 0.67884228 0.08032791    0    0    0    0    0    0 0.32425444
[32,] 0.29093241 0.24098373    0    0    0    0    0    0 0.13896619
[33,] 0.67884228 0.08032791    0    0    0    0    0    0 0.32425444
[34,] 0.58186481 0.00000000    0    0    0    0    0    0 0.27793237
[35,] 0.58186481 0.00000000    0    0    0    0    0    0 0.27793237
[36,] 0.09697747 0.08032791    0    0    0    0    0    0 0.04632206
[37,] 0.00000000 0.00000000    0    0    0    0    0    0 0.00000000
[38,] 0.19395494 0.16065582    0    0    0    0    0    0 0.09264412
[39,] 0.09697747 0.08032791    0    0    0    0    0    0 0.04632206
[40,] 0.09697747 0.08032791    0    0    0    0    0    0 0.04632206
[41,] 0.77581975 0.16065582    0    0    0    0    0    0 0.37057650
[42,] 0.58186481 0.00000000    0    0    0    0    0    0 0.27793237
[43,] 0.09697747 0.08032791    0    0    0    0    0    0 0.04632206
[44,] 0.77581975 0.16065582    0    0    0    0    0    0 0.37057650
[45,] 0.00000000 0.00000000    0    0    0    0    0    0 0.00000000
[46,] 0.19395494 0.16065582    0    0    0    0    0    0 0.09264412
[47,] 0.58186481 0.00000000    0    0    0    0    0    0 0.27793237
[48,] 0.00000000 0.00000000    0    0    0    0    0    0 0.00000000
[49,] 0.29093241 0.24098373    0    0    0    0    0    0 0.13896619
[50,] 0.77581975 0.16065582    0    0    0    0    0    0 0.37057650

$Bdatesampinfo
      DATE JULIAN N      Mean   Stdev
1 08/02/11   2040 1 0.0000000      NA
2 09/16/11   2085 6 0.3974624 0.97358
3 10/23/11   2122 5 0.0000000 0.00000
4 11/13/11   2143 5 0.0000000 0.00000
5 01/01/12   2192 5 0.0000000 0.00000
6 02/10/12   2232 4 0.0000000 0.00000
7 03/27/12   2278 5 0.0000000 0.00000
8 04/01/12   2283 2 0.0000000 0.00000
9 06/19/12   2362 5 0.0000000 0.00000

$Ndatesampinfo
      DATE JULIAN N     Mean    Stdev
1 08/02/11   2040 1 0.000000       NA
2 09/16/11   2085 6 1.851852 4.536092
3 10/23/11   2122 5 0.000000 0.000000
4 11/13/11   2143 5 0.000000 0.000000
5 01/01/12   2192 5 0.000000 0.000000
6 02/10/12   2232 4 0.000000 0.000000
7 03/27/12   2278 5 0.000000 0.000000
8 04/01/12   2283 2 0.000000 0.000000
9 06/19/12   2362 5 0.000000 0.000000

$Bdateboots
          [,1]      [,2] [,3] [,4] [,5] [,6] [,7] [,8] [,9]
 [1,] 0.000000 0.3974624    0    0    0    0    0    0    0
 [2,] 2.384774 0.7949247    0    0    0    0    0    0    0
 [3,] 0.000000 0.0000000    0    0    0    0    0    0    0
 [4,] 0.000000 0.3974624    0    0    0    0    0    0    0
 [5,] 0.000000 0.0000000    0    0    0    0    0    0    0
 [6,] 2.384774 0.0000000    0    0    0    0    0    0    0
 [7,] 0.000000 0.0000000    0    0    0    0    0    0    0
 [8,] 0.000000 0.3974624    0    0    0    0    0    0    0
 [9,] 0.000000 0.3974624    0    0    0    0    0    0    0
[10,] 2.384774 0.0000000    0    0    0    0    0    0    0
[11,] 2.384774 0.0000000    0    0    0    0    0    0    0
[12,] 2.384774 0.0000000    0    0    0    0    0    0    0
[13,] 2.384774 0.3974624    0    0    0    0    0    0    0
[14,] 2.384774 0.0000000    0    0    0    0    0    0    0
[15,] 2.384774 0.3974624    0    0    0    0    0    0    0
[16,] 0.000000 0.7949247    0    0    0    0    0    0    0
[17,] 0.000000 0.0000000    0    0    0    0    0    0    0
[18,] 2.384774 1.1923871    0    0    0    0    0    0    0
[19,] 0.000000 0.3974624    0    0    0    0    0    0    0
[20,] 2.384774 0.0000000    0    0    0    0    0    0    0
[21,] 2.384774 0.3974624    0    0    0    0    0    0    0
[22,] 2.384774 0.3974624    0    0    0    0    0    0    0
[23,] 2.384774 0.3974624    0    0    0    0    0    0    0
[24,] 2.384774 0.0000000    0    0    0    0    0    0    0
[25,] 2.384774 0.3974624    0    0    0    0    0    0    0
[26,] 0.000000 0.0000000    0    0    0    0    0    0    0
[27,] 0.000000 0.3974624    0    0    0    0    0    0    0
[28,] 2.384774 0.0000000    0    0    0    0    0    0    0
[29,] 2.384774 0.7949247    0    0    0    0    0    0    0
[30,] 0.000000 0.0000000    0    0    0    0    0    0    0
[31,] 2.384774 0.3974624    0    0    0    0    0    0    0
[32,] 0.000000 1.1923871    0    0    0    0    0    0    0
[33,] 2.384774 0.3974624    0    0    0    0    0    0    0
[34,] 2.384774 0.0000000    0    0    0    0    0    0    0
[35,] 2.384774 0.0000000    0    0    0    0    0    0    0
[36,] 0.000000 0.3974624    0    0    0    0    0    0    0
[37,] 0.000000 0.0000000    0    0    0    0    0    0    0
[38,] 0.000000 0.7949247    0    0    0    0    0    0    0
[39,] 0.000000 0.3974624    0    0    0    0    0    0    0
[40,] 0.000000 0.3974624    0    0    0    0    0    0    0
[41,] 2.384774 0.7949247    0    0    0    0    0    0    0
[42,] 2.384774 0.0000000    0    0    0    0    0    0    0
[43,] 0.000000 0.3974624    0    0    0    0    0    0    0
[44,] 2.384774 0.7949247    0    0    0    0    0    0    0
[45,] 0.000000 0.0000000    0    0    0    0    0    0    0
[46,] 0.000000 0.7949247    0    0    0    0    0    0    0
[47,] 2.384774 0.0000000    0    0    0    0    0    0    0
[48,] 0.000000 0.0000000    0    0    0    0    0    0    0
[49,] 0.000000 1.1923871    0    0    0    0    0    0    0
[50,] 2.384774 0.7949247    0    0    0    0    0    0    0

$Ndateboots
          [,1]     [,2] [,3] [,4] [,5] [,6] [,7] [,8] [,9]
 [1,]  0.00000 1.851852    0    0    0    0    0    0    0
 [2,] 11.11111 3.703704    0    0    0    0    0    0    0
 [3,]  0.00000 0.000000    0    0    0    0    0    0    0
 [4,]  0.00000 1.851852    0    0    0    0    0    0    0
 [5,]  0.00000 0.000000    0    0    0    0    0    0    0
 [6,] 11.11111 0.000000    0    0    0    0    0    0    0
 [7,]  0.00000 0.000000    0    0    0    0    0    0    0
 [8,]  0.00000 1.851852    0    0    0    0    0    0    0
 [9,]  0.00000 1.851852    0    0    0    0    0    0    0
[10,] 11.11111 0.000000    0    0    0    0    0    0    0
[11,] 11.11111 0.000000    0    0    0    0    0    0    0
[12,] 11.11111 0.000000    0    0    0    0    0    0    0
[13,] 11.11111 1.851852    0    0    0    0    0    0    0
[14,] 11.11111 0.000000    0    0    0    0    0    0    0
[15,] 11.11111 1.851852    0    0    0    0    0    0    0
[16,]  0.00000 3.703704    0    0    0    0    0    0    0
[17,]  0.00000 0.000000    0    0    0    0    0    0    0
[18,] 11.11111 5.555556    0    0    0    0    0    0    0
[19,]  0.00000 1.851852    0    0    0    0    0    0    0
[20,] 11.11111 0.000000    0    0    0    0    0    0    0
[21,] 11.11111 1.851852    0    0    0    0    0    0    0
[22,] 11.11111 1.851852    0    0    0    0    0    0    0
[23,] 11.11111 1.851852    0    0    0    0    0    0    0
[24,] 11.11111 0.000000    0    0    0    0    0    0    0
[25,] 11.11111 1.851852    0    0    0    0    0    0    0
[26,]  0.00000 0.000000    0    0    0    0    0    0    0
[27,]  0.00000 1.851852    0    0    0    0    0    0    0
[28,] 11.11111 0.000000    0    0    0    0    0    0    0
[29,] 11.11111 3.703704    0    0    0    0    0    0    0
[30,]  0.00000 0.000000    0    0    0    0    0    0    0
[31,] 11.11111 1.851852    0    0    0    0    0    0    0
[32,]  0.00000 5.555556    0    0    0    0    0    0    0
[33,] 11.11111 1.851852    0    0    0    0    0    0    0
[34,] 11.11111 0.000000    0    0    0    0    0    0    0
[35,] 11.11111 0.000000    0    0    0    0    0    0    0
[36,]  0.00000 1.851852    0    0    0    0    0    0    0
[37,]  0.00000 0.000000    0    0    0    0    0    0    0
[38,]  0.00000 3.703704    0    0    0    0    0    0    0
[39,]  0.00000 1.851852    0    0    0    0    0    0    0
[40,]  0.00000 1.851852    0    0    0    0    0    0    0
[41,] 11.11111 3.703704    0    0    0    0    0    0    0
[42,] 11.11111 0.000000    0    0    0    0    0    0    0
[43,]  0.00000 1.851852    0    0    0    0    0    0    0
[44,] 11.11111 3.703704    0    0    0    0    0    0    0
[45,]  0.00000 0.000000    0    0    0    0    0    0    0
[46,]  0.00000 3.703704    0    0    0    0    0    0    0
[47,] 11.11111 0.000000    0    0    0    0    0    0    0
[48,]  0.00000 0.000000    0    0    0    0    0    0    0
[49,]  0.00000 5.555556    0    0    0    0    0    0    0
[50,] 11.11111 3.703704    0    0    0    0    0    0    0

