$totdays
[1] 365

$Psampest
[1] NA

$Pbootest
     Mean      2.5%       50%     97.5% 
 9.883679  0.000000  2.823923 74.416589 

$Pboots
 [1]  9.343695  0.000000 75.376637 53.265191  3.115938  7.221002  0.000000  0.000000
 [9]  2.878740  4.767216  0.000000  7.826104  8.398696  0.000000  8.797048  0.000000
[17]  0.000000  5.431563  2.228145  0.000000  0.000000 10.290999 11.464834  9.092458
[25]  0.000000  6.203676  6.810106  6.387119  0.000000  0.000000  5.242939  1.114966
[33]  0.000000  0.000000  2.192200  0.000000  5.627216 71.109755  3.769973  0.000000
[41] 11.847364 84.593042  0.000000  0.000000  0.000000 10.501768  2.769106 56.516464
[49]  0.000000  0.000000

$Bboots
 [1] 0.34214901 0.00000000 1.59365729 1.00115141 0.12699529 0.28790750 0.00000000
 [8] 0.00000000 0.11769087 0.15103233 0.00000000 0.27934256 0.31260751 0.00000000
[15] 0.25778109 0.00000000 0.00000000 0.20152440 0.94347969 0.00000000 0.00000000
[22] 0.33132104 0.41558046 0.26089119 0.00000000 0.14337376 0.77865992 0.22939094
[29] 0.00000000 0.00000000 0.12438543 0.04968968 0.00000000 0.00000000 0.06600245
[36] 0.00000000 0.13849091 1.49042584 0.13243932 0.00000000 0.37971293 1.60410088
[43] 0.00000000 0.00000000 0.00000000 0.35850673 1.30894285 1.03937185 0.00000000
[50] 0.00000000

$Nboots
 [1]  40.833333   0.000000 104.745370  67.361111  12.013889  22.321429   0.000000
 [8]   0.000000  15.300926   9.308862   0.000000  39.768519  37.500000   0.000000
[15]  38.865741   0.000000   0.000000  27.037037  62.731481   0.000000   0.000000
[22]  22.536376  19.775132  43.935185   0.000000  21.643519  81.087963  26.696429
[29]   0.000000   0.000000  17.361111   9.490741   0.000000   0.000000   6.927910
[36]   0.000000  17.476852  88.287037  15.972222   0.000000  52.245370 113.773148
[43]   0.000000   0.000000   0.000000  21.957672  69.444444  73.148148   0.000000
[50]   0.000000

$julians
[1] 2040 2085 2122 2143 2192 2232 2278 2283 2362

$intdays
[1] 45 37 21 49 40 46  5 79 43

$Pintsampest
[1] NA NA NA NA NA NA NA NA NA

$Pintboots
           [,1]     [,2]     [,3]     [,4]     [,5]     [,6]     [,7]     [,8] [,9]
 [1,]        NA 2.282965       NA       NA 3.292566 3.768164       NA       NA   NA
 [2,]        NA       NA       NA       NA       NA       NA       NA       NA   NA
 [3,]        NA       NA 1.639232 4.668381       NA       NA       NA 69.06902   NA
 [4,]        NA       NA       NA       NA       NA       NA       NA 53.26519   NA
 [5,]        NA       NA       NA       NA       NA 3.115938       NA       NA   NA
 [6,]        NA 4.941778 2.279224       NA       NA       NA       NA       NA   NA
 [7,]        NA       NA       NA       NA       NA       NA       NA       NA   NA
 [8,]        NA       NA       NA       NA       NA       NA       NA       NA   NA
 [9,]        NA       NA       NA       NA 2.878740       NA       NA       NA   NA
[10,]  4.767216       NA       NA       NA       NA       NA       NA       NA   NA
[11,]        NA       NA       NA       NA       NA       NA       NA       NA   NA
[12,]        NA       NA       NA       NA 4.028587 3.797517       NA       NA   NA
[13,]        NA       NA 2.110707 3.652307 2.635682       NA       NA       NA   NA
[14,]        NA       NA       NA       NA       NA       NA       NA       NA   NA
[15,]        NA       NA       NA 4.206474 2.365977 2.224597       NA       NA   NA
[16,]        NA       NA       NA       NA       NA       NA       NA       NA   NA
[17,]        NA       NA       NA       NA       NA       NA       NA       NA   NA
[18,]        NA       NA       NA       NA 2.127602 3.303961       NA       NA   NA
[19,]        NA       NA       NA       NA       NA       NA 2.228145       NA   NA
[20,]        NA       NA       NA       NA       NA       NA       NA       NA   NA
[21,]        NA       NA       NA       NA       NA       NA       NA       NA   NA
[22,]  6.203400 4.087598       NA       NA       NA       NA       NA       NA   NA
[23,] 11.464834       NA       NA       NA       NA       NA       NA       NA   NA
[24,]        NA       NA       NA 3.911735 2.648975 2.531748       NA       NA   NA
[25,]        NA       NA       NA       NA       NA       NA       NA       NA   NA
[26,]        NA       NA       NA 6.203676       NA       NA       NA       NA   NA
[27,]        NA       NA 1.714819       NA       NA 3.418133 1.677155       NA   NA
[28,]        NA 2.747646       NA       NA 3.639473       NA       NA       NA   NA
[29,]        NA       NA       NA       NA       NA       NA       NA       NA   NA
[30,]        NA       NA       NA       NA       NA       NA       NA       NA   NA
[31,]        NA       NA       NA 5.242939       NA       NA       NA       NA   NA
[32,]        NA       NA 1.114966       NA       NA       NA       NA       NA   NA
[33,]        NA       NA       NA       NA       NA       NA       NA       NA   NA
[34,]        NA       NA       NA       NA       NA       NA       NA       NA   NA
[35,]        NA 2.192200       NA       NA       NA       NA       NA       NA   NA
[36,]        NA       NA       NA       NA       NA       NA       NA       NA   NA
[37,]        NA       NA       NA 5.627216       NA       NA       NA       NA   NA
[38,]        NA       NA       NA       NA 2.564290       NA       NA 68.54546   NA
[39,]        NA       NA       NA       NA       NA 3.769973       NA       NA   NA
[40,]        NA       NA       NA       NA       NA       NA       NA       NA   NA
[41,]        NA       NA       NA 5.563620 3.589923 2.693822       NA       NA   NA
[42,]        NA       NA       NA       NA       NA       NA       NA 84.59304   NA
[43,]        NA       NA       NA       NA       NA       NA       NA       NA   NA
[44,]        NA       NA       NA       NA       NA       NA       NA       NA   NA
[45,]        NA       NA       NA       NA       NA       NA       NA       NA   NA
[46,]  7.548410 2.953358       NA       NA       NA       NA       NA       NA   NA
[47,]        NA       NA       NA       NA       NA       NA 2.769106       NA   NA
[48,]        NA       NA       NA       NA       NA       NA       NA 56.51646   NA
[49,]        NA       NA       NA       NA       NA       NA       NA       NA   NA
[50,]        NA       NA       NA       NA       NA       NA       NA       NA   NA

$Bdatesampinfo
      DATE JULIAN N Mean Stdev
1 08/02/11   2040 6   NA    NA
2 09/16/11   2085 7   NA    NA
3 10/23/11   2122 6   NA    NA
4 11/13/11   2143 6   NA    NA
5 01/01/12   2192 6   NA    NA
6 02/10/12   2232 5   NA    NA
7 03/27/12   2278 6   NA    NA
8 04/01/12   2283 3   NA    NA
9 06/19/12   2362 6   NA    NA

$Ndatesampinfo
      DATE JULIAN N Mean Stdev
1 08/02/11   2040 6   NA    NA
2 09/16/11   2085 7   NA    NA
3 10/23/11   2122 6   NA    NA
4 11/13/11   2143 6   NA    NA
5 01/01/12   2192 6   NA    NA
6 02/10/12   2232 5   NA    NA
7 03/27/12   2278 6   NA    NA
8 04/01/12   2283 3   NA    NA
9 06/19/12   2362 6   NA    NA

$Bdateboots
           [,1]      [,2]       [,3]      [,4]      [,5]      [,6]      [,7]      [,8]
 [1,] 0.0000000 0.4061926 0.70392633 0.0000000 1.1177980 1.0239110 1.1986453  0.000000
 [2,] 0.0000000 0.0000000 0.00000000 0.0000000 0.0000000 0.0000000 0.0000000  0.000000
 [3,] 0.0000000 0.0000000 0.84787538 0.4712333 1.2342457 0.0000000 0.0000000 19.584509
 [4,] 0.0000000 0.0000000 0.00000000 0.0000000 0.0000000 0.6966874 0.0000000 13.815342
 [5,] 0.0000000 0.0000000 0.00000000 0.6482769 0.0000000 0.4938614 1.5380632  0.000000
 [6,] 0.0000000 1.4671703 1.11995454 0.8994407 0.0000000 0.0000000 1.1013237  0.000000
 [7,] 0.0000000 0.7196198 0.00000000 0.0000000 1.3464444 0.0000000 0.0000000  0.000000
 [8,] 2.3532399 0.0000000 0.00000000 0.0000000 0.0000000 0.6182591 0.0000000  0.000000
 [9,] 0.0000000 0.0000000 0.00000000 0.0000000 1.0619689 0.8210850 0.0000000  0.000000
[10,] 1.0428628 1.3736544 0.00000000 0.0000000 0.0000000 1.0239110 0.0000000 13.815342
[11,] 0.0000000 0.0000000 0.00000000 0.0000000 0.0000000 0.0000000 0.0000000  0.000000
[12,] 0.0000000 0.0000000 0.81636822 0.0000000 1.6875753 0.6708207 1.4402643  0.000000
[13,] 0.0000000 0.0000000 1.34483833 0.5382535 0.9418437 0.6966874 0.0000000  0.000000
[14,] 0.0000000 1.5484719 0.00000000 0.0000000 0.0000000 0.0000000 0.0000000  0.000000
[15,] 2.8692825 0.0000000 0.00000000 0.6195787 0.9381663 0.3435971 0.9413921  0.000000
[16,] 0.0000000 0.0000000 0.00000000 0.0000000 0.0000000 1.2534319 0.0000000  0.000000
[17,] 0.0000000 0.9800241 0.00000000 0.0000000 0.0000000 0.0000000 0.0000000  0.000000
[18,] 0.0000000 0.0000000 0.06301433 0.0000000 0.5865434 0.6708207 1.2962056  0.000000
[19,] 0.0000000 0.0000000 0.00000000 0.0000000 1.8700584 0.0000000 1.2803327 13.815342
[20,] 0.0000000 0.0000000 0.00000000 0.0000000 0.9381663 0.0000000 1.1830111  0.000000
[21,] 5.0987845 0.0000000 1.11995454 0.0000000 1.9267137 0.0000000 1.8111893  0.000000
[22,] 1.9537501 1.3217301 0.70392633 0.0000000 0.0000000 0.0000000 0.7497147  0.000000
[23,] 6.1832414 0.4660459 0.00000000 0.4927463 0.0000000 0.0000000 0.5739102  0.000000
[24,] 3.5542495 0.0000000 0.00000000 0.4497629 0.9948216 0.3953304 0.9441923  0.000000
[25,] 0.0000000 1.1175352 0.00000000 0.0000000 1.6385607 0.0000000 0.0000000  0.000000
[26,] 0.0000000 0.0000000 0.00000000 0.6554195 1.6385607 0.0000000 1.5661272  0.000000
[27,] 0.0000000 0.0000000 0.59148444 0.8635999 0.0000000 0.7233823 1.1169580  8.046176
[28,] 0.0000000 0.3206057 1.15146171 0.0000000 1.3504077 0.8477800 0.0000000  0.000000
[29,] 0.0000000 0.4232525 0.00000000 0.2655342 0.0000000 0.3435971 0.0000000  0.000000
[30,] 0.7491479 0.0000000 0.00000000 0.0000000 0.0000000 0.0000000 0.0000000 19.584509
[31,] 5.6743841 0.0000000 0.00000000 0.4640907 1.5260762 0.0000000 0.0000000  0.000000
[32,] 0.0000000 0.0000000 0.17545622 0.6195787 0.0000000 0.7492490 0.0000000  0.000000
[33,] 0.0000000 1.0025710 0.00000000 0.0000000 0.0000000 0.0000000 0.0000000  0.000000
[34,] 0.0000000 0.0000000 0.00000000 0.0000000 1.8737358 0.0000000 0.0000000  0.000000
[35,] 0.0000000 0.3206057 0.73543349 0.0000000 0.0000000 0.0000000 1.2768896  0.000000
[36,] 0.0000000 1.1120482 0.00000000 0.0000000 0.8151898 0.0000000 1.2490642  0.000000
[37,] 0.0000000 1.0907031 0.00000000 0.6937415 1.5221130 0.0000000 0.0000000  0.000000
[38,] 2.3568325 0.0000000 0.00000000 0.0000000 0.9418437 0.6708207 0.0000000 19.584509
[39,] 0.0000000 0.0000000 0.00000000 0.0000000 0.0000000 0.8736466 1.2453824  0.000000
[40,] 0.0000000 0.0000000 0.00000000 0.0000000 0.0000000 0.0000000 0.7655876  0.000000
[41,] 0.0000000 0.6768264 0.00000000 0.7009267 1.3954590 0.8210850 0.9413921  0.000000
[42,] 0.0000000 0.0000000 0.00000000 0.4784185 0.0000000 0.0000000 0.0000000 19.584509
[43,] 2.7491372 0.0000000 1.26390360 0.0000000 0.0000000 0.7233823 0.0000000  0.000000
[44,] 0.0000000 0.0000000 0.00000000 0.0000000 1.1773047 0.0000000 0.0000000 13.815342
[45,] 0.0000000 0.0000000 0.00000000 0.7081119 0.0000000 0.0000000 0.0000000  0.000000
[46,] 3.5614347 0.7196198 0.73543349 0.0000000 0.0000000 0.6182591 0.0000000  0.000000
[47,] 0.0000000 1.1041192 0.00000000 0.0000000 1.3464444 0.0000000 1.3585770 19.584509
[48,] 0.0000000 0.0000000 0.00000000 0.0000000 0.0000000 0.3694638 0.0000000 13.815342
[49,] 0.0000000 0.0000000 0.00000000 0.5382535 0.0000000 0.0000000 0.0000000 13.815342
[50,] 0.0000000 0.0000000 0.00000000 0.0000000 1.2829746 0.0000000 0.0000000  0.000000
          [,9]
 [1,] 3.458425
 [2,] 0.000000
 [3,] 2.889420
 [4,] 2.203080
 [5,] 0.000000
 [6,] 4.147320
 [7,] 3.077848
 [8,] 0.000000
 [9,] 0.000000
[10,] 0.000000
[11,] 0.000000
[12,] 2.782538
[13,] 0.000000
[14,] 0.000000
[15,] 0.000000
[16,] 4.267210
[17,] 0.000000
[18,] 3.698205
[19,] 0.000000
[20,] 3.897086
[21,] 0.000000
[22,] 0.000000
[23,] 0.000000
[24,] 2.902428
[25,] 0.000000
[26,] 0.000000
[27,] 0.000000
[28,] 0.000000
[29,] 2.652195
[30,] 0.000000
[31,] 0.000000
[32,] 3.884078
[33,] 0.000000
[34,] 3.152661
[35,] 0.000000
[36,] 0.000000
[37,] 2.769530
[38,] 2.649640
[39,] 2.782538
[40,] 0.000000
[41,] 0.000000
[42,] 6.081105
[43,] 0.000000
[44,] 0.000000
[45,] 0.000000
[46,] 0.000000
[47,] 0.000000
[48,] 2.814607
[49,] 0.000000
[50,] 0.000000

$Ndateboots
           [,1]      [,2]      [,3]      [,4]     [,5]      [,6]      [,7]     [,8]
 [1,]   0.00000  44.44444  66.66667   0.00000 146.2963 137.77778 120.37037   0.0000
 [2,]   0.00000   0.00000   0.00000   0.00000   0.0000   0.00000   0.00000   0.0000
 [3,]   0.00000   0.00000 107.40741  75.92593 205.5556   0.00000   0.00000 970.3704
 [4,]   0.00000   0.00000   0.00000   0.00000   0.0000 122.22222   0.00000 874.0741
 [5,]   0.00000   0.00000   0.00000 111.11111   0.0000  97.77778  94.44444   0.0000
 [6,]   0.00000 112.69841  51.85185 140.74074   0.0000   0.00000  83.33333   0.0000
 [7,]   0.00000  57.14286   0.00000   0.00000 188.8889   0.00000   0.00000   0.0000
 [8,] 107.40741   0.00000   0.00000   0.00000   0.0000  88.88889   0.00000   0.0000
 [9,]   0.00000   0.00000   0.00000   0.00000 131.4815 113.33333   0.00000   0.0000
[10,]  53.70370  95.23810   0.00000   0.00000   0.0000 137.77778   0.00000 874.0741
[11,]   0.00000   0.00000   0.00000   0.00000   0.0000   0.00000   0.00000   0.0000
[12,]   0.00000   0.00000  98.14815   0.00000 268.5185 108.88889 150.00000   0.0000
[13,]   0.00000   0.00000 114.81481  77.77778 103.7037 122.22222   0.00000   0.0000
[14,]   0.00000 109.52381   0.00000   0.00000   0.0000   0.00000   0.00000   0.0000
[15,] 131.48148   0.00000   0.00000 101.85185 135.1852  93.33333  62.96296   0.0000
[16,]   0.00000   0.00000   0.00000   0.00000   0.0000 168.88889   0.00000   0.0000
[17,]   0.00000  80.95238   0.00000   0.00000   0.0000   0.00000   0.00000   0.0000
[18,]   0.00000   0.00000  18.51852   0.00000 103.7037 108.88889 111.11111   0.0000
[19,]   0.00000   0.00000   0.00000   0.00000 240.7407   0.00000 129.62963 874.0741
[20,]   0.00000   0.00000   0.00000   0.00000 135.1852   0.00000  92.59259   0.0000
[21,] 227.77778   0.00000  51.85185   0.00000 262.9630   0.00000 133.33333   0.0000
[22,]  90.74074 101.58730  66.66667   0.00000   0.0000   0.00000  79.62963   0.0000
[23,] 270.37037  46.03175   0.00000  81.48148   0.0000   0.00000  77.77778   0.0000
[24,] 157.40741   0.00000   0.00000  75.92593 157.4074 120.00000  72.22222   0.0000
[25,]   0.00000  84.12698   0.00000   0.00000 237.0370   0.00000   0.00000   0.0000
[26,]   0.00000   0.00000   0.00000 109.25926 237.0370   0.00000 105.55556   0.0000
[27,]   0.00000   0.00000  35.18519 133.33333   0.0000 128.88889 111.11111 777.7778
[28,]   0.00000  34.92063  61.11111   0.00000 211.1111 120.00000   0.00000   0.0000
[29,]   0.00000  41.26984   0.00000  37.03704   0.0000  93.33333   0.00000   0.0000
[30,]  38.88889   0.00000   0.00000   0.00000   0.0000   0.00000   0.00000 970.3704
[31,] 250.00000   0.00000   0.00000  77.77778 200.0000   0.00000   0.00000   0.0000
[32,]   0.00000   0.00000  50.00000 101.85185   0.0000 142.22222   0.00000   0.0000
[33,]   0.00000  71.42857   0.00000   0.00000   0.0000   0.00000   0.00000   0.0000
[34,]   0.00000   0.00000   0.00000   0.00000 209.2593   0.00000   0.00000   0.0000
[35,]   0.00000  34.92063  75.92593   0.00000   0.0000   0.00000 131.48148   0.0000
[36,]   0.00000  90.47619   0.00000   0.00000 146.2963   0.00000  74.07407   0.0000
[37,]   0.00000  80.95238   0.00000 101.85185 177.7778   0.00000   0.00000   0.0000
[38,] 109.25926   0.00000   0.00000   0.00000 103.7037 108.88889   0.00000 970.3704
[39,]   0.00000   0.00000   0.00000   0.00000   0.0000 133.33333 122.22222   0.0000
[40,]   0.00000   0.00000   0.00000   0.00000   0.0000   0.00000  61.11111   0.0000
[41,]   0.00000  52.38095   0.00000 105.55556 220.3704 113.33333  62.96296   0.0000
[42,]   0.00000   0.00000   0.00000  79.62963   0.0000   0.00000   0.00000 970.3704
[43,] 122.22222   0.00000  92.59259   0.00000   0.0000 128.88889   0.00000   0.0000
[44,]   0.00000   0.00000   0.00000   0.00000 129.6296   0.00000   0.00000 874.0741
[45,]   0.00000   0.00000   0.00000 109.25926   0.0000   0.00000   0.00000   0.0000
[46,] 161.11111  57.14286  75.92593   0.00000   0.0000  88.88889   0.00000   0.0000
[47,]   0.00000  82.53968   0.00000   0.00000 188.8889   0.00000 140.74074 970.3704
[48,]   0.00000   0.00000   0.00000   0.00000   0.0000 106.66667   0.00000 874.0741
[49,]   0.00000   0.00000   0.00000  77.77778   0.0000   0.00000   0.00000 874.0741
[50,]   0.00000   0.00000   0.00000   0.00000 183.3333   0.00000   0.00000   0.0000
          [,9]
 [1,] 377.7778
 [2,]   0.0000
 [3,] 240.7407
 [4,] 203.7037
 [5,]   0.0000
 [6,] 520.3704
 [7,] 387.0370
 [8,]   0.0000
 [9,]   0.0000
[10,]   0.0000
[11,]   0.0000
[12,] 327.7778
[13,]   0.0000
[14,]   0.0000
[15,]   0.0000
[16,] 525.9259
[17,]   0.0000
[18,] 388.8889
[19,]   0.0000
[20,] 522.2222
[21,]   0.0000
[22,]   0.0000
[23,]   0.0000
[24,] 333.3333
[25,]   0.0000
[26,]   0.0000
[27,]   0.0000
[28,]   0.0000
[29,] 335.1852
[30,]   0.0000
[31,]   0.0000
[32,] 429.6296
[33,]   0.0000
[34,] 331.4815
[35,]   0.0000
[36,]   0.0000
[37,] 235.1852
[38,] 229.6296
[39,] 327.7778
[40,]   0.0000
[41,]   0.0000
[42,] 850.0000
[43,]   0.0000
[44,]   0.0000
[45,]   0.0000
[46,]   0.0000
[47,]   0.0000
[48,] 296.2963
[49,]   0.0000
[50,]   0.0000

