$totdays
[1] 365

$Psampest
[1] NA

$Pbootest
     Mean      2.5%       50%     97.5% 
0.4874175 0.0000000 0.0000000 3.5788759 

$Pboots
 [1] 0.00000000 0.00000000 0.00000000 0.00000000 0.00000000 3.33272284 2.56325657
 [8] 0.00000000 0.00000000 4.00513979 0.00000000 0.00000000 0.00000000 2.07346509
[15] 0.06953007 0.00000000 3.37621723 0.00000000 0.00000000 0.00000000 1.55265973
[22] 0.00000000 0.18149297 0.00000000 0.00000000 0.00000000 0.00000000 0.00000000
[29] 0.00000000 2.02119368 0.00000000 0.00000000 0.00000000 0.03476504 0.00000000
[36] 0.00000000 0.00000000 0.00000000 3.63771225 0.00000000 0.00000000 0.00000000
[43] 0.00000000 0.06953007 1.45318948 0.00000000 0.00000000 0.00000000 0.00000000
[50] 0.00000000

$Bboots
 [1] 0.000000000 0.000000000 0.000000000 0.000000000 0.000000000 0.059900935 0.045966307
 [8] 0.000000000 0.000000000 0.215305684 0.000000000 0.000000000 0.000000000 0.096813943
[15] 0.023537713 0.000000000 0.056067517 0.000000000 0.000000000 0.000000000 0.028854892
[22] 0.000000000 0.004442011 0.000000000 0.000000000 0.000000000 0.000000000 0.000000000
[29] 0.000000000 0.034222830 0.000000000 0.000000000 0.000000000 0.011768856 0.000000000
[36] 0.000000000 0.000000000 0.000000000 0.062468436 0.000000000 0.000000000 0.000000000
[43] 0.000000000 0.023537713 0.064681427 0.000000000 0.000000000 0.000000000 0.000000000
[50] 0.000000000

$Nboots
 [1] 0.0000000 0.0000000 0.0000000 0.0000000 0.0000000 4.9437831 2.5462963 0.0000000
 [9] 0.0000000 4.9272487 0.0000000 0.0000000 0.0000000 2.9761905 1.8518519 0.0000000
[17] 4.1666667 0.0000000 0.0000000 0.0000000 1.3888889 0.0000000 0.7936508 0.0000000
[25] 0.0000000 0.0000000 0.0000000 0.0000000 0.0000000 2.3148148 0.0000000 0.0000000
[33] 0.0000000 0.9259259 0.0000000 0.0000000 0.0000000 0.0000000 4.1666667 0.0000000
[41] 0.0000000 0.0000000 0.0000000 1.8518519 1.3888889 0.0000000 0.0000000 0.0000000
[49] 0.0000000 0.0000000

$julians
[1] 2040 2085 2122 2143 2192 2232 2278 2283 2362

$intdays
[1] 45 37 21 49 40 46  5 79 43

$Pintsampest
[1] NA NA NA NA NA NA NA NA NA

$Pintboots
          [,1]      [,2] [,3] [,4] [,5] [,6]       [,7]     [,8] [,9]
 [1,]       NA        NA    0   NA   NA   NA         NA       NA   NA
 [2,]       NA        NA   NA   NA   NA   NA         NA       NA   NA
 [3,]       NA        NA    0   NA   NA   NA         NA       NA   NA
 [4,]       NA        NA   NA   NA   NA   NA         NA       NA   NA
 [5,]       NA        NA   NA   NA   NA   NA         NA       NA   NA
 [6,]       NA 0.3629859   NA   NA   NA   NA         NA 2.969737   NA
 [7,]       NA        NA   NA   NA   NA   NA         NA 2.563257   NA
 [8,]       NA        NA   NA   NA   NA    0         NA       NA   NA
 [9,]       NA        NA   NA   NA   NA   NA         NA       NA   NA
[10,] 4.005140        NA   NA    0   NA   NA         NA       NA   NA
[11,]       NA        NA   NA   NA   NA    0         NA       NA   NA
[12,]       NA        NA   NA   NA   NA   NA         NA       NA   NA
[13,]       NA        NA   NA   NA   NA   NA         NA       NA   NA
[14,] 2.073465        NA   NA   NA   NA   NA         NA       NA   NA
[15,]       NA        NA   NA   NA   NA   NA 0.06953007       NA   NA
[16,]       NA        NA   NA   NA   NA   NA         NA       NA   NA
[17,]       NA        NA   NA   NA    0   NA         NA 3.376217   NA
[18,]       NA        NA   NA   NA   NA   NA         NA       NA   NA
[19,]       NA        NA   NA   NA   NA   NA         NA       NA   NA
[20,]       NA        NA   NA   NA   NA   NA         NA       NA   NA
[21,]       NA        NA   NA    0    0   NA         NA 1.552660   NA
[22,]       NA        NA   NA   NA   NA   NA         NA       NA   NA
[23,]       NA 0.1814930   NA   NA   NA   NA         NA       NA   NA
[24,]       NA        NA    0    0    0   NA         NA       NA   NA
[25,]       NA        NA   NA   NA   NA   NA         NA       NA   NA
[26,]       NA        NA   NA   NA   NA   NA         NA       NA   NA
[27,]       NA        NA   NA   NA   NA   NA         NA       NA   NA
[28,]       NA        NA   NA   NA   NA   NA         NA       NA   NA
[29,]       NA        NA   NA   NA   NA   NA         NA       NA   NA
[30,]       NA        NA   NA   NA   NA   NA         NA 2.021194   NA
[31,]       NA        NA    0   NA   NA   NA         NA       NA   NA
[32,]       NA        NA   NA   NA   NA   NA         NA       NA   NA
[33,]       NA        NA   NA   NA   NA   NA         NA       NA   NA
[34,]       NA        NA   NA   NA   NA   NA 0.03476504       NA   NA
[35,]       NA        NA   NA    0    0   NA         NA       NA   NA
[36,]       NA        NA   NA   NA   NA   NA         NA       NA   NA
[37,]       NA        NA   NA   NA   NA   NA         NA       NA   NA
[38,]       NA        NA   NA   NA   NA   NA         NA       NA   NA
[39,]       NA        NA   NA   NA    0   NA         NA 3.637712   NA
[40,]       NA        NA   NA   NA   NA   NA         NA       NA   NA
[41,]       NA        NA   NA   NA   NA   NA         NA       NA   NA
[42,]       NA        NA    0   NA   NA   NA         NA       NA   NA
[43,]       NA        NA   NA   NA   NA   NA         NA       NA   NA
[44,]       NA        NA   NA   NA   NA   NA 0.06953007       NA   NA
[45,] 1.453189 0.0000000    0    0    0   NA         NA       NA   NA
[46,]       NA        NA   NA   NA   NA    0         NA       NA   NA
[47,]       NA        NA   NA   NA   NA   NA         NA       NA   NA
[48,]       NA        NA   NA   NA   NA    0         NA       NA   NA
[49,]       NA        NA   NA   NA    0    0         NA       NA   NA
[50,]       NA        NA   NA   NA   NA   NA         NA       NA   NA

$Bdatesampinfo
      DATE JULIAN N Mean Stdev
1 08/02/11   2040 6   NA    NA
2 09/16/11   2085 7   NA    NA
3 10/23/11   2122 6   NA    NA
4 11/13/11   2143 6   NA    NA
5 01/01/12   2192 6   NA    NA
6 02/10/12   2232 5   NA    NA
7 03/27/12   2278 6   NA    NA
8 04/01/12   2283 3   NA    NA
9 06/19/12   2362 6   NA    NA

$Ndatesampinfo
      DATE JULIAN N Mean Stdev
1 08/02/11   2040 6   NA    NA
2 09/16/11   2085 7   NA    NA
3 10/23/11   2122 6   NA    NA
4 11/13/11   2143 6   NA    NA
5 01/01/12   2192 6   NA    NA
6 02/10/12   2232 5   NA    NA
7 03/27/12   2278 6   NA    NA
8 04/01/12   2283 3   NA    NA
9 06/19/12   2362 6   NA    NA

$Bdateboots
           [,1]       [,2] [,3] [,4] [,5] [,6] [,7]      [,8]      [,9]
 [1,] 0.0000000 0.00000000    0    0    0    0    0 0.0000000 0.0000000
 [2,] 1.1974018 0.00000000    0    0    0    0    0 0.0000000 0.3065715
 [3,] 2.5498645 0.00000000    0    0    0    0    0 0.0000000 0.1233471
 [4,] 0.0000000 0.00000000    0    0    0    0    0 0.0000000 0.5471592
 [5,] 1.7825737 0.00000000    0    0    0    0    0 0.0000000 0.0000000
 [6,] 0.0000000 0.14214437    0    0    0    0    0 0.3766034 0.4396672
 [7,] 0.0000000 0.07107218    0    0    0    0    0 0.1883017 0.5471592
 [8,] 1.0659677 0.00000000    0    0    0    0    0 0.0000000 0.0000000
 [9,] 2.0849696 0.00000000    0    0    0    0    0 0.0000000 0.0000000
[10,] 3.2316744 0.21321655    0    0    0    0    0 0.1883017 0.0000000
[11,] 0.9884433 0.00000000    0    0    0    0    0 0.0000000 0.0000000
[12,] 0.0000000 0.00000000    0    0    0    0    0 0.0000000 0.0000000
[13,] 0.0000000 0.00000000    0    0    0    0    0 0.3766034 0.0000000
[14,] 1.4068787 0.14214437    0    0    0    0    0 0.0000000 0.0000000
[15,] 0.0000000 0.00000000    0    0    0    0    0 0.3766034 0.0000000
[16,] 1.4416627 0.00000000    0    0    0    0    0 0.0000000 0.0000000
[17,] 0.0000000 0.00000000    0    0    0    0    0 0.5649051 0.3321752
[18,] 0.0000000 0.14214437    0    0    0    0    0 0.0000000 0.0000000
[19,] 0.0000000 0.00000000    0    0    0    0    0 0.0000000 0.5374106
[20,] 1.1044828 0.00000000    0    0    0    0    0 0.0000000 0.0000000
[21,] 0.0000000 0.00000000    0    0    0    0    0 0.0000000 0.4616783
[22,] 3.2316744 0.00000000    0    0    0    0    0 0.0000000 0.0000000
[23,] 0.0000000 0.07107218    0    0    0    0    0 0.0000000 0.0000000
[24,] 0.0000000 0.00000000    0    0    0    0    0 0.0000000 0.0000000
[25,] 0.0000000 0.00000000    0    0    0    0    0 0.0000000 0.0000000
[26,] 0.0000000 0.00000000    0    0    0    0    0 0.0000000 0.0000000
[27,] 0.0000000 0.00000000    0    0    0    0    0 0.0000000 0.0000000
[28,] 1.8253141 0.00000000    0    0    0    0    0 0.0000000 0.0000000
[29,] 0.0000000 0.00000000    0    0    0    0    0 0.0000000 0.4018010
[30,] 0.0000000 0.00000000    0    0    0    0    0 0.3766034 0.1709619
[31,] 0.0000000 0.00000000    0    0    0    0    0 0.0000000 0.2845604
[32,] 0.0000000 0.00000000    0    0    0    0    0 0.1883017 0.0000000
[33,] 0.0000000 0.14214437    0    0    0    0    0 0.0000000 0.0000000
[34,] 0.0000000 0.00000000    0    0    0    0    0 0.1883017 0.0000000
[35,] 0.0000000 0.07107218    0    0    0    0    0 0.0000000 0.5471592
[36,] 0.0000000 0.07107218    0    0    0    0    0 0.0000000 0.0000000
[37,] 0.0000000 0.07107218    0    0    0    0    0 0.0000000 0.2687053
[38,] 0.0000000 0.00000000    0    0    0    0    0 0.0000000 0.2943090
[39,] 0.0000000 0.00000000    0    0    0    0    0 0.3766034 0.6228916
[40,] 0.0000000 0.14214437    0    0    0    0    0 0.0000000 0.0000000
[41,] 0.0000000 0.14214437    0    0    0    0    0 0.0000000 0.9612227
[42,] 1.7013181 0.00000000    0    0    0    0    0 0.0000000 0.4396672
[43,] 0.0000000 0.07107218    0    0    0    0    0 0.0000000 0.0000000
[44,] 1.2364232 0.00000000    0    0    0    0    0 0.3766034 0.0000000
[45,] 1.0349028 0.00000000    0    0    0    0    0 0.0000000 0.0000000
[46,] 0.0000000 0.07107218    0    0    0    0    0 0.0000000 0.4775334
[47,] 0.0000000 0.00000000    0    0    0    0    0 0.0000000 0.0000000
[48,] 0.0000000 0.21321655    0    0    0    0    0 0.0000000 0.0000000
[49,] 0.0000000 0.00000000    0    0    0    0    0 0.0000000 0.0000000
[50,] 0.7715283 0.00000000    0    0    0    0    0 0.0000000 0.1990795

$Ndateboots
          [,1]     [,2] [,3] [,4] [,5] [,6] [,7]     [,8]      [,9]
 [1,]  0.00000  0.00000    0    0    0    0    0  0.00000  0.000000
 [2,] 18.51852  0.00000    0    0    0    0    0  0.00000 22.222222
 [3,] 33.33333  0.00000    0    0    0    0    0  0.00000  9.259259
 [4,]  0.00000  0.00000    0    0    0    0    0  0.00000 25.925926
 [5,] 22.22222  0.00000    0    0    0    0    0  0.00000  0.000000
 [6,]  0.00000 25.39683    0    0    0    0    0 29.62963 24.074074
 [7,]  0.00000 12.69841    0    0    0    0    0 14.81481 25.925926
 [8,] 18.51852  0.00000    0    0    0    0    0  0.00000  0.000000
 [9,] 29.62963  0.00000    0    0    0    0    0  0.00000  0.000000
[10,] 40.74074 38.09524    0    0    0    0    0 14.81481  0.000000
[11,] 20.37037  0.00000    0    0    0    0    0  0.00000  0.000000
[12,]  0.00000  0.00000    0    0    0    0    0  0.00000  0.000000
[13,]  0.00000  0.00000    0    0    0    0    0 29.62963  0.000000
[14,] 22.22222 25.39683    0    0    0    0    0  0.00000  0.000000
[15,]  0.00000  0.00000    0    0    0    0    0 29.62963  0.000000
[16,] 18.51852  0.00000    0    0    0    0    0  0.00000  0.000000
[17,]  0.00000  0.00000    0    0    0    0    0 44.44444 22.222222
[18,]  0.00000 25.39683    0    0    0    0    0  0.00000  0.000000
[19,]  0.00000  0.00000    0    0    0    0    0  0.00000 33.333333
[20,] 14.81481  0.00000    0    0    0    0    0  0.00000  0.000000
[21,]  0.00000  0.00000    0    0    0    0    0  0.00000 22.222222
[22,] 40.74074  0.00000    0    0    0    0    0  0.00000  0.000000
[23,]  0.00000 12.69841    0    0    0    0    0  0.00000  0.000000
[24,]  0.00000  0.00000    0    0    0    0    0  0.00000  0.000000
[25,]  0.00000  0.00000    0    0    0    0    0  0.00000  0.000000
[26,]  0.00000  0.00000    0    0    0    0    0  0.00000  0.000000
[27,]  0.00000  0.00000    0    0    0    0    0  0.00000  0.000000
[28,] 24.07407  0.00000    0    0    0    0    0  0.00000  0.000000
[29,]  0.00000  0.00000    0    0    0    0    0  0.00000 18.518519
[30,]  0.00000  0.00000    0    0    0    0    0 29.62963  7.407407
[31,]  0.00000  0.00000    0    0    0    0    0  0.00000 24.074074
[32,]  0.00000  0.00000    0    0    0    0    0 14.81481  0.000000
[33,]  0.00000 25.39683    0    0    0    0    0  0.00000  0.000000
[34,]  0.00000  0.00000    0    0    0    0    0 14.81481  0.000000
[35,]  0.00000 12.69841    0    0    0    0    0  0.00000 25.925926
[36,]  0.00000 12.69841    0    0    0    0    0  0.00000  0.000000
[37,]  0.00000 12.69841    0    0    0    0    0  0.00000 16.666667
[38,]  0.00000  0.00000    0    0    0    0    0  0.00000 16.666667
[39,]  0.00000  0.00000    0    0    0    0    0 29.62963 37.037037
[40,]  0.00000 25.39683    0    0    0    0    0  0.00000  0.000000
[41,]  0.00000 25.39683    0    0    0    0    0  0.00000 50.000000
[42,] 24.07407  0.00000    0    0    0    0    0  0.00000 24.074074
[43,]  0.00000 12.69841    0    0    0    0    0  0.00000  0.000000
[44,] 20.37037  0.00000    0    0    0    0    0 29.62963  0.000000
[45,] 22.22222  0.00000    0    0    0    0    0  0.00000  0.000000
[46,]  0.00000 12.69841    0    0    0    0    0  0.00000 29.629630
[47,]  0.00000  0.00000    0    0    0    0    0  0.00000  0.000000
[48,]  0.00000 38.09524    0    0    0    0    0  0.00000  0.000000
[49,]  0.00000  0.00000    0    0    0    0    0  0.00000  0.000000
[50,] 16.66667  0.00000    0    0    0    0    0  0.00000 20.370370

