$totdays
[1] 365

$Psampest
[1] NA

$Pbootest
      Mean       2.5%        50%      97.5% 
0.05240959 0.00000000 0.00000000 0.46907494 

$Pboots
 [1] 0.00000000 0.08088402 0.16604870 0.08088402 0.00000000 0.16604870 0.16604870
 [8] 0.00000000 0.00000000 0.00000000 0.00000000 0.00000000 0.00000000 0.00000000
[15] 0.00000000 0.00000000 0.00000000 0.00000000 0.00000000 0.00000000 0.38368545
[22] 0.00000000 0.25579030 0.09402226 0.00000000 0.49814611 0.00000000 0.00000000
[29] 0.00000000 0.00000000 0.09402226 0.00000000 0.00000000 0.00000000 0.00000000
[36] 0.00000000 0.00000000 0.00000000 0.00000000 0.00000000 0.00000000 0.00000000
[43] 0.00000000 0.09402226 0.00000000 0.00000000 0.04701113 0.00000000 0.00000000
[50] 0.49386544

$Bboots
 [1] 0.000000000 0.002671279 0.005342559 0.002671279 0.000000000 0.005342559 0.005342559
 [8] 0.000000000 0.000000000 0.000000000 0.000000000 0.000000000 0.000000000 0.000000000
[15] 0.000000000 0.000000000 0.000000000 0.000000000 0.000000000 0.000000000 0.016027676
[22] 0.000000000 0.010685117 0.005342559 0.000000000 0.016027676 0.000000000 0.000000000
[29] 0.000000000 0.000000000 0.005342559 0.000000000 0.000000000 0.000000000 0.000000000
[36] 0.000000000 0.000000000 0.000000000 0.000000000 0.000000000 0.000000000 0.000000000
[43] 0.000000000 0.005342559 0.000000000 0.000000000 0.002671279 0.000000000 0.000000000
[50] 0.016027676

$Nboots
 [1] 0.0000000 0.1157407 0.2314815 0.1157407 0.0000000 0.2314815 0.2314815 0.0000000
 [9] 0.0000000 0.0000000 0.0000000 0.0000000 0.0000000 0.0000000 0.0000000 0.0000000
[17] 0.0000000 0.0000000 0.0000000 0.0000000 0.6944444 0.0000000 0.4629630 0.2314815
[25] 0.0000000 0.6944444 0.0000000 0.0000000 0.0000000 0.0000000 0.2314815 0.0000000
[33] 0.0000000 0.0000000 0.0000000 0.0000000 0.0000000 0.0000000 0.0000000 0.0000000
[41] 0.0000000 0.0000000 0.0000000 0.2314815 0.0000000 0.0000000 0.1157407 0.0000000
[49] 0.0000000 0.6944444

$julians
[1] 2040 2085 2122 2143 2192 2232 2278 2283 2362

$intdays
[1] 45 37 21 49 40 46  5 79 43

$Pintsampest
[1] NA NA NA NA NA NA NA NA NA

$Pintboots
           [,1]       [,2]       [,3] [,4] [,5] [,6] [,7] [,8] [,9]
 [1,]        NA         NA         NA   NA    0   NA   NA   NA   NA
 [2,]        NA 0.08088402         NA   NA   NA   NA   NA   NA   NA
 [3,] 0.1660487         NA         NA   NA   NA   NA   NA   NA   NA
 [4,]        NA 0.08088402         NA   NA   NA   NA    0   NA   NA
 [5,]        NA         NA         NA   NA   NA   NA   NA   NA   NA
 [6,] 0.1660487         NA         NA   NA   NA   NA   NA   NA   NA
 [7,] 0.1660487         NA         NA   NA   NA   NA   NA   NA   NA
 [8,]        NA         NA         NA   NA   NA   NA   NA   NA   NA
 [9,]        NA         NA         NA   NA   NA   NA   NA   NA   NA
[10,]        NA         NA         NA   NA   NA   NA   NA   NA   NA
[11,]        NA         NA         NA   NA   NA   NA   NA   NA   NA
[12,]        NA         NA         NA   NA   NA   NA   NA   NA   NA
[13,]        NA         NA         NA   NA   NA   NA   NA   NA   NA
[14,]        NA         NA         NA   NA    0    0   NA   NA   NA
[15,]        NA         NA         NA   NA    0   NA   NA    0   NA
[16,]        NA         NA         NA   NA   NA   NA   NA   NA   NA
[17,]        NA         NA         NA   NA   NA   NA   NA    0   NA
[18,]        NA         NA         NA   NA   NA   NA    0    0   NA
[19,]        NA         NA         NA   NA    0   NA   NA   NA   NA
[20,]        NA         NA         NA   NA   NA   NA   NA   NA   NA
[21,]        NA 0.24265205 0.14103339   NA   NA   NA   NA   NA   NA
[22,]        NA         NA         NA   NA   NA   NA   NA   NA   NA
[23,]        NA 0.16176804 0.09402226   NA   NA   NA   NA   NA   NA
[24,]        NA         NA 0.09402226   NA   NA   NA    0   NA   NA
[25,]        NA         NA         NA   NA   NA   NA   NA   NA   NA
[26,] 0.4981461         NA         NA    0   NA   NA   NA   NA   NA
[27,]        NA         NA         NA    0   NA   NA   NA   NA   NA
[28,]        NA         NA         NA   NA   NA   NA   NA   NA   NA
[29,]        NA         NA         NA   NA   NA   NA   NA   NA   NA
[30,]        NA         NA         NA   NA   NA   NA    0    0   NA
[31,]        NA         NA 0.09402226    0   NA   NA   NA   NA   NA
[32,]        NA         NA         NA   NA   NA   NA   NA   NA   NA
[33,]        NA         NA         NA   NA   NA    0    0    0   NA
[34,]        NA         NA         NA   NA   NA   NA   NA   NA   NA
[35,]        NA         NA         NA   NA   NA   NA   NA   NA   NA
[36,]        NA         NA         NA    0    0    0   NA   NA   NA
[37,]        NA         NA         NA   NA   NA   NA   NA    0   NA
[38,]        NA         NA         NA   NA   NA   NA   NA   NA   NA
[39,]        NA         NA         NA   NA    0   NA   NA   NA   NA
[40,]        NA         NA         NA    0   NA   NA    0   NA   NA
[41,]        NA         NA         NA   NA   NA   NA   NA   NA   NA
[42,]        NA         NA         NA   NA   NA   NA   NA   NA   NA
[43,]        NA         NA         NA   NA   NA   NA    0   NA   NA
[44,]        NA         NA 0.09402226   NA   NA   NA   NA   NA   NA
[45,]        NA         NA         NA   NA   NA   NA   NA   NA   NA
[46,] 0.0000000 0.00000000         NA   NA   NA   NA   NA   NA   NA
[47,]        NA         NA 0.04701113    0   NA   NA   NA   NA   NA
[48,]        NA         NA         NA   NA   NA   NA   NA   NA   NA
[49,]        NA         NA         NA   NA   NA   NA   NA   NA   NA
[50,] 0.3320974 0.16176804         NA   NA   NA    0   NA   NA   NA

$Bdatesampinfo
      DATE JULIAN N Mean Stdev
1 08/02/11   2040 3   NA    NA
2 09/16/11   2085 7   NA    NA
3 10/23/11   2122 6   NA    NA
4 11/13/11   2143 6   NA    NA
5 01/01/12   2192 6   NA    NA
6 02/10/12   2232 5   NA    NA
7 03/27/12   2278 6   NA    NA
8 04/01/12   2283 3   NA    NA
9 06/19/12   2362 6   NA    NA

$Ndatesampinfo
      DATE JULIAN N Mean Stdev
1 08/02/11   2040 3   NA    NA
2 09/16/11   2085 7   NA    NA
3 10/23/11   2122 6   NA    NA
4 11/13/11   2143 6   NA    NA
5 01/01/12   2192 6   NA    NA
6 02/10/12   2232 5   NA    NA
7 03/27/12   2278 6   NA    NA
8 04/01/12   2283 3   NA    NA
9 06/19/12   2362 6   NA    NA

$Bdateboots
            [,1] [,2]       [,3] [,4] [,5] [,6] [,7] [,8] [,9]
 [1,] 0.00000000    0 0.00000000    0    0    0    0    0    0
 [2,] 0.00000000    0 0.04274047    0    0    0    0    0    0
 [3,] 0.08548094    0 0.00000000    0    0    0    0    0    0
 [4,] 0.00000000    0 0.04274047    0    0    0    0    0    0
 [5,] 0.00000000    0 0.04274047    0    0    0    0    0    0
 [6,] 0.08548094    0 0.00000000    0    0    0    0    0    0
 [7,] 0.08548094    0 0.00000000    0    0    0    0    0    0
 [8,] 0.00000000    0 0.00000000    0    0    0    0    0    0
 [9,] 0.00000000    0 0.00000000    0    0    0    0    0    0
[10,] 0.00000000    0 0.00000000    0    0    0    0    0    0
[11,] 0.00000000    0 0.00000000    0    0    0    0    0    0
[12,] 0.00000000    0 0.00000000    0    0    0    0    0    0
[13,] 0.00000000    0 0.00000000    0    0    0    0    0    0
[14,] 0.00000000    0 0.00000000    0    0    0    0    0    0
[15,] 0.00000000    0 0.00000000    0    0    0    0    0    0
[16,] 0.17096187    0 0.08548094    0    0    0    0    0    0
[17,] 0.00000000    0 0.00000000    0    0    0    0    0    0
[18,] 0.00000000    0 0.04274047    0    0    0    0    0    0
[19,] 0.17096187    0 0.00000000    0    0    0    0    0    0
[20,] 0.00000000    0 0.00000000    0    0    0    0    0    0
[21,] 0.00000000    0 0.12822141    0    0    0    0    0    0
[22,] 0.00000000    0 0.04274047    0    0    0    0    0    0
[23,] 0.00000000    0 0.08548094    0    0    0    0    0    0
[24,] 0.08548094    0 0.08548094    0    0    0    0    0    0
[25,] 0.08548094    0 0.00000000    0    0    0    0    0    0
[26,] 0.25644281    0 0.00000000    0    0    0    0    0    0
[27,] 0.00000000    0 0.00000000    0    0    0    0    0    0
[28,] 0.00000000    0 0.00000000    0    0    0    0    0    0
[29,] 0.00000000    0 0.00000000    0    0    0    0    0    0
[30,] 0.00000000    0 0.00000000    0    0    0    0    0    0
[31,] 0.00000000    0 0.08548094    0    0    0    0    0    0
[32,] 0.08548094    0 0.00000000    0    0    0    0    0    0
[33,] 0.17096187    0 0.00000000    0    0    0    0    0    0
[34,] 0.00000000    0 0.00000000    0    0    0    0    0    0
[35,] 0.00000000    0 0.00000000    0    0    0    0    0    0
[36,] 0.00000000    0 0.00000000    0    0    0    0    0    0
[37,] 0.00000000    0 0.00000000    0    0    0    0    0    0
[38,] 0.00000000    0 0.00000000    0    0    0    0    0    0
[39,] 0.00000000    0 0.00000000    0    0    0    0    0    0
[40,] 0.08548094    0 0.00000000    0    0    0    0    0    0
[41,] 0.00000000    0 0.00000000    0    0    0    0    0    0
[42,] 0.00000000    0 0.00000000    0    0    0    0    0    0
[43,] 0.00000000    0 0.00000000    0    0    0    0    0    0
[44,] 0.17096187    0 0.08548094    0    0    0    0    0    0
[45,] 0.17096187    0 0.00000000    0    0    0    0    0    0
[46,] 0.00000000    0 0.00000000    0    0    0    0    0    0
[47,] 0.00000000    0 0.04274047    0    0    0    0    0    0
[48,] 0.08548094    0 0.04274047    0    0    0    0    0    0
[49,] 0.00000000    0 0.04274047    0    0    0    0    0    0
[50,] 0.17096187    0 0.08548094    0    0    0    0    0    0

$Ndateboots
           [,1] [,2]     [,3] [,4] [,5] [,6] [,7] [,8] [,9]
 [1,]  0.000000    0 0.000000    0    0    0    0    0    0
 [2,]  0.000000    0 1.851852    0    0    0    0    0    0
 [3,]  3.703704    0 0.000000    0    0    0    0    0    0
 [4,]  0.000000    0 1.851852    0    0    0    0    0    0
 [5,]  0.000000    0 1.851852    0    0    0    0    0    0
 [6,]  3.703704    0 0.000000    0    0    0    0    0    0
 [7,]  3.703704    0 0.000000    0    0    0    0    0    0
 [8,]  0.000000    0 0.000000    0    0    0    0    0    0
 [9,]  0.000000    0 0.000000    0    0    0    0    0    0
[10,]  0.000000    0 0.000000    0    0    0    0    0    0
[11,]  0.000000    0 0.000000    0    0    0    0    0    0
[12,]  0.000000    0 0.000000    0    0    0    0    0    0
[13,]  0.000000    0 0.000000    0    0    0    0    0    0
[14,]  0.000000    0 0.000000    0    0    0    0    0    0
[15,]  0.000000    0 0.000000    0    0    0    0    0    0
[16,]  7.407407    0 3.703704    0    0    0    0    0    0
[17,]  0.000000    0 0.000000    0    0    0    0    0    0
[18,]  0.000000    0 1.851852    0    0    0    0    0    0
[19,]  7.407407    0 0.000000    0    0    0    0    0    0
[20,]  0.000000    0 0.000000    0    0    0    0    0    0
[21,]  0.000000    0 5.555556    0    0    0    0    0    0
[22,]  0.000000    0 1.851852    0    0    0    0    0    0
[23,]  0.000000    0 3.703704    0    0    0    0    0    0
[24,]  3.703704    0 3.703704    0    0    0    0    0    0
[25,]  3.703704    0 0.000000    0    0    0    0    0    0
[26,] 11.111111    0 0.000000    0    0    0    0    0    0
[27,]  0.000000    0 0.000000    0    0    0    0    0    0
[28,]  0.000000    0 0.000000    0    0    0    0    0    0
[29,]  0.000000    0 0.000000    0    0    0    0    0    0
[30,]  0.000000    0 0.000000    0    0    0    0    0    0
[31,]  0.000000    0 3.703704    0    0    0    0    0    0
[32,]  3.703704    0 0.000000    0    0    0    0    0    0
[33,]  7.407407    0 0.000000    0    0    0    0    0    0
[34,]  0.000000    0 0.000000    0    0    0    0    0    0
[35,]  0.000000    0 0.000000    0    0    0    0    0    0
[36,]  0.000000    0 0.000000    0    0    0    0    0    0
[37,]  0.000000    0 0.000000    0    0    0    0    0    0
[38,]  0.000000    0 0.000000    0    0    0    0    0    0
[39,]  0.000000    0 0.000000    0    0    0    0    0    0
[40,]  3.703704    0 0.000000    0    0    0    0    0    0
[41,]  0.000000    0 0.000000    0    0    0    0    0    0
[42,]  0.000000    0 0.000000    0    0    0    0    0    0
[43,]  0.000000    0 0.000000    0    0    0    0    0    0
[44,]  7.407407    0 3.703704    0    0    0    0    0    0
[45,]  7.407407    0 0.000000    0    0    0    0    0    0
[46,]  0.000000    0 0.000000    0    0    0    0    0    0
[47,]  0.000000    0 1.851852    0    0    0    0    0    0
[48,]  3.703704    0 1.851852    0    0    0    0    0    0
[49,]  0.000000    0 1.851852    0    0    0    0    0    0
[50,]  7.407407    0 3.703704    0    0    0    0    0    0

