$totdays
[1] 365

$Psampest
[1] NA

$Pbootest
    Mean     2.5%      50%    97.5% 
0.100824 0.000000 0.000000 1.286254 

$Pboots
 [1] 0.0000000000 0.0352769414 0.0016305336 0.0000000000 0.0000000000 0.0000000000
 [7] 0.0000000000 0.0000000000 0.0323371963 0.0000000000 1.2800175396 1.6016839288
[13] 0.0000000000 0.0000000000 0.0000000000 0.0000000000 0.0000000000 0.5281931136
[19] 0.0000000000 0.0352769414 0.0342890521 0.0000000000 0.0000000000 0.0000000000
[25] 0.0000000000 0.0000000000 0.0000000000 0.0000000000 0.0000000000 0.0000000000
[31] 0.0000000000 0.0006988172 0.0000000000 0.0000000000 0.0000000000 0.0000000000
[37] 0.0000000000 0.0000000000 0.0000000000 1.2880646338 0.0346665471 0.0000000000
[43] 0.0000000000 0.0736211923 0.0032610673 0.0921830811 0.0000000000 0.0000000000
[49] 0.0000000000 0.0000000000

$Bboots
 [1] 0.0000000000 0.0859741839 0.0004041667 0.0000000000 0.0000000000 0.0000000000
 [7] 0.0000000000 0.0000000000 0.0788096686 0.0000000000 0.1973437334 0.1962137026
[13] 0.0000000000 0.0000000000 0.0000000000 0.0000000000 0.0000000000 0.0814639788
[19] 0.0000000000 0.0859741839 0.0728576533 0.0000000000 0.0000000000 0.0000000000
[25] 0.0000000000 0.0000000000 0.0000000000 0.0000000000 0.0000000000 0.0000000000
[31] 0.0000000000 0.0004041667 0.0000000000 0.0000000000 0.0000000000 0.0000000000
[37] 0.0000000000 0.0000000000 0.0000000000 0.1985834602 0.0796180019 0.0000000000
[43] 0.0000000000 0.0199403773 0.0008083333 0.0249644451 0.0000000000 0.0000000000
[49] 0.0000000000 0.0000000000

$Nboots
 [1]  0.0000000  2.7777778  0.2314815  0.0000000  0.0000000  0.0000000  0.0000000
 [8]  0.0000000  2.5462963  0.0000000 14.1203704 14.8148148  0.0000000  0.0000000
[15]  0.0000000  0.0000000  0.0000000  3.4722222  0.0000000  2.7777778  3.0092593
[22]  0.0000000  0.0000000  0.0000000  0.0000000  0.0000000  0.0000000  0.0000000
[29]  0.0000000  0.0000000  0.0000000  0.2314815  0.0000000  0.0000000  0.0000000
[36]  0.0000000  0.0000000  0.0000000  0.0000000 14.2361111  3.0092593  0.0000000
[43]  0.0000000  1.1574074  0.4629630  1.5046296  0.0000000  0.0000000  0.0000000
[50]  0.0000000

$julians
[1] 2040 2085 2122 2143 2192 2232 2278 2283 2362

$intdays
[1] 45 37 21 49 40 46  5 79 43

$Pintsampest
[1] NA NA NA NA NA NA NA NA NA

$Pintboots
            [,1] [,2]         [,3]        [,4] [,5] [,6]       [,7]      [,8]      [,9]
 [1,]         NA   NA           NA          NA   NA   NA         NA        NA        NA
 [2,]         NA   NA           NA          NA   NA   NA 0.03527694        NA        NA
 [3,]         NA   NA           NA 0.001630534   NA   NA         NA        NA        NA
 [4,]         NA   NA           NA          NA   NA   NA         NA        NA        NA
 [5,]         NA   NA           NA          NA   NA   NA         NA        NA        NA
 [6,]         NA   NA           NA          NA   NA   NA         NA        NA        NA
 [7,]         NA   NA           NA          NA   NA   NA         NA        NA        NA
 [8,]         NA   NA           NA          NA   NA   NA         NA        NA        NA
 [9,]         NA   NA           NA          NA   NA    0 0.03233720        NA        NA
[10,]         NA   NA           NA 0.000000000   NA   NA         NA        NA        NA
[11,]         NA   NA           NA          NA   NA   NA         NA 1.2800175        NA
[12,] 0.02305417   NA           NA          NA    0   NA         NA 1.2322536 0.3463762
[13,]         NA    0 0.0000000000          NA   NA    0         NA        NA        NA
[14,]         NA   NA           NA          NA   NA   NA         NA        NA        NA
[15,]         NA   NA           NA          NA   NA   NA         NA        NA        NA
[16,]         NA   NA           NA          NA   NA   NA         NA        NA        NA
[17,]         NA    0           NA          NA   NA   NA         NA        NA        NA
[18,]         NA    0           NA          NA   NA   NA         NA 0.5281931        NA
[19,]         NA    0           NA          NA   NA   NA         NA        NA        NA
[20,]         NA   NA           NA          NA   NA   NA 0.03527694        NA        NA
[21,]         NA   NA           NA 0.004891601    0    0 0.02939745        NA        NA
[22,]         NA   NA           NA          NA   NA   NA         NA        NA        NA
[23,]         NA   NA           NA          NA   NA   NA         NA        NA        NA
[24,]         NA   NA           NA          NA   NA   NA         NA        NA        NA
[25,]         NA   NA           NA          NA   NA   NA         NA        NA        NA
[26,]         NA   NA           NA          NA   NA   NA         NA        NA        NA
[27,]         NA   NA           NA          NA   NA   NA         NA        NA        NA
[28,]         NA   NA           NA 0.000000000    0   NA         NA        NA        NA
[29,]         NA   NA           NA          NA   NA   NA         NA        NA        NA
[30,]         NA   NA           NA          NA   NA   NA         NA        NA        NA
[31,]         NA   NA           NA          NA   NA   NA         NA        NA        NA
[32,]         NA   NA 0.0006988172          NA   NA   NA         NA        NA        NA
[33,]         NA   NA           NA 0.000000000   NA   NA         NA        NA        NA
[34,]         NA   NA           NA          NA    0   NA         NA        NA        NA
[35,]         NA   NA           NA          NA   NA   NA         NA        NA        NA
[36,]         NA   NA           NA          NA   NA   NA         NA        NA        NA
[37,]         NA   NA           NA          NA   NA   NA         NA        NA        NA
[38,]         NA   NA 0.0000000000          NA   NA   NA         NA        NA        NA
[39,]         NA   NA           NA          NA   NA   NA         NA        NA        NA
[40,]         NA   NA           NA          NA   NA   NA         NA 1.2880646        NA
[41,]         NA    0 0.0006988172 0.001630534   NA   NA 0.03233720        NA        NA
[42,]         NA   NA           NA          NA   NA   NA         NA        NA        NA
[43,]         NA   NA           NA          NA   NA   NA         NA        NA        NA
[44,] 0.07362119    0           NA          NA   NA   NA         NA        NA        NA
[45,]         NA   NA           NA 0.003261067    0    0         NA        NA        NA
[46,] 0.09218308   NA           NA          NA   NA   NA         NA        NA        NA
[47,]         NA   NA           NA          NA    0    0         NA        NA        NA
[48,]         NA   NA           NA          NA   NA   NA         NA        NA        NA
[49,]         NA   NA           NA          NA   NA   NA         NA        NA        NA
[50,]         NA   NA           NA          NA   NA   NA         NA        NA        NA

$Bdatesampinfo
      DATE JULIAN N Mean Stdev
1 08/02/11   2040 6   NA    NA
2 09/16/11   2085 7   NA    NA
3 10/23/11   2122 6   NA    NA
4 11/13/11   2143 6   NA    NA
5 01/01/12   2192 6   NA    NA
6 02/10/12   2232 5   NA    NA
7 03/27/12   2278 6   NA    NA
8 04/01/12   2283 3   NA    NA
9 06/19/12   2362 6   NA    NA

$Ndatesampinfo
      DATE JULIAN N Mean Stdev
1 08/02/11   2040 6   NA    NA
2 09/16/11   2085 7   NA    NA
3 10/23/11   2122 6   NA    NA
4 11/13/11   2143 6   NA    NA
5 01/01/12   2192 6   NA    NA
6 02/10/12   2232 5   NA    NA
7 03/27/12   2278 6   NA    NA
8 04/01/12   2283 3   NA    NA
9 06/19/12   2362 6   NA    NA

$Bdateboots
            [,1] [,2] [,3]        [,4] [,5] [,6] [,7]     [,8]       [,9]
 [1,] 0.00000000    0    0 0.000000000    0    0    0 0.000000 0.00000000
 [2,] 0.00000000    0    0 0.000000000    0    0    0 1.375587 0.00000000
 [3,] 0.00000000    0    0 0.006466667    0    0    0 0.000000 0.42927029
 [4,] 0.00000000    0    0 0.000000000    0    0    0 1.031690 0.00000000
 [5,] 0.00000000    0    0 0.012933333    0    0    0 0.000000 0.00000000
 [6,] 0.00000000    0    0 0.000000000    0    0    0 0.000000 2.06378187
 [7,] 0.00000000    0    0 0.000000000    0    0    0 1.146322 0.00000000
 [8,] 0.00000000    0    0 0.000000000    0    0    0 0.000000 0.00000000
 [9,] 0.38649779    0    0 0.000000000    0    0    0 1.260955 0.00000000
[10,] 0.32551270    0    0 0.000000000    0    0    0 1.375587 0.00000000
[11,] 0.00000000    0    0 0.000000000    0    0    0 1.375587 1.78191279
[12,] 0.09978509    0    0 0.000000000    0    0    0 1.260955 1.77867946
[13,] 0.00000000    0    0 0.000000000    0    0    0 0.000000 0.00000000
[14,] 0.00000000    0    0 0.000000000    0    0    0 0.000000 0.00000000
[15,] 0.00000000    0    0 0.000000000    0    0    0 0.000000 0.17973454
[16,] 0.00000000    0    0 0.000000000    0    0    0 0.000000 0.00000000
[17,] 0.00000000    0    0 0.000000000    0    0    0 0.000000 0.00000000
[18,] 0.00000000    0    0 0.000000000    0    0    0 1.146322 0.15710121
[19,] 0.00000000    0    0 0.000000000    0    0    0 0.000000 0.00000000
[20,] 0.00000000    0    0 0.000000000    0    0    0 1.375587 0.00000000
[21,] 0.00000000    0    0 0.019400000    0    0    0 1.146322 0.00000000
[22,] 0.99872319    0    0 0.000000000    0    0    0 0.000000 0.69173937
[23,] 0.00000000    0    0 0.000000000    0    0    0 0.000000 0.00000000
[24,] 0.00000000    0    0 0.000000000    0    0    0 0.000000 1.79161279
[25,] 0.00000000    0    0 0.006466667    0    0    0 0.000000 0.00000000
[26,] 0.34167937    0    0 0.006466667    0    0    0 0.000000 0.00000000
[27,] 0.00000000    0    0 0.000000000    0    0    0 0.000000 0.00000000
[28,] 0.00000000    0    0 0.000000000    0    0    0 0.000000 0.28833575
[29,] 0.00000000    0    0 0.006466667    0    0    0 0.000000 0.00000000
[30,] 0.91510478    0    0 0.012933333    0    0    0 0.000000 0.00000000
[31,] 0.00000000    0    0 0.000000000    0    0    0 1.146322 0.00000000
[32,] 0.00000000    0    0 0.006466667    0    0    0 1.260955 0.00000000
[33,] 0.00000000    0    0 0.000000000    0    0    0 0.000000 0.00000000
[34,] 0.00000000    0    0 0.000000000    0    0    0 0.000000 1.81424613
[35,] 0.00000000    0    0 0.006466667    0    0    0 0.000000 0.00000000
[36,] 0.00000000    0    0 0.000000000    0    0    0 0.000000 3.26578983
[37,] 0.92157144    0    0 0.000000000    0    0    0 0.000000 1.91638067
[38,] 0.39296445    0    0 0.000000000    0    0    0 0.000000 0.00000000
[39,] 0.17693684    0    0 0.012933333    0    0    0 0.000000 0.00000000
[40,] 0.00000000    0    0 0.000000000    0    0    0 1.260955 1.91638067
[41,] 0.00000000    0    0 0.006466667    0    0    0 1.260955 0.00000000
[42,] 0.00000000    0    0 0.000000000    0    0    0 0.000000 0.00000000
[43,] 0.00000000    0    0 0.000000000    0    0    0 0.000000 0.00000000
[44,] 0.31904604    0    0 0.000000000    0    0    0 0.000000 0.00000000
[45,] 0.00000000    0    0 0.012933333    0    0    0 0.000000 0.02263333
[46,] 0.39943112    0    0 0.000000000    0    0    0 1.146322 0.00000000
[47,] 0.00000000    0    0 0.000000000    0    0    0 0.000000 0.00000000
[48,] 0.48628287    0    0 0.006466667    0    0    0 0.000000 0.00000000
[49,] 0.00000000    0    0 0.006466667    0    0    0 0.000000 0.43897029
[50,] 0.10625175    0    0 0.012933333    0    0    0 0.000000 0.00000000

$Ndateboots
          [,1] [,2] [,3]      [,4] [,5] [,6] [,7]     [,8]      [,9]
 [1,]  0.00000    0    0  0.000000    0    0    0  0.00000   0.00000
 [2,]  0.00000    0    0  0.000000    0    0    0 44.44444   0.00000
 [3,]  0.00000    0    0  3.703704    0    0    0  0.00000  31.48148
 [4,]  0.00000    0    0  0.000000    0    0    0 33.33333   0.00000
 [5,]  0.00000    0    0  7.407407    0    0    0  0.00000   0.00000
 [6,]  0.00000    0    0  0.000000    0    0    0  0.00000 200.00000
 [7,]  0.00000    0    0  0.000000    0    0    0 37.03704   0.00000
 [8,]  0.00000    0    0  0.000000    0    0    0  0.00000   0.00000
 [9,] 16.66667    0    0  0.000000    0    0    0 40.74074   0.00000
[10,] 22.22222    0    0  0.000000    0    0    0 44.44444   0.00000
[11,]  0.00000    0    0  0.000000    0    0    0 44.44444 181.48148
[12,] 16.66667    0    0  0.000000    0    0    0 40.74074 179.62963
[13,]  0.00000    0    0  0.000000    0    0    0  0.00000   0.00000
[14,]  0.00000    0    0  0.000000    0    0    0  0.00000   0.00000
[15,]  0.00000    0    0  0.000000    0    0    0  0.00000  31.48148
[16,]  0.00000    0    0  0.000000    0    0    0  0.00000   0.00000
[17,]  0.00000    0    0  0.000000    0    0    0  0.00000   0.00000
[18,]  0.00000    0    0  0.000000    0    0    0 37.03704  18.51852
[19,]  0.00000    0    0  0.000000    0    0    0  0.00000   0.00000
[20,]  0.00000    0    0  0.000000    0    0    0 44.44444   0.00000
[21,]  0.00000    0    0 11.111111    0    0    0 37.03704   0.00000
[22,] 38.88889    0    0  0.000000    0    0    0  0.00000  38.88889
[23,]  0.00000    0    0  0.000000    0    0    0  0.00000   0.00000
[24,]  0.00000    0    0  0.000000    0    0    0  0.00000 187.03704
[25,]  0.00000    0    0  3.703704    0    0    0  0.00000   0.00000
[26,] 31.48148    0    0  3.703704    0    0    0  0.00000   0.00000
[27,]  0.00000    0    0  0.000000    0    0    0  0.00000   0.00000
[28,]  0.00000    0    0  0.000000    0    0    0  0.00000  22.22222
[29,]  0.00000    0    0  3.703704    0    0    0  0.00000   0.00000
[30,] 31.48148    0    0  7.407407    0    0    0  0.00000   0.00000
[31,]  0.00000    0    0  0.000000    0    0    0 37.03704   0.00000
[32,]  0.00000    0    0  3.703704    0    0    0 40.74074   0.00000
[33,]  0.00000    0    0  0.000000    0    0    0  0.00000   0.00000
[34,]  0.00000    0    0  0.000000    0    0    0  0.00000 200.00000
[35,]  0.00000    0    0  3.703704    0    0    0  0.00000   0.00000
[36,]  0.00000    0    0  0.000000    0    0    0  0.00000 335.18519
[37,] 35.18519    0    0  0.000000    0    0    0  0.00000 187.03704
[38,] 20.37037    0    0  0.000000    0    0    0  0.00000   0.00000
[39,] 20.37037    0    0  7.407407    0    0    0  0.00000   0.00000
[40,]  0.00000    0    0  0.000000    0    0    0 40.74074 187.03704
[41,]  0.00000    0    0  3.703704    0    0    0 40.74074   0.00000
[42,]  0.00000    0    0  0.000000    0    0    0  0.00000   0.00000
[43,]  0.00000    0    0  0.000000    0    0    0  0.00000   0.00000
[44,] 18.51852    0    0  0.000000    0    0    0  0.00000   0.00000
[45,]  0.00000    0    0  7.407407    0    0    0  0.00000  12.96296
[46,] 24.07407    0    0  0.000000    0    0    0 37.03704   0.00000
[47,]  0.00000    0    0  0.000000    0    0    0  0.00000   0.00000
[48,] 33.33333    0    0  3.703704    0    0    0  0.00000   0.00000
[49,]  0.00000    0    0  3.703704    0    0    0  0.00000  37.03704
[50,] 20.37037    0    0  7.407407    0    0    0  0.00000   0.00000

