$totdays
[1] 365

$Psampest
[1] 2.72666

$Pbootest
     Mean      2.5%       50%     97.5% 
 6.482325  0.139054  5.511014 15.411822 

$Pboots
 [1] 14.2565879  4.0203893  1.2360353  4.8929966  3.3446780  3.4023716  0.0000000
 [8]  5.5110142  2.1086426 15.7472128  7.0016392 13.6385702 10.6573203  7.0016392
[15]  5.5110142  2.1086426 11.5299276  3.3446780  2.7843539  7.0016392  2.7266603
[22]  2.1086426  5.5110142  9.7282995  7.0016392 10.0393026  6.0713383  4.8929966
[29] 11.2753379  5.5110142 14.2565879  0.6180177 11.5299276  9.1102818 15.7472128
[36]  9.4212849  7.6196569  7.6196569  0.0000000  6.1290319 12.7659629  4.8929966
[43]  5.5110142  1.2360353 11.5299276  1.2360353  3.3446780  4.8353029  5.5110142
[50]  1.2360353

$Bboots
 [1] 0.32928828 0.07924937 0.03522194 0.11328905 0.10448356 0.06163840 0.00000000
 [8] 0.13090002 0.06926162 0.38093893 0.18255067 0.31167731 0.20837600 0.18255067
[15] 0.13090002 0.06926162 0.24241569 0.10448356 0.04402743 0.18255067 0.08687259
[22] 0.06926162 0.13090002 0.26942327 0.18255067 0.19076503 0.19135616 0.11328905
[29] 0.22598697 0.13090002 0.32928828 0.01761097 0.24241569 0.25181230 0.38093893
[36] 0.17315406 0.20016164 0.20016164 0.00000000 0.14851099 0.27763763 0.11328905
[43] 0.13090002 0.03522194 0.24241569 0.03522194 0.10448356 0.15613422 0.13090002
[50] 0.03522194

$Nboots
 [1] 42.777778 12.500000  5.555556 15.833333 14.444444  9.722222  0.000000 18.611111
 [9]  8.888889 48.888889 24.722222 40.000000 27.777778 24.722222 18.611111  8.888889
[17] 31.111111 14.444444  6.944444 24.722222 11.666667  8.888889 18.611111 36.388889
[25] 24.722222 25.000000 26.111111 15.833333 30.555556 18.611111 42.777778  2.777778
[33] 31.111111 33.611111 48.888889 22.222222 27.500000 27.500000  0.000000 21.388889
[41] 36.666667 15.833333 18.611111  5.555556 31.111111  5.555556 14.444444 20.555556
[49] 18.611111  5.555556

$julians
[1] 2040 2085 2122 2143 2192 2232 2278 2283 2362

$intdays
[1] 45 37 21 49 40 46  5 79 43

$Pintsampest
[1] 0.0000000 0.0000000 0.9065727 1.8200876 0.0000000 0.0000000 0.0000000 0.0000000
[9] 0.0000000

$Pintboots
          [,1] [,2]      [,3]      [,4] [,5] [,6] [,7] [,8]      [,9]
 [1,] 6.386189    0 1.6097841 3.2255189    0    0    0    0 3.0350964
 [2,] 1.886916    0 0.4067226 0.8293127    0    0    0    0 0.8974375
 [3,] 0.000000    0 0.4067226 0.8293127    0    0    0    0 0.0000000
 [4,] 1.886916    0 0.7032114 1.4054312    0    0    0    0 0.8974375
 [5,] 0.000000    0 1.1099340 2.2347440    0    0    0    0 0.0000000
 [6,] 1.886916    0 0.2033613 0.4146564    0    0    0    0 0.8974375
 [7,] 0.000000    0 0.0000000 0.0000000    0    0    0    0 0.0000000
 [8,] 1.886916    0 0.9065727 1.8200876    0    0    0    0 0.8974375
 [9,] 0.000000    0 0.7032114 1.4054312    0    0    0    0 0.0000000
[10,] 6.386189    0 2.1096342 4.2162937    0    0    0    0 3.0350964
[11,] 1.886916    0 1.4064228 2.8108625    0    0    0    0 0.8974375
[12,] 6.386189    0 1.4064228 2.8108625    0    0    0    0 3.0350964
[13,] 6.386189    0 0.4067226 0.8293127    0    0    0    0 3.0350964
[14,] 1.886916    0 1.4064228 2.8108625    0    0    0    0 0.8974375
[15,] 1.886916    0 0.9065727 1.8200876    0    0    0    0 0.8974375
[16,] 0.000000    0 0.7032114 1.4054312    0    0    0    0 0.0000000
[17,] 6.386189    0 0.7032114 1.4054312    0    0    0    0 3.0350964
[18,] 0.000000    0 1.1099340 2.2347440    0    0    0    0 0.0000000
[19,] 1.886916    0 0.0000000 0.0000000    0    0    0    0 0.8974375
[20,] 1.886916    0 1.4064228 2.8108625    0    0    0    0 0.8974375
[21,] 0.000000    0 0.9065727 1.8200876    0    0    0    0 0.0000000
[22,] 0.000000    0 0.7032114 1.4054312    0    0    0    0 0.0000000
[23,] 1.886916    0 0.9065727 1.8200876    0    0    0    0 0.8974375
[24,] 1.886916    0 2.3129955 4.6309501    0    0    0    0 0.8974375
[25,] 1.886916    0 1.4064228 2.8108625    0    0    0    0 0.8974375
[26,] 6.386189    0 0.2033613 0.4146564    0    0    0    0 3.0350964
[27,] 0.000000    0 2.0165067 4.0548316    0    0    0    0 0.0000000
[28,] 1.886916    0 0.7032114 1.4054312    0    0    0    0 0.8974375
[29,] 6.386189    0 0.6100839 1.2439691    0    0    0    0 3.0350964
[30,] 1.886916    0 0.9065727 1.8200876    0    0    0    0 0.8974375
[31,] 6.386189    0 1.6097841 3.2255189    0    0    0    0 3.0350964
[32,] 0.000000    0 0.2033613 0.4146564    0    0    0    0 0.0000000
[33,] 6.386189    0 0.7032114 1.4054312    0    0    0    0 3.0350964
[34,] 1.886916    0 2.1096342 4.2162937    0    0    0    0 0.8974375
[35,] 6.386189    0 2.1096342 4.2162937    0    0    0    0 3.0350964
[36,] 6.386189    0 0.0000000 0.0000000    0    0    0    0 3.0350964
[37,] 1.886916    0 1.6097841 3.2255189    0    0    0    0 0.8974375
[38,] 1.886916    0 1.6097841 3.2255189    0    0    0    0 0.8974375
[39,] 0.000000    0 0.0000000 0.0000000    0    0    0    0 0.0000000
[40,] 1.886916    0 1.1099340 2.2347440    0    0    0    0 0.8974375
[41,] 6.386189    0 1.1099340 2.2347440    0    0    0    0 3.0350964
[42,] 1.886916    0 0.7032114 1.4054312    0    0    0    0 0.8974375
[43,] 1.886916    0 0.9065727 1.8200876    0    0    0    0 0.8974375
[44,] 0.000000    0 0.4067226 0.8293127    0    0    0    0 0.0000000
[45,] 6.386189    0 0.7032114 1.4054312    0    0    0    0 3.0350964
[46,] 0.000000    0 0.4067226 0.8293127    0    0    0    0 0.0000000
[47,] 0.000000    0 1.1099340 2.2347440    0    0    0    0 0.0000000
[48,] 0.000000    0 1.6097841 3.2255189    0    0    0    0 0.0000000
[49,] 1.886916    0 0.9065727 1.8200876    0    0    0    0 0.8974375
[50,] 0.000000    0 0.4067226 0.8293127    0    0    0    0 0.0000000

$Bdatesampinfo
      DATE JULIAN N      Mean    Stdev
1 08/02/11   2040 1 0.0000000       NA
2 09/16/11   2085 6 0.0000000 0.000000
3 10/23/11   2122 5 0.0000000 0.000000
4 11/13/11   2143 5 0.6949808 1.199658
5 01/01/12   2192 5 0.0000000 0.000000
6 02/10/12   2232 4 0.0000000 0.000000
7 03/27/12   2278 5 0.0000000 0.000000
8 04/01/12   2283 2 0.0000000 0.000000
9 06/19/12   2362 5 0.0000000 0.000000

$Ndatesampinfo
      DATE JULIAN N     Mean    Stdev
1 08/02/11   2040 1  0.00000       NA
2 09/16/11   2085 6  0.00000   0.0000
3 10/23/11   2122 5  0.00000   0.0000
4 11/13/11   2143 5 93.33333 154.2805
5 01/01/12   2192 5  0.00000   0.0000
6 02/10/12   2232 4  0.00000   0.0000
7 03/27/12   2278 5  0.00000   0.0000
8 04/01/12   2283 2  0.00000   0.0000
9 06/19/12   2362 5  0.00000   0.0000

$Bdateboots
           [,1] [,2] [,3]      [,4] [,5] [,6] [,7] [,8] [,9]
 [1,] 2.7704650    0    0 1.2490738    0    0    0    0    0
 [2,] 0.7044388    0    0 0.2817755    0    0    0    0    0
 [3,] 0.0000000    0    0 0.2817755    0    0    0    0    0
 [4,] 0.7044388    0    0 0.5540930    0    0    0    0    0
 [5,] 0.0000000    0    0 0.8358685    0    0    0    0    0
 [6,] 0.7044388    0    0 0.1408878    0    0    0    0    0
 [7,] 0.0000000    0    0 0.0000000    0    0    0    0    0
 [8,] 0.7044388    0    0 0.6949808    0    0    0    0    0
 [9,] 0.0000000    0    0 0.5540930    0    0    0    0    0
[10,] 2.7704650    0    0 1.6622790    0    0    0    0    0
[11,] 0.7044388    0    0 1.1081860    0    0    0    0    0
[12,] 2.7704650    0    0 1.1081860    0    0    0    0    0
[13,] 2.7704650    0    0 0.2817755    0    0    0    0    0
[14,] 0.7044388    0    0 1.1081860    0    0    0    0    0
[15,] 0.7044388    0    0 0.6949808    0    0    0    0    0
[16,] 0.0000000    0    0 0.5540930    0    0    0    0    0
[17,] 2.7704650    0    0 0.5540930    0    0    0    0    0
[18,] 0.0000000    0    0 0.8358685    0    0    0    0    0
[19,] 0.7044388    0    0 0.0000000    0    0    0    0    0
[20,] 0.7044388    0    0 1.1081860    0    0    0    0    0
[21,] 0.0000000    0    0 0.6949808    0    0    0    0    0
[22,] 0.0000000    0    0 0.5540930    0    0    0    0    0
[23,] 0.7044388    0    0 0.6949808    0    0    0    0    0
[24,] 0.7044388    0    0 1.8031667    0    0    0    0    0
[25,] 0.7044388    0    0 1.1081860    0    0    0    0    0
[26,] 2.7704650    0    0 0.1408878    0    0    0    0    0
[27,] 0.0000000    0    0 1.5308493    0    0    0    0    0
[28,] 0.7044388    0    0 0.5540930    0    0    0    0    0
[29,] 2.7704650    0    0 0.4226633    0    0    0    0    0
[30,] 0.7044388    0    0 0.6949808    0    0    0    0    0
[31,] 2.7704650    0    0 1.2490738    0    0    0    0    0
[32,] 0.0000000    0    0 0.1408878    0    0    0    0    0
[33,] 2.7704650    0    0 0.5540930    0    0    0    0    0
[34,] 0.7044388    0    0 1.6622790    0    0    0    0    0
[35,] 2.7704650    0    0 1.6622790    0    0    0    0    0
[36,] 2.7704650    0    0 0.0000000    0    0    0    0    0
[37,] 0.7044388    0    0 1.2490738    0    0    0    0    0
[38,] 0.7044388    0    0 1.2490738    0    0    0    0    0
[39,] 0.0000000    0    0 0.0000000    0    0    0    0    0
[40,] 0.7044388    0    0 0.8358685    0    0    0    0    0
[41,] 2.7704650    0    0 0.8358685    0    0    0    0    0
[42,] 0.7044388    0    0 0.5540930    0    0    0    0    0
[43,] 0.7044388    0    0 0.6949808    0    0    0    0    0
[44,] 0.0000000    0    0 0.2817755    0    0    0    0    0
[45,] 2.7704650    0    0 0.5540930    0    0    0    0    0
[46,] 0.0000000    0    0 0.2817755    0    0    0    0    0
[47,] 0.0000000    0    0 0.8358685    0    0    0    0    0
[48,] 0.0000000    0    0 1.2490738    0    0    0    0    0
[49,] 0.7044388    0    0 0.6949808    0    0    0    0    0
[50,] 0.0000000    0    0 0.2817755    0    0    0    0    0

$Ndateboots
          [,1] [,2] [,3]      [,4] [,5] [,6] [,7] [,8] [,9]
 [1,] 355.5556    0    0 164.44444    0    0    0    0    0
 [2,] 111.1111    0    0  44.44444    0    0    0    0    0
 [3,]   0.0000    0    0  44.44444    0    0    0    0    0
 [4,] 111.1111    0    0  71.11111    0    0    0    0    0
 [5,]   0.0000    0    0 115.55556    0    0    0    0    0
 [6,] 111.1111    0    0  22.22222    0    0    0    0    0
 [7,]   0.0000    0    0   0.00000    0    0    0    0    0
 [8,] 111.1111    0    0  93.33333    0    0    0    0    0
 [9,]   0.0000    0    0  71.11111    0    0    0    0    0
[10,] 355.5556    0    0 213.33333    0    0    0    0    0
[11,] 111.1111    0    0 142.22222    0    0    0    0    0
[12,] 355.5556    0    0 142.22222    0    0    0    0    0
[13,] 355.5556    0    0  44.44444    0    0    0    0    0
[14,] 111.1111    0    0 142.22222    0    0    0    0    0
[15,] 111.1111    0    0  93.33333    0    0    0    0    0
[16,]   0.0000    0    0  71.11111    0    0    0    0    0
[17,] 355.5556    0    0  71.11111    0    0    0    0    0
[18,]   0.0000    0    0 115.55556    0    0    0    0    0
[19,] 111.1111    0    0   0.00000    0    0    0    0    0
[20,] 111.1111    0    0 142.22222    0    0    0    0    0
[21,]   0.0000    0    0  93.33333    0    0    0    0    0
[22,]   0.0000    0    0  71.11111    0    0    0    0    0
[23,] 111.1111    0    0  93.33333    0    0    0    0    0
[24,] 111.1111    0    0 235.55556    0    0    0    0    0
[25,] 111.1111    0    0 142.22222    0    0    0    0    0
[26,] 355.5556    0    0  22.22222    0    0    0    0    0
[27,]   0.0000    0    0 208.88889    0    0    0    0    0
[28,] 111.1111    0    0  71.11111    0    0    0    0    0
[29,] 355.5556    0    0  66.66667    0    0    0    0    0
[30,] 111.1111    0    0  93.33333    0    0    0    0    0
[31,] 355.5556    0    0 164.44444    0    0    0    0    0
[32,]   0.0000    0    0  22.22222    0    0    0    0    0
[33,] 355.5556    0    0  71.11111    0    0    0    0    0
[34,] 111.1111    0    0 213.33333    0    0    0    0    0
[35,] 355.5556    0    0 213.33333    0    0    0    0    0
[36,] 355.5556    0    0   0.00000    0    0    0    0    0
[37,] 111.1111    0    0 164.44444    0    0    0    0    0
[38,] 111.1111    0    0 164.44444    0    0    0    0    0
[39,]   0.0000    0    0   0.00000    0    0    0    0    0
[40,] 111.1111    0    0 115.55556    0    0    0    0    0
[41,] 355.5556    0    0 115.55556    0    0    0    0    0
[42,] 111.1111    0    0  71.11111    0    0    0    0    0
[43,] 111.1111    0    0  93.33333    0    0    0    0    0
[44,]   0.0000    0    0  44.44444    0    0    0    0    0
[45,] 355.5556    0    0  71.11111    0    0    0    0    0
[46,]   0.0000    0    0  44.44444    0    0    0    0    0
[47,]   0.0000    0    0 115.55556    0    0    0    0    0
[48,]   0.0000    0    0 164.44444    0    0    0    0    0
[49,] 111.1111    0    0  93.33333    0    0    0    0    0
[50,]   0.0000    0    0  44.44444    0    0    0    0    0

