$totdays
[1] 365

$Psampest
[1] 0.09964608

$Pbootest
      Mean       2.5%        50%      97.5% 
0.08561827 0.00000000 0.09964608 0.21088421 

$Pboots
 [1] 0.09964608 0.09964608 0.07856964 0.09964608 0.12072252 0.02107644 0.02107644
 [8] 0.02107644 0.02107644 0.02107644 0.00000000 0.09964608 0.22036861 0.15713928
[15] 0.00000000 0.12072252 0.12072252 0.09964608 0.09964608 0.04215288 0.09964608
[22] 0.02107644 0.02107644 0.12072252 0.12072252 0.00000000 0.00000000 0.09964608
[29] 0.07856964 0.07856964 0.17821572 0.07856964 0.02107644 0.09964608 0.00000000
[36] 0.25678536 0.17821572 0.09964608 0.17821572 0.09964608 0.04215288 0.14179897
[43] 0.09964608 0.07856964 0.07856964 0.06322933 0.09964608 0.08430577 0.02107644
[50] 0.17821572

$Bboots
 [1] 0.026276657 0.026276657 0.017783500 0.026276657 0.034769814 0.008493157 0.008493157
 [8] 0.008493157 0.008493157 0.008493157 0.000000000 0.026276657 0.061046472 0.035567001
[15] 0.000000000 0.034769814 0.034769814 0.026276657 0.026276657 0.016986314 0.026276657
[22] 0.008493157 0.008493157 0.034769814 0.034769814 0.000000000 0.000000000 0.026276657
[29] 0.017783500 0.017783500 0.044060158 0.017783500 0.008493157 0.026276657 0.000000000
[36] 0.061843658 0.044060158 0.026276657 0.044060158 0.026276657 0.016986314 0.043262971
[43] 0.026276657 0.017783500 0.017783500 0.025479471 0.026276657 0.033972628 0.008493157
[50] 0.044060158

$Nboots
 [1] 1.5873016 1.5873016 1.2345679 1.5873016 1.9400353 0.3527337 0.3527337 0.3527337
 [9] 0.3527337 0.3527337 0.0000000 1.5873016 3.5273369 2.4691358 0.0000000 1.9400353
[17] 1.9400353 1.5873016 1.5873016 0.7054674 1.5873016 0.3527337 0.3527337 1.9400353
[25] 1.9400353 0.0000000 0.0000000 1.5873016 1.2345679 1.2345679 2.8218695 1.2345679
[33] 0.3527337 1.5873016 0.0000000 4.0564374 2.8218695 1.5873016 2.8218695 1.5873016
[41] 0.7054674 2.2927690 1.5873016 1.2345679 1.2345679 1.0582011 1.5873016 1.4109347
[49] 0.3527337 2.8218695

$julians
 [1] 2040 2085 2122 2143 2172 2232 2278 2333 2362 2399

$intdays
 [1] 45 37 21 29 60 46 55 29 37  6

$Pintsampest
 [1] 0.000000000 0.000000000 0.008845074 0.037842164 0.052958844 0.000000000 0.000000000
 [8] 0.000000000 0.000000000 0.000000000

$Pintboots
      [,1] [,2]        [,3]       [,4]       [,5] [,6] [,7] [,8] [,9] [,10]
 [1,]    0    0 0.008845074 0.03784216 0.05295884    0    0    0    0     0
 [2,]    0    0 0.008845074 0.03784216 0.05295884    0    0    0    0     0
 [3,]    0    0 0.000000000 0.02561080 0.05295884    0    0    0    0     0
 [4,]    0    0 0.008845074 0.03784216 0.05295884    0    0    0    0     0
 [5,]    0    0 0.017690148 0.05007353 0.05295884    0    0    0    0     0
 [6,]    0    0 0.008845074 0.01223137 0.00000000    0    0    0    0     0
 [7,]    0    0 0.008845074 0.01223137 0.00000000    0    0    0    0     0
 [8,]    0    0 0.008845074 0.01223137 0.00000000    0    0    0    0     0
 [9,]    0    0 0.008845074 0.01223137 0.00000000    0    0    0    0     0
[10,]    0    0 0.008845074 0.01223137 0.00000000    0    0    0    0     0
[11,]    0    0 0.000000000 0.00000000 0.00000000    0    0    0    0     0
[12,]    0    0 0.008845074 0.03784216 0.05295884    0    0    0    0     0
[13,]    0    0 0.026535223 0.08791570 0.10591769    0    0    0    0     0
[14,]    0    0 0.000000000 0.05122159 0.10591769    0    0    0    0     0
[15,]    0    0 0.000000000 0.00000000 0.00000000    0    0    0    0     0
[16,]    0    0 0.017690148 0.05007353 0.05295884    0    0    0    0     0
[17,]    0    0 0.017690148 0.05007353 0.05295884    0    0    0    0     0
[18,]    0    0 0.008845074 0.03784216 0.05295884    0    0    0    0     0
[19,]    0    0 0.008845074 0.03784216 0.05295884    0    0    0    0     0
[20,]    0    0 0.017690148 0.02446274 0.00000000    0    0    0    0     0
[21,]    0    0 0.008845074 0.03784216 0.05295884    0    0    0    0     0
[22,]    0    0 0.008845074 0.01223137 0.00000000    0    0    0    0     0
[23,]    0    0 0.008845074 0.01223137 0.00000000    0    0    0    0     0
[24,]    0    0 0.017690148 0.05007353 0.05295884    0    0    0    0     0
[25,]    0    0 0.017690148 0.05007353 0.05295884    0    0    0    0     0
[26,]    0    0 0.000000000 0.00000000 0.00000000    0    0    0    0     0
[27,]    0    0 0.000000000 0.00000000 0.00000000    0    0    0    0     0
[28,]    0    0 0.008845074 0.03784216 0.05295884    0    0    0    0     0
[29,]    0    0 0.000000000 0.02561080 0.05295884    0    0    0    0     0
[30,]    0    0 0.000000000 0.02561080 0.05295884    0    0    0    0     0
[31,]    0    0 0.008845074 0.06345296 0.10591769    0    0    0    0     0
[32,]    0    0 0.000000000 0.02561080 0.05295884    0    0    0    0     0
[33,]    0    0 0.008845074 0.01223137 0.00000000    0    0    0    0     0
[34,]    0    0 0.008845074 0.03784216 0.05295884    0    0    0    0     0
[35,]    0    0 0.000000000 0.00000000 0.00000000    0    0    0    0     0
[36,]    0    0 0.008845074 0.08906376 0.15887653    0    0    0    0     0
[37,]    0    0 0.008845074 0.06345296 0.10591769    0    0    0    0     0
[38,]    0    0 0.008845074 0.03784216 0.05295884    0    0    0    0     0
[39,]    0    0 0.008845074 0.06345296 0.10591769    0    0    0    0     0
[40,]    0    0 0.008845074 0.03784216 0.05295884    0    0    0    0     0
[41,]    0    0 0.017690148 0.02446274 0.00000000    0    0    0    0     0
[42,]    0    0 0.026535223 0.06230490 0.05295884    0    0    0    0     0
[43,]    0    0 0.008845074 0.03784216 0.05295884    0    0    0    0     0
[44,]    0    0 0.000000000 0.02561080 0.05295884    0    0    0    0     0
[45,]    0    0 0.000000000 0.02561080 0.05295884    0    0    0    0     0
[46,]    0    0 0.026535223 0.03669410 0.00000000    0    0    0    0     0
[47,]    0    0 0.008845074 0.03784216 0.05295884    0    0    0    0     0
[48,]    0    0 0.035380297 0.04892547 0.00000000    0    0    0    0     0
[49,]    0    0 0.008845074 0.01223137 0.00000000    0    0    0    0     0
[50,]    0    0 0.008845074 0.06345296 0.10591769    0    0    0    0     0

$Bdatesampinfo
       DATE JULIAN N       Mean    Stdev
1  08/02/11   2040 4 0.00000000 0.000000
2  09/16/11   2085 5 0.00000000 0.000000
3  10/23/11   2122 4 0.00000000 0.000000
4  11/13/11   2143 7 0.07643841 0.202237
5  12/12/11   2172 4 0.16005150 0.320103
6  02/10/12   2232 5 0.00000000 0.000000
7  03/27/12   2278 2 0.00000000 0.000000
8  05/21/12   2333 3 0.00000000 0.000000
9  06/19/12   2362 5 0.00000000 0.000000
10 07/26/12   2399 3 0.00000000 0.000000

$Ndatesampinfo
       DATE JULIAN N      Mean     Stdev
1  08/02/11   2040 4  0.000000  0.000000
2  09/16/11   2085 5  0.000000  0.000000
3  10/23/11   2122 4  0.000000  0.000000
4  11/13/11   2143 7  3.174603  8.399211
5  12/12/11   2172 4 11.111111 22.222222
6  02/10/12   2232 5  0.000000  0.000000
7  03/27/12   2278 2  0.000000  0.000000
8  05/21/12   2333 3  0.000000  0.000000
9  06/19/12   2362 5  0.000000  0.000000
10 07/26/12   2399 3  0.000000  0.000000

$Bdateboots
      [,1] [,2] [,3]       [,4]      [,5] [,6] [,7] [,8] [,9] [,10]
 [1,]    0    0    0 0.07643841 0.1600515    0    0    0    0     0
 [2,]    0    0    0 0.07643841 0.1600515    0    0    0    0     0
 [3,]    0    0    0 0.00000000 0.1600515    0    0    0    0     0
 [4,]    0    0    0 0.07643841 0.1600515    0    0    0    0     0
 [5,]    0    0    0 0.15287683 0.1600515    0    0    0    0     0
 [6,]    0    0    0 0.07643841 0.0000000    0    0    0    0     0
 [7,]    0    0    0 0.07643841 0.0000000    0    0    0    0     0
 [8,]    0    0    0 0.07643841 0.0000000    0    0    0    0     0
 [9,]    0    0    0 0.07643841 0.0000000    0    0    0    0     0
[10,]    0    0    0 0.07643841 0.0000000    0    0    0    0     0
[11,]    0    0    0 0.00000000 0.0000000    0    0    0    0     0
[12,]    0    0    0 0.07643841 0.1600515    0    0    0    0     0
[13,]    0    0    0 0.22931524 0.3201030    0    0    0    0     0
[14,]    0    0    0 0.00000000 0.3201030    0    0    0    0     0
[15,]    0    0    0 0.00000000 0.0000000    0    0    0    0     0
[16,]    0    0    0 0.15287683 0.1600515    0    0    0    0     0
[17,]    0    0    0 0.15287683 0.1600515    0    0    0    0     0
[18,]    0    0    0 0.07643841 0.1600515    0    0    0    0     0
[19,]    0    0    0 0.07643841 0.1600515    0    0    0    0     0
[20,]    0    0    0 0.15287683 0.0000000    0    0    0    0     0
[21,]    0    0    0 0.07643841 0.1600515    0    0    0    0     0
[22,]    0    0    0 0.07643841 0.0000000    0    0    0    0     0
[23,]    0    0    0 0.07643841 0.0000000    0    0    0    0     0
[24,]    0    0    0 0.15287683 0.1600515    0    0    0    0     0
[25,]    0    0    0 0.15287683 0.1600515    0    0    0    0     0
[26,]    0    0    0 0.00000000 0.0000000    0    0    0    0     0
[27,]    0    0    0 0.00000000 0.0000000    0    0    0    0     0
[28,]    0    0    0 0.07643841 0.1600515    0    0    0    0     0
[29,]    0    0    0 0.00000000 0.1600515    0    0    0    0     0
[30,]    0    0    0 0.00000000 0.1600515    0    0    0    0     0
[31,]    0    0    0 0.07643841 0.3201030    0    0    0    0     0
[32,]    0    0    0 0.00000000 0.1600515    0    0    0    0     0
[33,]    0    0    0 0.07643841 0.0000000    0    0    0    0     0
[34,]    0    0    0 0.07643841 0.1600515    0    0    0    0     0
[35,]    0    0    0 0.00000000 0.0000000    0    0    0    0     0
[36,]    0    0    0 0.07643841 0.4801545    0    0    0    0     0
[37,]    0    0    0 0.07643841 0.3201030    0    0    0    0     0
[38,]    0    0    0 0.07643841 0.1600515    0    0    0    0     0
[39,]    0    0    0 0.07643841 0.3201030    0    0    0    0     0
[40,]    0    0    0 0.07643841 0.1600515    0    0    0    0     0
[41,]    0    0    0 0.15287683 0.0000000    0    0    0    0     0
[42,]    0    0    0 0.22931524 0.1600515    0    0    0    0     0
[43,]    0    0    0 0.07643841 0.1600515    0    0    0    0     0
[44,]    0    0    0 0.00000000 0.1600515    0    0    0    0     0
[45,]    0    0    0 0.00000000 0.1600515    0    0    0    0     0
[46,]    0    0    0 0.22931524 0.0000000    0    0    0    0     0
[47,]    0    0    0 0.07643841 0.1600515    0    0    0    0     0
[48,]    0    0    0 0.30575365 0.0000000    0    0    0    0     0
[49,]    0    0    0 0.07643841 0.0000000    0    0    0    0     0
[50,]    0    0    0 0.07643841 0.3201030    0    0    0    0     0

$Ndateboots
      [,1] [,2] [,3]      [,4]     [,5] [,6] [,7] [,8] [,9] [,10]
 [1,]    0    0    0  3.174603 11.11111    0    0    0    0     0
 [2,]    0    0    0  3.174603 11.11111    0    0    0    0     0
 [3,]    0    0    0  0.000000 11.11111    0    0    0    0     0
 [4,]    0    0    0  3.174603 11.11111    0    0    0    0     0
 [5,]    0    0    0  6.349206 11.11111    0    0    0    0     0
 [6,]    0    0    0  3.174603  0.00000    0    0    0    0     0
 [7,]    0    0    0  3.174603  0.00000    0    0    0    0     0
 [8,]    0    0    0  3.174603  0.00000    0    0    0    0     0
 [9,]    0    0    0  3.174603  0.00000    0    0    0    0     0
[10,]    0    0    0  3.174603  0.00000    0    0    0    0     0
[11,]    0    0    0  0.000000  0.00000    0    0    0    0     0
[12,]    0    0    0  3.174603 11.11111    0    0    0    0     0
[13,]    0    0    0  9.523810 22.22222    0    0    0    0     0
[14,]    0    0    0  0.000000 22.22222    0    0    0    0     0
[15,]    0    0    0  0.000000  0.00000    0    0    0    0     0
[16,]    0    0    0  6.349206 11.11111    0    0    0    0     0
[17,]    0    0    0  6.349206 11.11111    0    0    0    0     0
[18,]    0    0    0  3.174603 11.11111    0    0    0    0     0
[19,]    0    0    0  3.174603 11.11111    0    0    0    0     0
[20,]    0    0    0  6.349206  0.00000    0    0    0    0     0
[21,]    0    0    0  3.174603 11.11111    0    0    0    0     0
[22,]    0    0    0  3.174603  0.00000    0    0    0    0     0
[23,]    0    0    0  3.174603  0.00000    0    0    0    0     0
[24,]    0    0    0  6.349206 11.11111    0    0    0    0     0
[25,]    0    0    0  6.349206 11.11111    0    0    0    0     0
[26,]    0    0    0  0.000000  0.00000    0    0    0    0     0
[27,]    0    0    0  0.000000  0.00000    0    0    0    0     0
[28,]    0    0    0  3.174603 11.11111    0    0    0    0     0
[29,]    0    0    0  0.000000 11.11111    0    0    0    0     0
[30,]    0    0    0  0.000000 11.11111    0    0    0    0     0
[31,]    0    0    0  3.174603 22.22222    0    0    0    0     0
[32,]    0    0    0  0.000000 11.11111    0    0    0    0     0
[33,]    0    0    0  3.174603  0.00000    0    0    0    0     0
[34,]    0    0    0  3.174603 11.11111    0    0    0    0     0
[35,]    0    0    0  0.000000  0.00000    0    0    0    0     0
[36,]    0    0    0  3.174603 33.33333    0    0    0    0     0
[37,]    0    0    0  3.174603 22.22222    0    0    0    0     0
[38,]    0    0    0  3.174603 11.11111    0    0    0    0     0
[39,]    0    0    0  3.174603 22.22222    0    0    0    0     0
[40,]    0    0    0  3.174603 11.11111    0    0    0    0     0
[41,]    0    0    0  6.349206  0.00000    0    0    0    0     0
[42,]    0    0    0  9.523810 11.11111    0    0    0    0     0
[43,]    0    0    0  3.174603 11.11111    0    0    0    0     0
[44,]    0    0    0  0.000000 11.11111    0    0    0    0     0
[45,]    0    0    0  0.000000 11.11111    0    0    0    0     0
[46,]    0    0    0  9.523810  0.00000    0    0    0    0     0
[47,]    0    0    0  3.174603 11.11111    0    0    0    0     0
[48,]    0    0    0 12.698413  0.00000    0    0    0    0     0
[49,]    0    0    0  3.174603  0.00000    0    0    0    0     0
[50,]    0    0    0  3.174603 22.22222    0    0    0    0     0

