$totdays
[1] 365

$Psampest
[1] 0.599363

$Pbootest
     Mean      2.5%       50%     97.5% 
0.6832738 0.0000000 0.5993630 1.7980890 

$Pboots
 [1] 0.599363 0.599363 0.599363 0.599363 0.599363 0.599363 0.599363 0.000000 1.798089
[10] 0.599363 0.000000 0.599363 1.798089 0.599363 0.000000 1.198726 0.000000 1.198726
[19] 1.198726 2.996815 0.599363 0.599363 0.000000 0.000000 0.599363 0.000000 0.000000
[28] 0.599363 0.599363 0.000000 0.599363 1.798089 0.599363 0.000000 0.000000 0.599363
[37] 1.798089 0.000000 0.599363 1.198726 0.599363 0.599363 0.599363 0.599363 0.599363
[46] 1.198726 0.000000 1.798089 1.198726 0.599363

$Bboots
 [1] 0.02163708 0.02163708 0.02163708 0.02163708 0.02163708 0.02163708 0.02163708
 [8] 0.00000000 0.06491124 0.02163708 0.00000000 0.02163708 0.06491124 0.02163708
[15] 0.00000000 0.04327416 0.00000000 0.04327416 0.04327416 0.10818541 0.02163708
[22] 0.02163708 0.00000000 0.00000000 0.02163708 0.00000000 0.00000000 0.02163708
[29] 0.02163708 0.00000000 0.02163708 0.06491124 0.02163708 0.00000000 0.00000000
[36] 0.02163708 0.06491124 0.00000000 0.02163708 0.04327416 0.02163708 0.02163708
[43] 0.02163708 0.02163708 0.02163708 0.04327416 0.00000000 0.06491124 0.04327416
[50] 0.02163708

$Nboots
 [1] 0.1763668 0.1763668 0.1763668 0.1763668 0.1763668 0.1763668 0.1763668 0.0000000
 [9] 0.5291005 0.1763668 0.0000000 0.1763668 0.5291005 0.1763668 0.0000000 0.3527337
[17] 0.0000000 0.3527337 0.3527337 0.8818342 0.1763668 0.1763668 0.0000000 0.0000000
[25] 0.1763668 0.0000000 0.0000000 0.1763668 0.1763668 0.0000000 0.1763668 0.5291005
[33] 0.1763668 0.0000000 0.0000000 0.1763668 0.5291005 0.0000000 0.1763668 0.3527337
[41] 0.1763668 0.1763668 0.1763668 0.1763668 0.1763668 0.3527337 0.0000000 0.5291005
[49] 0.3527337 0.1763668

$julians
 [1] 2040 2085 2122 2143 2172 2232 2278 2333 2362 2399

$intdays
 [1] 45 37 21 29 60 46 55 29 37  6

$Pintsampest
 [1] 0.0000000 0.0000000 0.2481747 0.3511883 0.0000000 0.0000000 0.0000000 0.0000000
 [9] 0.0000000 0.0000000

$Pintboots
      [,1] [,2]      [,3]      [,4] [,5] [,6] [,7] [,8] [,9] [,10]
 [1,]    0    0 0.2481747 0.3511883    0    0    0    0    0     0
 [2,]    0    0 0.2481747 0.3511883    0    0    0    0    0     0
 [3,]    0    0 0.2481747 0.3511883    0    0    0    0    0     0
 [4,]    0    0 0.2481747 0.3511883    0    0    0    0    0     0
 [5,]    0    0 0.2481747 0.3511883    0    0    0    0    0     0
 [6,]    0    0 0.2481747 0.3511883    0    0    0    0    0     0
 [7,]    0    0 0.2481747 0.3511883    0    0    0    0    0     0
 [8,]    0    0 0.0000000 0.0000000    0    0    0    0    0     0
 [9,]    0    0 0.7445240 1.0535650    0    0    0    0    0     0
[10,]    0    0 0.2481747 0.3511883    0    0    0    0    0     0
[11,]    0    0 0.0000000 0.0000000    0    0    0    0    0     0
[12,]    0    0 0.2481747 0.3511883    0    0    0    0    0     0
[13,]    0    0 0.7445240 1.0535650    0    0    0    0    0     0
[14,]    0    0 0.2481747 0.3511883    0    0    0    0    0     0
[15,]    0    0 0.0000000 0.0000000    0    0    0    0    0     0
[16,]    0    0 0.4963493 0.7023766    0    0    0    0    0     0
[17,]    0    0 0.0000000 0.0000000    0    0    0    0    0     0
[18,]    0    0 0.4963493 0.7023766    0    0    0    0    0     0
[19,]    0    0 0.4963493 0.7023766    0    0    0    0    0     0
[20,]    0    0 1.2408734 1.7559416    0    0    0    0    0     0
[21,]    0    0 0.2481747 0.3511883    0    0    0    0    0     0
[22,]    0    0 0.2481747 0.3511883    0    0    0    0    0     0
[23,]    0    0 0.0000000 0.0000000    0    0    0    0    0     0
[24,]    0    0 0.0000000 0.0000000    0    0    0    0    0     0
[25,]    0    0 0.2481747 0.3511883    0    0    0    0    0     0
[26,]    0    0 0.0000000 0.0000000    0    0    0    0    0     0
[27,]    0    0 0.0000000 0.0000000    0    0    0    0    0     0
[28,]    0    0 0.2481747 0.3511883    0    0    0    0    0     0
[29,]    0    0 0.2481747 0.3511883    0    0    0    0    0     0
[30,]    0    0 0.0000000 0.0000000    0    0    0    0    0     0
[31,]    0    0 0.2481747 0.3511883    0    0    0    0    0     0
[32,]    0    0 0.7445240 1.0535650    0    0    0    0    0     0
[33,]    0    0 0.2481747 0.3511883    0    0    0    0    0     0
[34,]    0    0 0.0000000 0.0000000    0    0    0    0    0     0
[35,]    0    0 0.0000000 0.0000000    0    0    0    0    0     0
[36,]    0    0 0.2481747 0.3511883    0    0    0    0    0     0
[37,]    0    0 0.7445240 1.0535650    0    0    0    0    0     0
[38,]    0    0 0.0000000 0.0000000    0    0    0    0    0     0
[39,]    0    0 0.2481747 0.3511883    0    0    0    0    0     0
[40,]    0    0 0.4963493 0.7023766    0    0    0    0    0     0
[41,]    0    0 0.2481747 0.3511883    0    0    0    0    0     0
[42,]    0    0 0.2481747 0.3511883    0    0    0    0    0     0
[43,]    0    0 0.2481747 0.3511883    0    0    0    0    0     0
[44,]    0    0 0.2481747 0.3511883    0    0    0    0    0     0
[45,]    0    0 0.2481747 0.3511883    0    0    0    0    0     0
[46,]    0    0 0.4963493 0.7023766    0    0    0    0    0     0
[47,]    0    0 0.0000000 0.0000000    0    0    0    0    0     0
[48,]    0    0 0.7445240 1.0535650    0    0    0    0    0     0
[49,]    0    0 0.4963493 0.7023766    0    0    0    0    0     0
[50,]    0    0 0.2481747 0.3511883    0    0    0    0    0     0

$Bdatesampinfo
       DATE JULIAN N      Mean    Stdev
1  08/02/11   2040 4 0.0000000 0.000000
2  09/16/11   2085 5 0.0000000 0.000000
3  10/23/11   2122 4 0.0000000 0.000000
4  11/13/11   2143 7 0.1947337 0.515217
5  12/12/11   2172 4 0.0000000 0.000000
6  02/10/12   2232 5 0.0000000 0.000000
7  03/27/12   2278 2 0.0000000 0.000000
8  05/21/12   2333 3 0.0000000 0.000000
9  06/19/12   2362 5 0.0000000 0.000000
10 07/26/12   2399 3 0.0000000 0.000000

$Ndatesampinfo
       DATE JULIAN N     Mean    Stdev
1  08/02/11   2040 4 0.000000 0.000000
2  09/16/11   2085 5 0.000000 0.000000
3  10/23/11   2122 4 0.000000 0.000000
4  11/13/11   2143 7 1.587302 4.199605
5  12/12/11   2172 4 0.000000 0.000000
6  02/10/12   2232 5 0.000000 0.000000
7  03/27/12   2278 2 0.000000 0.000000
8  05/21/12   2333 3 0.000000 0.000000
9  06/19/12   2362 5 0.000000 0.000000
10 07/26/12   2399 3 0.000000 0.000000

$Bdateboots
      [,1] [,2] [,3]      [,4] [,5] [,6] [,7] [,8] [,9] [,10]
 [1,]    0    0    0 0.1947337    0    0    0    0    0     0
 [2,]    0    0    0 0.1947337    0    0    0    0    0     0
 [3,]    0    0    0 0.1947337    0    0    0    0    0     0
 [4,]    0    0    0 0.1947337    0    0    0    0    0     0
 [5,]    0    0    0 0.1947337    0    0    0    0    0     0
 [6,]    0    0    0 0.1947337    0    0    0    0    0     0
 [7,]    0    0    0 0.1947337    0    0    0    0    0     0
 [8,]    0    0    0 0.0000000    0    0    0    0    0     0
 [9,]    0    0    0 0.5842012    0    0    0    0    0     0
[10,]    0    0    0 0.1947337    0    0    0    0    0     0
[11,]    0    0    0 0.0000000    0    0    0    0    0     0
[12,]    0    0    0 0.1947337    0    0    0    0    0     0
[13,]    0    0    0 0.5842012    0    0    0    0    0     0
[14,]    0    0    0 0.1947337    0    0    0    0    0     0
[15,]    0    0    0 0.0000000    0    0    0    0    0     0
[16,]    0    0    0 0.3894675    0    0    0    0    0     0
[17,]    0    0    0 0.0000000    0    0    0    0    0     0
[18,]    0    0    0 0.3894675    0    0    0    0    0     0
[19,]    0    0    0 0.3894675    0    0    0    0    0     0
[20,]    0    0    0 0.9736687    0    0    0    0    0     0
[21,]    0    0    0 0.1947337    0    0    0    0    0     0
[22,]    0    0    0 0.1947337    0    0    0    0    0     0
[23,]    0    0    0 0.0000000    0    0    0    0    0     0
[24,]    0    0    0 0.0000000    0    0    0    0    0     0
[25,]    0    0    0 0.1947337    0    0    0    0    0     0
[26,]    0    0    0 0.0000000    0    0    0    0    0     0
[27,]    0    0    0 0.0000000    0    0    0    0    0     0
[28,]    0    0    0 0.1947337    0    0    0    0    0     0
[29,]    0    0    0 0.1947337    0    0    0    0    0     0
[30,]    0    0    0 0.0000000    0    0    0    0    0     0
[31,]    0    0    0 0.1947337    0    0    0    0    0     0
[32,]    0    0    0 0.5842012    0    0    0    0    0     0
[33,]    0    0    0 0.1947337    0    0    0    0    0     0
[34,]    0    0    0 0.0000000    0    0    0    0    0     0
[35,]    0    0    0 0.0000000    0    0    0    0    0     0
[36,]    0    0    0 0.1947337    0    0    0    0    0     0
[37,]    0    0    0 0.5842012    0    0    0    0    0     0
[38,]    0    0    0 0.0000000    0    0    0    0    0     0
[39,]    0    0    0 0.1947337    0    0    0    0    0     0
[40,]    0    0    0 0.3894675    0    0    0    0    0     0
[41,]    0    0    0 0.1947337    0    0    0    0    0     0
[42,]    0    0    0 0.1947337    0    0    0    0    0     0
[43,]    0    0    0 0.1947337    0    0    0    0    0     0
[44,]    0    0    0 0.1947337    0    0    0    0    0     0
[45,]    0    0    0 0.1947337    0    0    0    0    0     0
[46,]    0    0    0 0.3894675    0    0    0    0    0     0
[47,]    0    0    0 0.0000000    0    0    0    0    0     0
[48,]    0    0    0 0.5842012    0    0    0    0    0     0
[49,]    0    0    0 0.3894675    0    0    0    0    0     0
[50,]    0    0    0 0.1947337    0    0    0    0    0     0

$Ndateboots
      [,1] [,2] [,3]     [,4] [,5] [,6] [,7] [,8] [,9] [,10]
 [1,]    0    0    0 1.587302    0    0    0    0    0     0
 [2,]    0    0    0 1.587302    0    0    0    0    0     0
 [3,]    0    0    0 1.587302    0    0    0    0    0     0
 [4,]    0    0    0 1.587302    0    0    0    0    0     0
 [5,]    0    0    0 1.587302    0    0    0    0    0     0
 [6,]    0    0    0 1.587302    0    0    0    0    0     0
 [7,]    0    0    0 1.587302    0    0    0    0    0     0
 [8,]    0    0    0 0.000000    0    0    0    0    0     0
 [9,]    0    0    0 4.761905    0    0    0    0    0     0
[10,]    0    0    0 1.587302    0    0    0    0    0     0
[11,]    0    0    0 0.000000    0    0    0    0    0     0
[12,]    0    0    0 1.587302    0    0    0    0    0     0
[13,]    0    0    0 4.761905    0    0    0    0    0     0
[14,]    0    0    0 1.587302    0    0    0    0    0     0
[15,]    0    0    0 0.000000    0    0    0    0    0     0
[16,]    0    0    0 3.174603    0    0    0    0    0     0
[17,]    0    0    0 0.000000    0    0    0    0    0     0
[18,]    0    0    0 3.174603    0    0    0    0    0     0
[19,]    0    0    0 3.174603    0    0    0    0    0     0
[20,]    0    0    0 7.936508    0    0    0    0    0     0
[21,]    0    0    0 1.587302    0    0    0    0    0     0
[22,]    0    0    0 1.587302    0    0    0    0    0     0
[23,]    0    0    0 0.000000    0    0    0    0    0     0
[24,]    0    0    0 0.000000    0    0    0    0    0     0
[25,]    0    0    0 1.587302    0    0    0    0    0     0
[26,]    0    0    0 0.000000    0    0    0    0    0     0
[27,]    0    0    0 0.000000    0    0    0    0    0     0
[28,]    0    0    0 1.587302    0    0    0    0    0     0
[29,]    0    0    0 1.587302    0    0    0    0    0     0
[30,]    0    0    0 0.000000    0    0    0    0    0     0
[31,]    0    0    0 1.587302    0    0    0    0    0     0
[32,]    0    0    0 4.761905    0    0    0    0    0     0
[33,]    0    0    0 1.587302    0    0    0    0    0     0
[34,]    0    0    0 0.000000    0    0    0    0    0     0
[35,]    0    0    0 0.000000    0    0    0    0    0     0
[36,]    0    0    0 1.587302    0    0    0    0    0     0
[37,]    0    0    0 4.761905    0    0    0    0    0     0
[38,]    0    0    0 0.000000    0    0    0    0    0     0
[39,]    0    0    0 1.587302    0    0    0    0    0     0
[40,]    0    0    0 3.174603    0    0    0    0    0     0
[41,]    0    0    0 1.587302    0    0    0    0    0     0
[42,]    0    0    0 1.587302    0    0    0    0    0     0
[43,]    0    0    0 1.587302    0    0    0    0    0     0
[44,]    0    0    0 1.587302    0    0    0    0    0     0
[45,]    0    0    0 1.587302    0    0    0    0    0     0
[46,]    0    0    0 3.174603    0    0    0    0    0     0
[47,]    0    0    0 0.000000    0    0    0    0    0     0
[48,]    0    0    0 4.761905    0    0    0    0    0     0
[49,]    0    0    0 3.174603    0    0    0    0    0     0
[50,]    0    0    0 1.587302    0    0    0    0    0     0

