$totdays
[1] 365

$Psampest
[1] 95.72526

$Pbootest
     Mean      2.5%       50%     97.5% 
 94.90665  53.42567  96.53667 138.19347 

$Pboots
 [1]  65.03676  96.24889 138.38262 114.55312 128.03053 109.01229  68.97044 104.04325
 [9]  87.62612  81.71338  70.60879  52.83452 114.63561  93.22558  55.21100  69.37672
[17]  59.22951 110.64752 120.99076  99.16767  96.30263 133.16405  75.01482 136.96583
[25] 111.84471 107.29293 137.54196 104.67926 102.07837 101.98276  91.63210  63.41722
[33]  60.16188  96.77071 138.59347  69.66444  79.06164  72.66735  52.90735 104.57049
[41]  81.69905  90.14626 111.02594  71.48483 108.46859 110.67280  93.63435 107.27226
[49] 121.40549  73.66394

$Bboots
 [1] 21.41874 27.67336 28.32170 19.99966 24.98074 20.94520 23.30283 25.31725 24.35208
[10] 21.88499 16.26963 16.96416 27.62779 24.10870 18.01764 18.02873 20.46802 28.62332
[19] 26.69013 27.00408 23.36748 27.44226 19.08133 28.22217 26.84781 24.84939 29.48190
[28] 21.72096 27.53736 24.42292 23.59771 20.36866 18.51477 23.61047 26.05643 18.99579
[37] 21.19278 16.90815 18.18228 23.62734 21.94379 25.58699 22.20913 25.58600 24.16731
[46] 23.55299 25.35212 22.16431 24.00022 21.80252

$Nboots
 [1] 184.6465 193.5354 252.5253 244.0404 197.9798 209.2929 171.3131 238.7879 223.0303
[10] 189.4949 148.2828 126.0606 240.8081 183.4343 134.9495 138.1818 169.2929 183.4343
[19] 208.8889 217.3737 195.5556 224.2424 135.7576 203.6364 205.2525 223.4343 219.7980
[28] 172.1212 243.6364 202.0202 172.1212 177.3737 135.3535 193.5354 217.7778 212.1212
[37] 186.6667 162.0202 140.6061 233.9394 151.9192 156.7677 183.0303 148.6869 186.2626
[46] 172.5253 211.3131 248.0808 198.3838 162.8283

$julians
 [1] 1760 1795 1844 1880 1902 1934 1955 1999 2026 2054 2089 2124

$intdays
 [1] 35 49 36 22 32 21 44 27 28 35 35  1

$Pintsampest
 [1]  5.118922319  2.590495892  0.025284287  0.008233475  0.005004150  0.000000000
 [7]  0.000000000  8.772096033 43.342432521 30.671136787  4.950695876  0.240955758

$Pintboots
           [,1]      [,2]        [,3]        [,4]       [,5] [,6] [,7]      [,8]
 [1,]  6.252050 3.1340166 0.034075559 0.008233475 0.00500415    0    0  8.772096
 [2,]  4.216837 2.3838753 0.037997204 0.017510743 0.01501245    0    0 17.544192
 [3,]  7.205900 2.8393637 0.016634562 0.004793122 0.00000000    0    0  8.772096
 [4,]  9.786571 6.7031854 0.020556207 0.010630036 0.00500415    0    0  0.000000
 [5,]  6.064190 4.3659226 0.025284287 0.004793122 0.00000000    0    0 17.544192
 [6,]  6.455962 2.5400547 0.026373814 0.000000000 0.00000000    0    0  0.000000
 [7,]  3.100739 0.5663940 0.030153914 0.005836914 0.00500415    0    0  8.772096
 [8,]  8.348133 4.7295247 0.012571371 0.009277268 0.01000830    0    0  0.000000
 [9,]  7.301164 4.7129026 0.042725285 0.018554535 0.02001660    0    0  8.772096
[10,]  5.690618 2.8511370 0.029205932 0.010630036 0.00500415    0    0  8.772096
[11,]  5.554502 2.7767640 0.008791271 0.006880707 0.01000830    0    0  8.772096
[12,]  1.477728 0.2074481 0.003921645 0.002396561 0.00000000    0    0  0.000000
[13,]  9.497372 6.5574712 0.012712916 0.005836914 0.00500415    0    0 17.544192
[14,]  3.679219 2.3332414 0.035023540 0.000000000 0.00000000    0    0  8.772096
[15,]  3.894860 0.4918283 0.025284287 0.011673828 0.01000830    0    0  0.000000
[16,]  3.319461 0.4396938 0.029347478 0.010630036 0.00500415    0    0  0.000000
[17,]  5.151847 2.3819893 0.029064387 0.014070389 0.01000830    0    0  0.000000
[18,]  3.087936 0.4933290 0.030012368 0.002396561 0.00000000    0    0 26.316288
[19,]  3.692550 2.2973437 0.020414661 0.014070389 0.01000830    0    0  8.772096
[20,]  3.825071 2.4464750 0.037997204 0.010630036 0.00500415    0    0  8.772096
[21,]  7.781719 4.6671176 0.012712916 0.002396561 0.00000000    0    0 17.544192
[22,]  2.112177 1.0353490 0.034075559 0.008233475 0.00500415    0    0  8.772096
[23,]  3.267070 0.4380006 0.012712916 0.005836914 0.00500415    0    0  8.772096
[24,]  4.117555 2.8092751 0.029347478 0.010630036 0.00500415    0    0 17.544192
[25,]  4.694233 2.8614096 0.025284287 0.008233475 0.00500415    0    0 17.544192
[26,]  7.483682 2.6127344 0.034075559 0.011673828 0.01000830    0    0  0.000000
[27,]  3.937413 0.4798624 0.016493016 0.008233475 0.00500415    0    0 17.544192
[28,]  1.955532 0.9811359 0.025142742 0.004793122 0.00000000    0    0  8.772096
[29,]  7.413995 4.4705769 0.033127578 0.019907304 0.01501245    0    0  8.772096
[30,]  3.612223 0.5323823 0.008791271 0.006880707 0.01000830    0    0  0.000000
[31,]  2.610855 0.7627420 0.029205932 0.010630036 0.00500415    0    0  8.772096
[32,]  5.797939 2.9135441 0.025142742 0.004793122 0.00000000    0    0  0.000000
[33,]  3.032576 1.0336557 0.021362642 0.009277268 0.01000830    0    0  0.000000
[34,]  6.034975 2.6020765 0.025949177 0.003440353 0.00500415    0    0  8.772096
[35,]  5.043774 2.2229707 0.003921645 0.005836914 0.00500415    0    0 17.544192
[36,] 10.404114 6.4948715 0.016634562 0.008233475 0.00500415    0    0  0.000000
[37,]  4.688625 2.6140424 0.038662094 0.002396561 0.00000000    0    0  0.000000
[38,]  4.471528 1.2300037 0.008649726 0.003440353 0.00500415    0    0  0.000000
[39,]  1.987176 0.7965611 0.038662094 0.005836914 0.00500415    0    0  0.000000
[40,]  7.315348 4.6891634 0.029205932 0.010630036 0.00500415    0    0  0.000000
[41,]  1.860389 0.5004077 0.020414661 0.017510743 0.01501245    0    0  8.772096
[42,]  2.062755 0.5157601 0.042866830 0.008233475 0.00500415    0    0 17.544192
[43,]  3.376607 0.7001423 0.029205932 0.014070389 0.01000830    0    0  8.772096
[44,]  1.217732 0.3341483 0.016493016 0.008233475 0.00500415    0    0  8.772096
[45,]  3.445721 0.7612414 0.012712916 0.005836914 0.00500415    0    0  8.772096
[46,]  1.932247 0.7001423 0.025284287 0.008233475 0.00500415    0    0 17.544192
[47,]  6.884833 4.4827355 0.034217104 0.008233475 0.00500415    0    0  8.772096
[48,] 10.801487 6.7265392 0.037714113 0.010630036 0.00500415    0    0  0.000000
[49,]  4.878024 2.5602146 0.030012368 0.002396561 0.00000000    0    0  8.772096
[50,]  5.619288 2.5906886 0.025425833 0.004793122 0.00000000    0    0  8.772096
          [,9]    [,10]    [,11]     [,12]
 [1,] 26.00024 16.22072 4.328585 0.2817480
 [2,] 42.74767 24.81133 4.268879 0.2055869
 [3,] 68.65658 47.91509 2.659376 0.3127959
 [4,] 52.54141 40.80557 4.332415 0.3477765
 [5,] 54.74625 40.65542 4.395775 0.2286996
 [6,] 53.11122 41.84481 4.737417 0.2964526
 [7,] 29.76819 22.16518 4.360185 0.1966599
 [8,] 49.91308 36.55063 4.159752 0.3102740
 [9,] 33.66106 24.34158 8.433303 0.3227196
[10,] 30.40046 27.08413 6.587789 0.2823153
[11,] 29.70573 19.79509 3.717190 0.2617296
[12,] 23.96667 19.23326 7.771563 0.1715374
[13,] 49.71377 28.79356 2.191173 0.3145229
[14,] 43.27998 29.51230 5.393707 0.2200148
[15,] 24.53647 21.08729 4.943177 0.2104077
[16,] 36.90864 27.07290 1.414521 0.1765195
[17,] 24.59893 22.18930 4.618972 0.2353330
[18,] 49.75127 23.53573 7.179637 0.2509153
[19,] 60.05236 39.54658 6.362576 0.2227586
[20,] 46.54058 32.54251 4.792020 0.1952854
[21,] 37.34160 24.63466 4.021056 0.2971798
[22,] 68.71903 46.20634 6.080851 0.1908868
[23,] 35.11181 24.68109 2.555608 0.1655899
[24,] 66.42369 43.51021 2.332329 0.1835867
[25,] 50.40849 30.96588 5.102393 0.2295906
[26,] 53.11122 41.92419 1.825179 0.2801685
[27,] 67.18087 43.09806 5.041700 0.2301230
[28,] 51.94665 36.54938 4.296475 0.1480518
[29,] 42.77262 31.29986 6.960524 0.3206470
[30,] 53.04876 39.95397 4.579033 0.2307109
[31,] 46.47812 30.89690 1.894409 0.1721356
[32,] 27.73462 24.24178 2.459310 0.2400961
[33,] 28.30443 23.27752 4.283712 0.1893396
[34,] 43.34243 30.60680 5.115363 0.2625817
[35,] 62.71820 42.57323 8.182793 0.2935502
[36,] 22.70214 23.62529 6.009918 0.3982363
[37,] 36.33883 30.74300 4.405986 0.2300991
[38,] 31.93862 29.63378 5.135106 0.2412211
[39,] 23.39686 20.28441 6.245994 0.1468440
[40,] 48.71100 38.40749 5.108910 0.2937317
[41,] 38.94222 25.32432 6.106378 0.1402998
[42,] 41.74181 24.64917 3.407786 0.1686813
[43,] 56.34687 37.65108 3.917050 0.2088094
[44,] 35.94029 21.72477 3.346521 0.1195390
[45,] 56.34687 37.17935 1.777671 0.1620896
[46,] 49.77622 32.98285 7.509910 0.1887201
[47,] 43.27998 27.74241 2.170684 0.2541594
[48,] 44.88059 36.26216 8.123899 0.4242369
[49,] 56.34687 44.38646 4.233268 0.1961511
[50,] 30.90781 22.64756 2.851305 0.2449814

$Bdatesampinfo
       DATE JULIAN N      Mean     Stdev
1  10/26/10   1760 5 56.705965 32.842700
2  11/30/10   1795 5 88.114355 52.354996
3  01/18/11   1844 5  9.689443 13.268544
4  02/23/11   1880 5  4.357383  5.966593
5  03/17/11   1902 5  3.127594  6.993513
6  04/18/11   1934 5  0.000000  0.000000
7  05/09/11   1955 5  0.000000  0.000000
8  06/22/11   1999 5  0.000000  0.000000
9  07/19/11   2026 5 34.374222 76.863096
10 08/16/11   2054 5 67.020734 66.356769
11 09/20/11   2089 5 12.015179 13.208179
12 10/25/11   2124 5 24.501335 29.878523

$Ndatesampinfo
       DATE JULIAN N       Mean     Stdev
1  10/26/10   1760 5 453.333333 333.18515
2  11/30/10   1795 5 888.888889 577.77778
3  01/18/11   1844 5  44.444444  62.85394
4  02/23/11   1880 5  17.777778  24.34322
5  03/17/11   1902 5   8.888889  19.87616
6  04/18/11   1934 5   0.000000   0.00000
7  05/09/11   1955 5   0.000000   0.00000
8  06/22/11   1999 5   0.000000   0.00000
9  07/19/11   2026 5  71.111111 159.00928
10 08/16/11   2054 5 675.555556 645.89874
11 09/20/11   2089 5  80.000000 106.10966
12 10/25/11   2124 5 195.555556 230.08318

$Bdateboots
          [,1]      [,2]      [,3]     [,4]      [,5] [,6] [,7] [,8]      [,9]
 [1,] 72.24563  85.77065 14.573483 4.357383  3.127594    0    0    0  34.37422
 [2,] 40.81283 108.59245 14.573483 6.536075  9.382782    0    0    0  68.74844
 [3,] 88.39211  84.84605  4.884040 4.357383  0.000000    0    0    0  34.37422
 [4,] 33.19494  71.65641  4.884040 6.536075  3.127594    0    0    0   0.00000
 [5,] 32.99117  72.45234  9.689443 4.357383  0.000000    0    0    0  68.74844
 [6,] 57.31278  62.51876 14.652119 0.000000  0.000000    0    0    0   0.00000
 [7,] 72.29521 107.04468 14.573483 2.178692  3.127594    0    0    0  34.37422
 [8,] 56.60585 116.18233  4.805403 2.178692  6.255188    0    0    0   0.00000
 [9,] 64.42397  94.77963 19.378886 4.357383 12.510376    0    0    0  34.37422
[10,] 56.70596  84.84605  9.689443 6.536075  3.127594    0    0    0  34.37422
[11,] 41.16630  59.25045  4.884040 0.000000  6.255188    0    0    0  34.37422
[12,] 64.42397  84.71738  0.000000 2.178692  0.000000    0    0    0   0.00000
[13,] 48.73461 121.92301  4.884040 2.178692  3.127594    0    0    0  68.74844
[14,] 48.53084  82.99685 19.457522 0.000000  0.000000    0    0    0  34.37422
[15,] 57.01339  81.44908  9.689443 4.357383  6.255188    0    0    0   0.00000
[16,] 64.88109  60.04638  9.768079 6.536075  3.127594    0    0    0   0.00000
[17,] 49.13765 112.78535  9.610806 6.536075  6.255188    0    0    0   0.00000
[18,] 80.21699  77.25617 14.494846 2.178692  0.000000    0    0    0 103.12266
[19,] 56.14873  82.99685  4.805403 6.536075  6.255188    0    0    0  34.37422
[20,] 32.99117 134.18805 14.573483 6.536075  3.127594    0    0    0  34.37422
[21,] 56.40208  90.58673  4.884040 2.178692  0.000000    0    0    0  68.74844
[22,] 33.09129  79.10537 14.573483 4.357383  3.127594    0    0    0  34.37422
[23,] 64.88109  64.23928  4.884040 2.178692  3.127594    0    0    0  34.37422
[24,] 71.78851  67.63626  9.768079 6.536075  3.127594    0    0    0  68.74844
[25,] 56.45262  89.03896  9.689443 4.357383  3.127594    0    0    0  68.74844
[26,] 73.10579  92.30726 14.573483 4.357383  6.255188    0    0    0   0.00000
[27,] 64.93067  81.44908  4.805403 4.357383  3.127594    0    0    0  68.74844
[28,] 48.63095  61.89558  9.610806 4.357383  0.000000    0    0    0  34.37422
[29,] 72.24563 115.25773  9.689443 8.714767  9.382782    0    0    0  34.37422
[30,] 64.88109 102.85177  4.884040 0.000000  6.255188    0    0    0   0.00000
[31,] 79.96364  82.37368  9.689443 6.536075  3.127594    0    0    0  34.37422
[32,] 64.32385 110.44165  9.610806 4.357383  0.000000    0    0    0   0.00000
[33,] 41.26641  83.29828  9.689443 2.178692  6.255188    0    0    0   0.00000
[34,] 49.19173  88.11436 14.416210 0.000000  3.127594    0    0    0  34.37422
[35,] 64.52763  57.40125  0.000000 2.178692  3.127594    0    0    0  68.74844
[36,] 64.67732  96.32741  4.884040 4.357383  3.127594    0    0    0   0.00000
[37,] 72.04186  88.11436 19.300249 2.178692  0.000000    0    0    0   0.00000
[38,] 72.44940  58.62728  4.805403 0.000000  3.127594    0    0    0   0.00000
[39,] 48.53084  86.56658 19.300249 2.178692  3.127594    0    0    0   0.00000
[40,] 72.19606  94.77963  9.689443 6.536075  3.127594    0    0    0   0.00000
[41,] 33.34463  89.83488  4.805403 6.536075  9.382782    0    0    0  34.37422
[42,] 72.04186  81.44908 19.457522 4.357383  3.127594    0    0    0  68.74844
[43,] 49.13765  56.77808  9.689443 6.536075  6.255188    0    0    0  34.37422
[44,] 56.45262 131.71567  4.805403 4.357383  3.127594    0    0    0  34.37422
[45,] 64.52763  86.56658  4.884040 2.178692  3.127594    0    0    0  34.37422
[46,] 40.91295  56.77808  9.689443 4.357383  3.127594    0    0    0  68.74844
[47,] 56.35250 115.25773 14.652119 4.357383  3.127594    0    0    0  34.37422
[48,] 56.90974  71.65641 14.416210 6.536075  3.127594    0    0    0   0.00000
[49,] 41.16630  70.90456 14.494846 2.178692  0.000000    0    0    0  34.37422
[50,] 64.67732  88.11436  9.768079 4.357383  0.000000    0    0    0  34.37422
          [,10]     [,11]      [,12]
 [1,]  27.78061 12.890333 33.2180149
 [2,]  53.89431 12.359317 19.8274504
 [3,] 120.01813 12.015179 13.6952651
 [4,]  96.33403  6.588620 28.5441308
 [5,]  77.28045 25.296548  0.9357883
 [6,] 101.29744 11.021806 24.5013345
 [7,]  35.61073 11.671041 23.2062269
 [8,]  98.43074 10.236163 24.1966339
 [9,]  38.37322  7.276896 49.2204813
[10,]  38.04033 23.517532 24.5013345
[11,]  38.14455  7.581993 15.7846541
[12,]  43.00374  1.986746 45.0144914
[13,]  64.59114  7.237854 13.6952651
[14,]  69.55455 19.959500 29.1752186
[15,]  47.96716  7.718401 24.5013345
[16,]  71.98415  9.586928  9.6524688
[17,]  45.43334  8.023498 23.8702467
[18,]  53.89431  4.278588 39.0454997
[19,] 103.83126  7.276896 38.8823061
[20,]  69.88744  3.590311 28.5441308
[21,]  40.57415 14.787568 14.1631593
[22,] 117.48431 14.877079 34.8395097
[23,]  51.46471 12.359317  9.6524688
[24,] 101.40166 17.097600  0.4678942
[25,]  64.48692 15.318584 24.6645281
[26,] 101.29744 15.662722  4.6738841
[27,]  98.76363 16.311957 28.5441308
[28,]  83.20760 11.021806 20.2953446
[29,]  62.05732  7.718401 39.1870066
[30,] 103.83126  7.926131 20.9264324
[31,]  72.42126  6.244481  9.6524688
[32,]  50.83386 11.671041  9.9571693
[33,]  55.79728 15.662722 20.2953446
[34,]  67.02073 15.967818 24.1966339
[35,]  91.03772 14.443430 34.8395097
[36,]  38.14455 17.441738 24.6645281
[37,]  67.02073 12.359317 16.2525483
[38,]  56.76102 16.448365 19.9906440
[39,]  38.04033  6.932758 39.1870066
[40,]  91.03772  4.278588 28.7073244
[41,]  56.76102  5.595247 34.8395097
[42,]  50.83386 12.320275 10.2835566
[43,]  93.46732  2.635980 19.9906440
[44,]  58.22688  6.932758 19.3595562
[45,]  93.46732  5.939385  6.0775666
[46,]  62.05732 16.448365 34.8395097
[47,]  69.55455  2.291842 14.1631593
[48,]  85.74142 12.015179 43.7193838
[49,]  93.46732 23.173394  9.6524688
[50,]  45.53756 20.745143  9.1845746

$Ndateboots
          [,1]      [,2]     [,3]      [,4]      [,5] [,6] [,7] [,8]      [,9]
 [1,] 533.3333 1013.3333 71.11111 17.777778  8.888889    0    0    0  71.11111
 [2,] 302.2222 1022.2222 71.11111 26.666667 26.666667    0    0    0 142.22222
 [3,] 782.2222  968.8889 26.66667 17.777778  0.000000    0    0    0  71.11111
 [4,] 266.6667 1280.0000 26.66667 26.666667  8.888889    0    0    0   0.00000
 [5,] 231.1111  915.5556 44.44444 17.777778  0.000000    0    0    0 142.22222
 [6,] 622.2222  746.6667 80.00000  0.000000  0.000000    0    0    0   0.00000
 [7,] 595.5556  782.2222 71.11111  8.888889  8.888889    0    0    0  71.11111
 [8,] 480.0000 1315.5556 17.77778  8.888889 17.777778    0    0    0   0.00000
 [9,] 462.2222 1137.7778 88.88889 17.777778 35.555556    0    0    0  71.11111
[10,] 453.3333  968.8889 44.44444 26.666667  8.888889    0    0    0  71.11111
[11,] 373.3333  826.6667 26.66667  0.000000 17.777778    0    0    0  71.11111
[12,] 462.2222  560.0000  0.00000  8.888889  0.000000    0    0    0   0.00000
[13,] 346.6667 1520.0000 26.66667  8.888889  8.888889    0    0    0 142.22222
[14,] 311.1111  880.0000 97.77778  0.000000  0.000000    0    0    0  71.11111
[15,] 551.1111  640.0000 44.44444 17.777778 17.777778    0    0    0   0.00000
[16,] 595.5556  462.2222 53.33333 26.666667  8.888889    0    0    0   0.00000
[17,] 480.0000  986.6667 35.55556 26.666667 17.777778    0    0    0   0.00000
[18,] 640.0000  675.5556 62.22222  8.888889  0.000000    0    0    0 213.33333
[19,] 346.6667  880.0000 17.77778 26.666667 17.777778    0    0    0  71.11111
[20,] 231.1111 1164.4444 71.11111 26.666667  8.888889    0    0    0  71.11111
[21,] 444.4444 1173.3333 26.66667  8.888889  0.000000    0    0    0 142.22222
[22,] 204.4444  764.4444 71.11111 17.777778  8.888889    0    0    0  71.11111
[23,] 595.5556  426.6667 26.66667  8.888889  8.888889    0    0    0  71.11111
[24,] 400.0000  755.5556 53.33333 26.666667  8.888889    0    0    0 142.22222
[25,] 355.5556  933.3333 44.44444 17.777778  8.888889    0    0    0 142.22222
[26,] 800.0000  853.3333 71.11111 17.777778 17.777778    0    0    0   0.00000
[27,] 657.7778  640.0000 17.77778 17.777778  8.888889    0    0    0 142.22222
[28,] 284.4444  551.1111 35.55556 17.777778  0.000000    0    0    0  71.11111
[29,] 533.3333 1271.1111 44.44444 35.555556 26.666667    0    0    0  71.11111
[30,] 595.5556  817.7778 26.66667  0.000000 17.777778    0    0    0   0.00000
[31,] 542.2222  684.4444 44.44444 26.666667  8.888889    0    0    0  71.11111
[32,] 488.8889 1111.1111 35.55556 17.777778  0.000000    0    0    0   0.00000
[33,] 346.6667  728.8889 44.44444  8.888889 17.777778    0    0    0   0.00000
[34,] 480.0000  888.8889 53.33333  0.000000  8.888889    0    0    0  71.11111
[35,] 524.4444  737.7778  0.00000  8.888889  8.888889    0    0    0 142.22222
[36,] 560.0000 1377.7778 26.66667 17.777778  8.888889    0    0    0   0.00000
[37,] 497.7778  888.8889 80.00000  8.888889  0.000000    0    0    0   0.00000
[38,] 568.8889  631.1111 17.77778  0.000000  8.888889    0    0    0   0.00000
[39,] 311.1111  648.8889 80.00000  8.888889  8.888889    0    0    0   0.00000
[40,] 471.1111 1137.7778 44.44444 26.666667  8.888889    0    0    0   0.00000
[41,] 302.2222  568.8889 17.77778 26.666667 26.666667    0    0    0  71.11111
[42,] 497.7778  640.0000 97.77778 17.777778  8.888889    0    0    0 142.22222
[43,] 480.0000  542.2222 44.44444 26.666667 17.777778    0    0    0  71.11111
[44,] 355.5556  880.0000 17.77778 17.777778  8.888889    0    0    0  71.11111
[45,] 524.4444  648.8889 26.66667  8.888889  8.888889    0    0    0  71.11111
[46,] 275.5556  542.2222 44.44444 17.777778  8.888889    0    0    0 142.22222
[47,] 382.2222 1271.1111 80.00000 17.777778  8.888889    0    0    0  71.11111
[48,] 488.8889 1280.0000 53.33333 26.666667  8.888889    0    0    0   0.00000
[49,] 373.3333  675.5556 62.22222  8.888889  0.000000    0    0    0  71.11111
[50,] 560.0000  888.8889 53.33333 17.777778  0.000000    0    0    0  71.11111
          [,10]     [,11]      [,12]
 [1,]  426.6667  26.66667 257.777778
 [2,]  533.3333  80.00000 151.111111
 [3,] 1173.3333  80.00000  97.777778
 [4,] 1066.6667  35.55556 213.333333
 [5,]  711.1111 222.22222  17.777778
 [6,]  995.5556  71.11111 195.555556
 [7,]  462.2222  80.00000 204.444444
 [8,]  888.8889  35.55556 204.444444
 [9,]  640.0000  35.55556 391.111111
[10,]  462.2222 177.77778 195.555556
[11,]  391.1111  44.44444 133.333333
[12,]  391.1111  17.77778 355.555556
[13,]  675.5556  44.44444  97.777778
[14,]  604.4444  88.88889 240.000000
[15,]  320.0000  71.11111 195.555556
[16,]  604.4444  26.66667  80.000000
[17,]  391.1111  80.00000 168.888889
[18,]  533.3333  44.44444 320.000000
[19,]  924.4444  35.55556 302.222222
[20,]  782.2222  44.44444 213.333333
[21,]  391.1111 133.33333 106.666667
[22,] 1244.4444  44.44444 284.444444
[23,]  533.3333  80.00000  80.000000
[24,]  924.4444 124.44444   8.888889
[25,]  746.6667  80.00000 213.333333
[26,]  995.5556  80.00000  44.444444
[27,] 1066.6667  88.88889 213.333333
[28,]  924.4444  71.11111 160.000000
[29,]  746.6667  71.11111 293.333333
[30,]  924.4444  44.44444 186.666667
[31,]  711.1111  35.55556  80.000000
[32,]  426.6667  80.00000  71.111111
[33,]  355.5556  80.00000 160.000000
[34,]  675.5556  88.88889 204.444444
[35,]  960.0000 133.33333 284.444444
[36,]  391.1111 124.44444 213.333333
[37,]  675.5556  80.00000 142.222222
[38,]  640.0000 115.55556 168.888889
[39,]  462.2222  35.55556 293.333333
[40,]  960.0000  44.44444 231.111111
[41,]  640.0000  26.66667 284.444444
[42,]  426.6667  88.88889 106.666667
[43,]  960.0000  26.66667 168.888889
[44,]  355.5556  35.55556 142.222222
[45,]  960.0000  26.66667  71.111111
[46,]  746.6667 115.55556 284.444444
[47,]  604.4444  26.66667 106.666667
[48,]  853.3333  80.00000 364.444444
[49,]  960.0000 177.77778  80.000000
[50,]  320.0000 124.44444  71.111111

