$totdays
[1] 365

$Psampest
[1] 296.7289

$Pbootest
    Mean     2.5%      50%    97.5% 
297.6219 243.7718 296.9731 340.6898 

$Pboots
 [1] 312.4062 288.9986 308.7308 307.2326 273.5167 273.7758 292.8534 245.7712 310.7189
[10] 325.7163 301.6891 261.4854 263.1372 297.6083 295.4763 295.9341 323.9816 272.4046
[19] 244.3181 306.9438 354.5300 338.7661 297.2049 284.9518 335.7738 294.0941 338.3653
[28] 301.1237 296.7413 340.3920 299.9969 298.3975 266.1120 271.5617 319.1117 272.8006
[37] 293.6808 291.5270 316.2563 321.4693 340.7762 282.2391 296.2183 329.1135 337.3435
[46] 239.8421 275.6336 313.6280 287.1303 243.6132

$Bboots
 [1] 52.01657 48.34151 51.22394 51.02623 46.96706 45.72725 49.81844 41.45381 52.65850
[10] 53.55433 49.24865 45.28095 44.34876 49.56007 49.63325 51.09140 53.43653 45.10148
[19] 39.82276 51.46502 58.58812 56.64636 48.94009 46.58837 57.16086 48.53334 56.55792
[28] 49.57766 49.83414 58.39194 49.86588 50.66038 44.53676 45.21196 53.28976 45.41230
[37] 47.85090 49.58682 53.24680 53.19285 57.09975 46.04982 49.15906 54.17243 56.03499
[46] 39.51137 44.99342 54.56575 48.37190 41.09146

$Nboots
 [1] 219.7980 215.3535 227.0707 229.8990 209.2929 189.4949 204.4444 209.2929 260.6061
[10] 216.5657 216.5657 186.6667 226.6667 231.5152 205.2525 208.8889 248.4848 211.7172
[19] 210.5051 244.0404 227.4747 213.3333 212.5253 215.7576 248.0808 224.2424 238.3838
[28] 214.1414 210.1010 207.6768 236.3636 237.1717 202.4242 211.3131 231.9192 197.9798
[37] 227.0707 210.9091 202.8283 212.5253 246.0606 215.3535 221.8182 223.8384 225.8586
[46] 201.6162 235.5556 217.3737 230.3030 223.4343

$julians
 [1] 1760 1795 1844 1880 1902 1934 1955 1999 2026 2054 2089 2124

$intdays
 [1] 35 49 36 22 32 21 44 27 28 35 35  1

$Pintsampest
 [1] 22.3821934 24.7237442 13.0968958 11.7545723 16.4093438 20.1637081 65.4199213
 [8] 42.1960301 22.3802577 16.5332635 40.7632137  0.9057087

$Pintboots
          [,1]     [,2]      [,3]      [,4]      [,5]     [,6]     [,7]     [,8]
 [1,] 20.94430 21.70928 17.175544 15.588754 18.235330 11.09160 70.10730 58.63668
 [2,] 23.99654 28.02720 12.206784 11.900235 15.248434 17.19249 59.06495 42.56575
 [3,] 28.62125 24.68468 10.392376 11.516495 13.548858 17.90796 71.94541 48.99075
 [4,] 24.12588 26.72458 13.077690  9.843062 11.598207 29.33471 79.59003 32.00009
 [5,] 22.52982 26.22771 19.572528 16.741333 17.474401 13.83390 39.24135 36.07051
 [6,] 21.10117 24.40344 21.000782 14.344657  9.883945 15.55782 61.64357 38.75061
 [7,] 20.86313 23.14647 13.325373 15.120707 20.968757 15.53877 52.95041 46.12265
 [8,] 21.10884 25.06092  3.235903  7.333631 18.199227 19.51193 41.68822 26.60882
 [9,] 23.40967 28.06488  7.669052 11.956065 30.425553 27.21000 64.97833 33.59690
[10,] 26.81998 27.29456  4.708993  7.984358 18.599264 23.51256 86.00414 53.40583
[11,] 21.20802 26.23360  5.077374  6.242893 17.008925 22.56503 83.20523 48.04015
[12,] 15.42205 17.30470 28.754113 19.372044 13.615132 10.92292 38.50631 38.85513
[13,] 23.41588 26.27567  4.590826  7.620472 18.950661 13.13371 36.65241 42.92599
[14,] 18.05266 21.73001 19.049403 16.598839 14.173814 17.33084 74.63925 39.55725
[15,] 22.44518 22.49936  4.217119  8.776220 20.214340 18.15817 57.87754 51.42535
[16,] 22.44378 23.12763 21.457736 16.231785 16.339007 25.85438 55.02776 31.34208
[17,] 34.87058 32.81267 11.766504 11.754572 15.966749 17.67359 72.39997 46.78022
[18,] 21.14643 18.23947  3.771514  5.050728 10.759357 25.64958 69.43214 34.12966
[19,] 21.55566 25.94047  5.055637  3.951853 10.706268 16.03578 52.64271 32.83876
[20,] 24.60753 31.23139 21.721133 15.141047 15.591299 13.13589 51.98909 43.90907
[21,] 22.61931 22.32125 11.164321 10.982564 18.762425 24.67000 95.53723 61.64911
[22,] 17.47558 24.26972 15.427709 13.152926 20.321907 33.13486 96.42672 42.83015
[23,] 25.86838 31.22102  6.311598  8.230573 19.473100 18.01675 67.00088 46.65701
[24,] 20.62828 23.88501 12.349482  9.891827 11.652535 13.05705 68.95008 48.85421
[25,] 27.06569 29.78659 15.290336 15.726278 24.132188 30.53738 73.54139 35.01986
[26,] 23.58670 23.89348  3.961580  7.620472 19.858732 18.20429 69.81773 49.84893
[27,] 27.08538 30.91956 11.368266  9.306108 20.175113 30.08463 80.43641 46.34330
[28,] 19.20434 20.71660 11.951244  9.621230 10.376513 23.68791 83.32596 42.61388
[29,] 28.52467 29.64565  4.819303  8.327471 25.026885 18.58971 53.88272 47.35753
[30,] 16.86022 21.68329 27.888532 20.119670 16.237465 22.00274 66.19803 52.38329
[31,] 23.13595 20.69251  6.946170  9.248796 17.953098 21.21993 71.38308 44.22108
[32,] 28.76038 36.94324 26.016909 17.512466 18.158188 22.06387 56.70763 26.85067
[33,] 18.76806 18.86510 11.860140  9.669994 15.236918 23.40520 65.47883 30.35603
[34,] 20.65529 24.24360 12.816825  7.370216  9.449045 16.17373 52.25734 44.95104
[35,] 26.58892 31.25212 15.336605 14.570531 20.015369 23.89008 76.56814 37.41856
[36,] 17.63479 21.08759 12.344157  9.306108  8.837169 14.87834 54.76125 44.83481
[37,] 26.77704 28.91214  4.263388  6.072848 17.266419 24.91372 80.98778 35.03327
[38,] 22.96415 20.82308 29.342416 19.593877 13.339357 18.03798 63.57245 35.83822
[39,] 23.89985 26.28028 19.500629 16.393692 18.958356 13.59018 61.58466 53.99620
[40,] 22.57799 23.78511 11.951244 14.510606 16.968026 23.82338 90.41108 41.18913
[41,] 31.70392 37.40776 11.747299 12.526580 23.454142 30.67239 79.24256 37.08607
[42,] 22.03336 22.33294  7.531680  6.020186 13.128795 25.05297 82.61678 35.77495
[43,] 18.78393 21.72476  4.755262  7.277360 18.017908 27.89250 79.74334 39.97378
[44,] 26.88098 30.67915 11.321998 12.647860 16.780138 26.09322 94.43892 43.44003
[45,] 19.65863 22.01475 19.363257 16.009952 13.780487 26.54636 95.52787 43.27486
[46,] 20.64943 21.92435  5.475612  5.733344 10.862015 15.43067 52.61752 35.30127
[47,] 31.74779 34.13090  3.354070  4.788269 16.853807 14.75883 53.28693 38.75061
[48,] 16.36144 18.33105 28.877605 23.732019 21.169485 24.75677 65.08702 35.34977
[49,] 19.59600 19.06000 11.726994 10.910049 17.608224 23.57857 64.40303 36.23997
[50,] 25.44692 31.37883 11.604600  8.550345 12.529214 14.80714 27.87828 23.96137
          [,9]    [,10]    [,11]     [,12]
 [1,] 22.74891 15.72728 39.57387 0.8673288
 [2,] 24.89920 15.51397 37.49794 0.8850544
 [3,] 25.83483 16.12920 38.19390 0.9651370
 [4,] 18.03892 16.00661 45.88951 1.0032954
 [5,] 24.39764 16.23345 40.29262 0.9014368
 [6,] 16.62048 15.26567 34.40556 0.7981075
 [7,] 28.39164 17.76380 37.81992 0.8417903
 [8,] 21.30542 15.10675 45.65740 0.9541265
 [9,] 16.19521 16.51004 49.65856 1.0446095
[10,] 24.12823 15.79288 36.55056 0.9149319
[11,] 19.86698 14.43669 36.96897 0.8352527
[12,] 24.08686 18.01477 35.89903 0.7323012
[13,] 31.65248 16.79484 40.21044 0.9137939
[14,] 15.42634 17.74928 42.43763 0.8629652
[15,] 32.58061 15.61249 40.76321 0.9066680
[16,] 25.68457 16.89721 40.62345 0.9047102
[17,] 19.42323 17.18872 42.22855 1.1162240
[18,] 24.20391 16.58835 42.52223 0.9112591
[19,] 16.44681 15.11960 43.09908 0.9254848
[20,] 22.83479 21.50433 44.28975 0.9884656
[21,] 24.85573 17.02896 43.98514 0.9539622
[22,] 17.31017 15.82068 41.75099 0.8446618
[23,] 19.80911 16.40063 37.30490 0.9108900
[24,] 18.94009 16.34292 39.53828 0.8620224
[25,] 21.57483 16.53326 45.52304 1.0429944
[26,] 22.38026 16.51236 37.53027 0.8792600
[27,] 24.91360 15.99343 40.76213 0.9773285
[28,] 20.01718 15.65943 43.06025 0.8891335
[29,] 25.99541 16.17323 37.44546 0.9532958
[30,] 32.46481 16.84584 46.80285 0.9052863
[31,] 23.26137 19.20988 41.79354 0.9314652
[32,] 11.79810 17.73294 34.93103 0.9220466
[33,] 15.25267 17.54652 38.84840 0.8241303
[34,] 30.17742 15.28955 37.34560 0.8320526
[35,] 14.64097 17.41985 40.44519 0.9653755
[36,] 30.61544 17.00669 40.66229 0.8320020
[37,] 10.75982 15.95976 41.74834 0.9862967
[38,] 13.03011 17.41985 36.70716 0.8583731
[39,] 24.91360 16.50632 39.71816 0.9143444
[40,] 16.34757 18.20205 40.79401 0.9091175
[41,] 17.34804 17.61750 40.92007 1.0498624
[42,] 12.73939 15.78701 38.35400 0.8670143
[43,] 21.51696 16.59515 39.10943 0.8279887
[44,] 15.12542 14.99736 35.80290 0.9055017
[45,] 15.79505 17.28128 47.13849 0.9525596
[46,] 21.51690 15.42812 34.11566 0.7872103
[47,] 18.97665 18.30238 39.65045 1.0329391
[48,] 19.90479 17.43619 41.79354 0.8282817
[49,] 19.40028 17.88198 45.79229 0.9329532
[50,] 21.63270 17.91268 46.87404 1.0370576

$Bdatesampinfo
       DATE JULIAN N     Mean     Stdev
1  10/26/10   1760 5 27.29621 22.982212
2  11/30/10   1795 5 60.14290 32.683520
3  01/18/11   1844 5 11.37538  8.361013
4  02/23/11   1880 5 38.61099 70.425087
5  03/17/11   1902 5 34.08696 30.441243
6  04/18/11   1934 5 34.45443 32.980407
7  05/09/11   1955 5 82.88711 73.374344
8  06/22/11   1999 5 87.69241 73.464717
9  07/19/11   2026 5 79.81891 55.967698
10 08/16/11   2054 5  7.34340  7.073401
11 09/20/11   2089 5 47.58075  6.468893
12 10/25/11   2124 5 97.28555 34.752111

$Ndatesampinfo
       DATE JULIAN N      Mean     Stdev
1  10/26/10   1760 5 311.11111 224.43344
2  11/30/10   1795 5 462.22222 254.53904
3  01/18/11   1844 5  88.88889  83.14794
4  02/23/11   1880 5  53.33333  79.50464
5  03/17/11   1902 5  80.00000  57.94847
6  04/18/11   1934 5 106.66667 111.55467
7  05/09/11   1955 5 177.77778 150.71844
8  06/22/11   1999 5 160.00000 111.55467
9  07/19/11   2026 5  97.77778  79.50464
10 08/16/11   2054 5 133.33333 125.70787
11 09/20/11   2089 5 462.22222  80.73734
12 10/25/11   2124 5 844.44444 438.85373

$Bdateboots
          [,1]      [,2]      [,3]       [,4]     [,5]     [,6]      [,7]      [,8]
 [1,] 33.67256  48.14925 14.649113  50.904366 45.50681 30.66124  33.88579 148.91582
 [2,] 26.79641  66.94938 14.124793  32.464300 41.13420 22.55777  77.49312  76.51644
 [3,] 47.60724  64.20570  7.199603  32.464300 38.76133 17.83194  86.38193 101.21227
 [4,] 28.24703  66.00404 11.302077  38.610989 22.26509 26.18046 144.53049  62.99657
 [5,] 21.91947  66.09638  9.772412  64.928600 38.61045 34.37989  46.12584  56.19413
 [6,] 20.91986  61.51474  9.076983  71.075289 17.64133 23.64425  66.89379  93.83910
 [7,] 26.79641  54.70826 12.247413  38.610989 54.90521 32.68036  57.74654  80.31924
 [8,] 22.32170  60.14290 12.350718   0.000000 45.35594 30.66124  82.88711  25.81324
 [9,] 27.24743  64.20570 16.977512  12.293377 61.65069 65.43526  92.91215  76.51644
[10,] 37.64747  67.12841 11.826397   6.146689 43.23421 34.45443 102.37524 121.87610
[11,] 26.34539  56.50660 19.379212   0.000000 38.61045 32.43532  98.88042 118.07330
[12,] 22.54184  37.70647 12.350718  97.392900 22.41597 34.45443  29.11116  71.29303
[13,] 26.84519  64.63220 11.375378   6.146689 40.98332 38.17308  38.25841  57.31153
[14,] 23.32131  47.20391 15.654457  57.051055 45.60708 13.59620  87.25972 107.35896
[15,] 32.55039  55.13476  9.949018   6.146689 48.13083 36.30305  69.36724  81.54572
[16,] 31.59957  56.08009 10.821054  71.075289 29.31233 38.93522 111.52249  31.95993
[17,] 47.60724  88.61950  6.297564  38.610989 34.08696 32.60582  70.24504 118.53494
[18,] 38.09848  44.51295  8.248245   6.146689 25.09059 19.85106 129.41497  51.62648
[19,] 22.32170  61.88853 13.149453   6.146689 18.29450 26.42550  66.89379  70.36975
[20,] 17.61611  78.51653 11.826397  71.075289 22.56684 42.55791  33.88579 101.67392
[21,] 27.79601  60.56940  3.999169  38.610989 29.31233 49.05781  94.50781 154.60087
[22,] 12.19058  56.08009 14.124793  44.757677 36.58900 48.29567 144.53049 106.89732
[23,] 22.54184  78.51653 11.796394  12.293377 38.61045 42.72841  62.11916 112.58237
[24,] 20.01782  60.56940  8.522658  38.610989 22.56684 26.10592  49.87911 129.90503
[25,] 33.17276  72.56305 13.600472  44.757677 52.50344 48.29567 129.41497  62.34081
[26,] 32.00180  60.14290  8.973678   6.146689 40.98332 41.96627  63.97326 118.07330
[27,] 27.29621  78.51653 10.924358  32.464300 25.09059 59.18040 115.89511  93.83910
[28,] 28.24703  46.77741 13.149453  32.464300 27.03973 16.30291 121.54753  95.72135
[29,] 37.92713  73.50839 12.247413   6.146689 45.35594 59.18040  49.00131  91.49521
[30,] 12.19058  53.67622  9.046979  97.392900 27.03973 40.78383  87.25972  85.34852
[31,] 38.59829  51.78555  8.071639  18.440066 38.76133 36.22851  87.25972  98.86839
[32,] 21.41966  90.93668 15.928871  83.368666 24.93971 50.90642  77.49312  70.36975
[33,] 31.55078  41.76927 12.801738  32.464300 27.34148 36.30305  99.90179  70.83139
[34,] 27.01654  53.67622 16.453192  32.464300 13.11784 26.35096  67.77158  68.48750
[35,] 27.24743  76.62585 13.777078  44.757677 45.35594 38.24762 100.77958  98.86839
[36,] 22.54184  46.35091 14.649113  32.464300 25.09059 11.82212  74.76123  68.02586
[37,] 31.09976  73.50839 10.125624   6.146689 31.41234 40.70929 104.27441 106.89732
[38,] 37.92713  51.78555  8.449357 103.539588 17.64133 38.07712  66.89379  98.86839
[39,] 26.84519  66.52288  9.497999  64.928600 36.45983 42.72841  36.35924 124.21998
[40,] 32.55039  55.65359 13.149453  32.464300 57.27808 13.59620 125.04236 110.70012
[41,] 21.87068 101.98499  6.224263  38.610989 38.86160 59.10586 119.38993  87.23077
[42,] 37.92713  48.14925 16.453192  12.293377 24.93971 29.89911 115.89511  99.52415
[43,] 22.54184  50.84021 12.003003   6.146689 38.86160 36.39901 125.92015  82.00737
[44,] 27.01654  77.99769 10.747753  32.464300 45.75796 24.33184 127.51581 118.72906
[45,] 22.09082  54.70826  8.973678  64.928600 34.08696 23.47375 131.01063 118.07330
[46,] 32.00180  48.66808 14.752418   6.146689 29.31233 16.05787  73.73986  63.45822
[47,] 38.09848  85.92854 12.801738   0.000000 29.61408 40.78383  45.10447  93.83910
[48,] 17.56733  46.35091  6.675283 103.539588 43.23421 45.19008  98.88042  70.83139
[49,] 21.41966  55.13476  0.000000  44.757677 22.71772 50.83188  86.38193  81.54572
[50,] 20.46884  78.94303 11.826397  32.464300 20.41622 31.91822  54.25172  18.44007
           [,9]     [,10]    [,11]     [,12]
 [1,]  83.86269  4.735343 47.51132  93.12842
 [2,]  92.46341  4.509954 47.02806  86.23393
 [3,]  93.27235  7.343400 46.23843  89.49703
 [4,]  64.03785  6.215972 46.95863 116.12569
 [5,]  86.99924  8.019809 45.90837  97.28555
 [6,]  59.99407  4.735343 45.97780  76.29424
 [7,] 102.78029  7.794420 51.21760  83.18873
 [8,]  79.81891  3.157137 47.02806 115.23166
 [9,]  56.85752  6.215972 48.63101 127.84827
[10,]  90.13579  3.833546 48.63101  81.26409
[11,]  72.63857  4.735585 43.22371  88.15857
[12,]  82.95546 10.853254 48.99252  78.58717
[13,] 113.09718 10.176846 45.61630  97.28555
[14,]  49.67718 10.402235 48.56158 102.25540
[15,] 122.60513  4.284565 47.58075  97.28555
[16,]  92.46341  7.568789 48.56439  95.80534
[17,]  67.17441  8.470587 48.63101 101.44269
[18,]  83.86269 10.402235 44.70490 106.41253
[19,]  59.99407  4.058935 46.16899 106.99871
[20,]  72.63857 16.294516 55.14371 102.25540
[21,]  90.13579  6.666991 49.90391 106.41253
[22,]  63.13062  4.284565 48.27232 100.10423
[23,]  72.63857  4.510196 49.97334  82.60255
[24,]  64.03785  9.725826 44.56604  95.94709
[25,]  76.68235  7.343400 47.58075 114.20106
[26,]  79.81891  7.343400 47.51132  85.86565
[27,]  90.13579  6.892380 46.23843  98.62401
[28,]  73.44751  4.509954 47.51132 105.51850
[29,]  96.50719  4.735585 48.99252  84.08276
[30,] 122.60513  3.833546 52.12899 114.20106
[31,]  76.68235 13.912089 49.90391  98.62401
[32,]  36.22374  9.725826 49.18371  74.95578
[33,]  49.67718  9.725826 48.56439  89.49703
[34,] 109.96063  7.568789 43.22371  89.49703
[35,]  49.67718  7.343400 50.52604  93.20975
[36,] 109.96063  9.274807 47.22206  97.28555
[37,]  32.17996  9.725826 43.29314 105.07407
[38,]  43.40407  7.343400 50.52604  79.92563
[39,]  90.13579  6.892380 47.94226  93.20975
[40,]  52.81374 10.853254 49.61464  95.36091
[41,]  59.99407  7.569031 50.95697  94.46688
[42,]  42.49685  7.118011 45.32703  90.97725
[43,]  76.68235  7.118011 48.01169  90.97725
[44,]  53.72096  5.186363 44.63547  82.60255
[45,]  53.72096  7.794420 49.61464 117.90858
[46,]  76.68235  7.117769 44.13510  77.10695
[47,]  59.99407 13.912089 46.88919  94.02245
[48,]  69.50202  8.019809 49.90391  98.62401
[49,]  62.32168 13.235681 46.16899 116.57012
[50,]  76.68235  7.568789 51.93780 114.64548

$Ndateboots
          [,1]     [,2]      [,3]      [,4]      [,5]      [,6]      [,7]      [,8]
 [1,] 364.4444 382.2222 106.66667  88.88889 115.55556  62.22222  80.00000 248.88889
 [2,] 311.1111 515.5556 106.66667  35.55556 106.66667  71.11111 204.44444 151.11111
 [3,] 515.5556 533.3333  53.33333  35.55556 124.44444  44.44444 160.00000 186.66667
 [4,] 320.0000 533.3333  97.77778  53.33333  44.44444  62.22222 275.55556 124.44444
 [5,] 257.7778 497.7778  62.22222  71.11111 106.66667 133.33333  80.00000  97.77778
 [6,] 257.7778 453.3333  80.00000  88.88889  53.33333 124.44444 133.33333 177.77778
 [7,] 311.1111 400.0000  80.00000  53.33333 115.55556  97.77778 115.55556 151.11111
 [8,] 275.5556 462.2222  97.77778   0.00000  97.77778  62.22222 177.77778  62.22222
 [9,] 320.0000 533.3333 142.22222  35.55556 106.66667 168.88889 222.22222 151.11111
[10,] 400.0000 488.8889  97.77778  17.77778  97.77778 106.66667 204.44444 195.55556
[11,] 302.2222 400.0000 168.88889   0.00000 106.66667  71.11111 222.22222 195.55556
[12,] 257.7778 266.6667  97.77778 106.66667  62.22222 106.66667  71.11111 168.88889
[13,] 302.2222 542.2222  88.88889  17.77778  88.88889 177.77778  88.88889 124.44444
[14,] 275.5556 400.0000 142.22222 106.66667  80.00000  71.11111 186.66667 204.44444
[15,] 364.4444 408.8889  71.11111  17.77778  80.00000  88.88889 151.11111 142.22222
[16,] 355.5556 391.1111  62.22222  88.88889  71.11111 106.66667 222.22222  80.00000
[17,] 515.5556 702.2222  35.55556  53.33333  80.00000 124.44444 177.77778 213.33333
[18,] 408.8889 320.0000  53.33333  17.77778  80.00000  80.00000 257.77778 124.44444
[19,] 275.5556 560.0000  97.77778  17.77778  35.55556  88.88889 133.33333 133.33333
[20,] 213.3333 586.6667  97.77778  88.88889  80.00000  97.77778  80.00000 204.44444
[21,] 311.1111 471.1111  26.66667  53.33333  71.11111 133.33333 213.33333 248.88889
[22,] 168.8889 391.1111 106.66667  71.11111  71.11111 204.44444 275.55556 186.66667
[23,] 257.7778 586.6667  71.11111  35.55556 106.66667 151.11111 124.44444 186.66667
[24,] 240.0000 471.1111  53.33333  53.33333  80.00000  88.88889 124.44444 213.33333
[25,] 364.4444 551.1111 106.66667  71.11111  88.88889 204.44444 257.77778 115.55556
[26,] 373.3333 462.2222  62.22222  17.77778  88.88889 222.22222 177.77778 195.55556
[27,] 311.1111 586.6667  80.00000  35.55556  80.00000 160.00000 231.11111 177.77778
[28,] 320.0000 391.1111  97.77778  35.55556  53.33333  62.22222 266.66667 177.77778
[29,] 417.7778 533.3333  80.00000  17.77778  97.77778 160.00000  97.77778 160.00000
[30,] 168.8889 408.8889  53.33333 106.66667  53.33333  88.88889 186.66667 142.22222
[31,] 408.8889 444.4444  44.44444  53.33333 124.44444 115.55556 186.66667 168.88889
[32,] 257.7778 675.5556 142.22222 124.44444  62.22222 115.55556 204.44444 133.33333
[33,] 364.4444 337.7778 106.66667  35.55556  88.88889  88.88889 186.66667 151.11111
[34,] 293.3333 408.8889 142.22222  35.55556  26.66667 115.55556 160.00000 133.33333
[35,] 320.0000 622.2222 115.55556  71.11111  97.77778 151.11111 213.33333 168.88889
[36,] 257.7778 382.2222 106.66667  35.55556  80.00000  62.22222 124.44444 115.55556
[37,] 355.5556 533.3333  80.00000  17.77778  62.22222 115.55556 195.55556 186.66667
[38,] 417.7778 444.4444  62.22222 124.44444  53.33333  97.77778 133.33333 168.88889
[39,] 302.2222 506.6667  62.22222  71.11111  62.22222 151.11111  97.77778 213.33333
[40,] 364.4444 382.2222  97.77778  35.55556  97.77778  71.11111 248.88889 186.66667
[41,] 266.6667 773.3333  44.44444  53.33333  88.88889 186.66667 213.33333 142.22222
[42,] 417.7778 382.2222 142.22222  35.55556  62.22222 133.33333 231.11111 177.77778
[43,] 257.7778 462.2222 106.66667  17.77778  88.88889 168.88889 275.55556 160.00000
[44,] 293.3333 613.3333  71.11111  35.55556  97.77778  80.00000 266.66667 204.44444
[45,] 248.8889 400.0000  62.22222  71.11111  80.00000  71.11111 248.88889 195.55556
[46,] 373.3333 355.5556 124.44444  17.77778  71.11111  35.55556 160.00000 142.22222
[47,] 408.8889 622.2222 106.66667   0.00000 106.66667  88.88889 115.55556 177.77778
[48,] 222.2222 382.2222  53.33333 124.44444  97.77778 115.55556 222.22222 151.11111
[49,] 257.7778 408.8889   0.00000  71.11111  97.77778 142.22222 160.00000 142.22222
[50,] 248.8889 595.5556  97.77778  35.55556  35.55556 168.88889 133.33333  53.33333
           [,9]     [,10]    [,11]     [,12]
 [1,] 133.33333  80.00000 471.1111  933.3333
 [2,] 115.55556  80.00000 462.2222  728.8889
 [3,]  80.00000 133.33333 480.0000  817.7778
 [4,]  97.77778 115.55556 471.1111  986.6667
 [5,] 115.55556 142.22222 444.4444  844.4444
 [6,]  62.22222  80.00000 435.5556  533.3333
 [7,] 115.55556 142.22222 453.3333  737.7778
 [8,]  97.77778  62.22222 462.2222 1164.4444
 [9,]  80.00000 115.55556 488.8889 1324.4444
[10,]  97.77778  71.11111 488.8889  631.1111
[11,]  80.00000  88.88889 480.0000  835.5556
[12,]  80.00000 195.55556 435.5556  666.6667
[13,] 115.55556 186.66667 488.8889  844.4444
[14,]  62.22222 186.66667 497.7778  942.2222
[15,] 151.11111  80.00000 462.2222  844.4444
[16,] 115.55556 133.33333 400.0000  897.7778
[17,]  80.00000 142.22222 488.8889  755.5556
[18,] 133.33333 186.66667 444.4444  853.3333
[19,]  62.22222  71.11111 488.8889  977.7778
[20,]  80.00000 293.33333 497.7778  942.2222
[21,]  97.77778 124.44444 480.0000  853.3333
[22,]  44.44444  80.00000 444.4444  773.3333
[23,]  80.00000  88.88889 471.1111  613.3333
[24,]  97.77778 177.77778 462.2222  862.2222
[25,] 115.55556 133.33333 462.2222  880.0000
[26,]  97.77778 133.33333 471.1111  702.2222
[27,]  97.77778 124.44444 480.0000  826.6667
[28,]  44.44444  80.00000 471.1111 1031.1111
[29,] 151.11111  88.88889 435.5556  560.0000
[30,] 151.11111  71.11111 497.7778  880.0000
[31,] 115.55556 248.88889 480.0000  826.6667
[32,]  80.00000 177.77778 488.8889  551.1111
[33,]  62.22222 177.77778 400.0000  817.7778
[34,] 133.33333 133.33333 480.0000  817.7778
[35,]  62.22222 133.33333 471.1111  568.8889
[36,] 133.33333 168.88889 417.7778  844.4444
[37,]  44.44444 177.77778 471.1111  871.1111
[38,]  97.77778 133.33333 471.1111  648.8889
[39,]  97.77778 124.44444 408.8889  568.8889
[40,]  44.44444 195.55556 426.6667  737.7778
[41,]  62.22222 142.22222 408.8889  915.5556
[42,]  44.44444 133.33333 435.5556  764.4444
[43,] 115.55556 133.33333 400.0000  764.4444
[44,]  97.77778  88.88889 453.3333  613.3333
[45,]  97.77778 142.22222 426.6667 1128.8889
[46,] 115.55556 124.44444 524.4444  720.0000
[47,]  62.22222 248.88889 480.0000  755.5556
[48,]  97.77778 142.22222 480.0000  826.6667
[49,]  80.00000 240.00000 488.8889 1146.6667
[50,] 115.55556 133.33333 444.4444 1040.0000

