$totdays
[1] 365

$Psampest
[1] 1.885186e-08

$Pbootest
        Mean         2.5%          50%        97.5% 
1.903139e-08 1.182554e-08 1.893606e-08 2.612292e-08 

$Pboots
 [1] 2.127024e-08 2.627108e-08 2.063497e-08 2.005092e-08 2.200860e-08 2.259510e-08
 [7] 2.319675e-08 1.662917e-08 1.177557e-08 1.197984e-08 1.934854e-08 2.020899e-08
[13] 1.735284e-08 1.909230e-08 1.890387e-08 1.566002e-08 1.590606e-08 1.257302e-08
[19] 1.734818e-08 2.123859e-08 1.972626e-08 1.421835e-08 1.761074e-08 1.863244e-08
[25] 1.449181e-08 1.482439e-08 1.977164e-08 2.497321e-08 1.770407e-08 1.684075e-08
[31] 2.082702e-08 1.760971e-08 1.678492e-08 2.475076e-08 2.379530e-08 1.699571e-08
[37] 1.542560e-08 2.561260e-08 1.178075e-08 1.873475e-08 2.063209e-08 2.297352e-08
[43] 1.916402e-08 1.896824e-08 2.369944e-08 1.599134e-08 2.482603e-08 1.620516e-08
[49] 1.698725e-08 2.696683e-08

$Bboots
 [1] 5.724444e-09 6.992000e-09 5.356444e-09 5.274667e-09 5.888000e-09 6.051556e-09
 [7] 5.765333e-09 4.252444e-09 3.107556e-09 2.984889e-09 5.070222e-09 5.520000e-09
[13] 4.170667e-09 4.988444e-09 4.865778e-09 3.925333e-09 4.293333e-09 3.639111e-09
[19] 4.538667e-09 5.642667e-09 4.865778e-09 4.129778e-09 4.865778e-09 4.702222e-09
[25] 3.680000e-09 3.843556e-09 5.438222e-09 6.787556e-09 4.416000e-09 4.579556e-09
[31] 5.397333e-09 4.497778e-09 4.702222e-09 6.501333e-09 6.664889e-09 4.661333e-09
[37] 3.598222e-09 6.869333e-09 3.189333e-09 4.906667e-09 5.233778e-09 6.051556e-09
[43] 4.947556e-09 5.070222e-09 6.378667e-09 4.416000e-09 6.378667e-09 3.925333e-09
[49] 4.579556e-09 7.196444e-09

$Nboots
 [1] 56.56566 69.09091 52.92929 52.12121 58.18182 59.79798 56.96970 42.02020 30.70707
[10] 29.49495 50.10101 54.54545 41.21212 49.29293 48.08081 38.78788 42.42424 35.95960
[19] 44.84848 55.75758 48.08081 40.80808 48.08081 46.46465 36.36364 37.97980 53.73737
[28] 67.07071 43.63636 45.25253 53.33333 44.44444 46.46465 64.24242 65.85859 46.06061
[37] 35.55556 67.87879 31.51515 48.48485 51.71717 59.79798 48.88889 50.10101 63.03030
[46] 43.63636 63.03030 38.78788 45.25253 71.11111

$julians
 [1] 1760 1795 1844 1880 1902 1934 1955 1999 2026 2054 2089 2124

$intdays
 [1] 35 49 36 22 32 21 44 27 28 35 35  1

$Pintsampest
 [1] 1.307846e-09 1.825978e-09 1.680881e-10 1.027982e-10 0.000000e+00 1.979803e-10
 [7] 5.005627e-09 5.924933e-09 3.467170e-09 3.314129e-10 4.942088e-10 2.582136e-11

$Pintboots
              [,1]         [,2]         [,3]         [,4] [,5]         [,6]
 [1,] 6.539231e-10 9.129889e-10 3.361761e-10 2.055964e-10    0 5.939409e-10
 [2,] 2.288731e-09 3.195461e-09 1.680881e-10 1.027982e-10    0 1.979803e-10
 [3,] 1.307846e-09 1.825978e-09 0.000000e+00 0.000000e+00    0 5.939409e-10
 [4,] 1.307846e-09 1.825978e-09 1.680881e-10 1.027982e-10    0 1.979803e-10
 [5,] 1.307846e-09 1.825978e-09 3.361761e-10 2.055964e-10    0 3.959606e-10
 [6,] 9.808846e-10 1.369483e-09 0.000000e+00 0.000000e+00    0 0.000000e+00
 [7,] 3.269615e-09 4.564944e-09 0.000000e+00 0.000000e+00    0 1.979803e-10
 [8,] 9.808846e-10 1.369483e-09 1.680881e-10 1.027982e-10    0 1.979803e-10
 [9,] 6.539231e-10 9.129889e-10 1.680881e-10 1.027982e-10    0 0.000000e+00
[10,] 9.808846e-10 1.369483e-09 1.680881e-10 1.027982e-10    0 0.000000e+00
[11,] 1.307846e-09 1.825978e-09 1.680881e-10 1.027982e-10    0 0.000000e+00
[12,] 0.000000e+00 0.000000e+00 0.000000e+00 0.000000e+00    0 0.000000e+00
[13,] 1.634808e-09 2.282472e-09 0.000000e+00 0.000000e+00    0 3.959606e-10
[14,] 1.307846e-09 1.825978e-09 3.361761e-10 2.055964e-10    0 0.000000e+00
[15,] 1.307846e-09 1.825978e-09 3.361761e-10 2.055964e-10    0 3.959606e-10
[16,] 1.307846e-09 1.825978e-09 0.000000e+00 0.000000e+00    0 0.000000e+00
[17,] 9.808846e-10 1.369483e-09 1.680881e-10 1.027982e-10    0 3.959606e-10
[18,] 3.269615e-10 4.564944e-10 1.680881e-10 1.027982e-10    0 0.000000e+00
[19,] 1.634808e-09 2.282472e-09 3.361761e-10 2.055964e-10    0 0.000000e+00
[20,] 2.288731e-09 3.195461e-09 1.680881e-10 1.027982e-10    0 1.979803e-10
[21,] 2.615692e-09 3.651955e-09 1.680881e-10 1.027982e-10    0 3.959606e-10
[22,] 3.269615e-10 4.564944e-10 1.680881e-10 1.027982e-10    0 0.000000e+00
[23,] 6.539231e-10 9.129889e-10 1.680881e-10 1.027982e-10    0 1.979803e-10
[24,] 2.942654e-09 4.108450e-09 1.680881e-10 1.027982e-10    0 1.979803e-10
[25,] 9.808846e-10 1.369483e-09 1.680881e-10 1.027982e-10    0 1.979803e-10
[26,] 1.961769e-09 2.738967e-09 3.361761e-10 2.055964e-10    0 0.000000e+00
[27,] 2.288731e-09 3.195461e-09 1.680881e-10 1.027982e-10    0 0.000000e+00
[28,] 6.539231e-10 9.129889e-10 1.680881e-10 1.027982e-10    0 5.939409e-10
[29,] 1.634808e-09 2.282472e-09 3.361761e-10 2.055964e-10    0 3.959606e-10
[30,] 9.808846e-10 1.369483e-09 3.361761e-10 2.055964e-10    0 0.000000e+00
[31,] 1.634808e-09 2.282472e-09 1.680881e-10 1.027982e-10    0 1.979803e-10
[32,] 1.307846e-09 1.825978e-09 0.000000e+00 0.000000e+00    0 3.959606e-10
[33,] 0.000000e+00 0.000000e+00 3.361761e-10 2.055964e-10    0 1.979803e-10
[34,] 1.961769e-09 2.738967e-09 1.680881e-10 1.027982e-10    0 3.959606e-10
[35,] 3.269615e-10 4.564944e-10 0.000000e+00 0.000000e+00    0 3.959606e-10
[36,] 0.000000e+00 0.000000e+00 3.361761e-10 2.055964e-10    0 1.979803e-10
[37,] 2.942654e-09 4.108450e-09 1.680881e-10 1.027982e-10    0 1.979803e-10
[38,] 2.288731e-09 3.195461e-09 1.680881e-10 1.027982e-10    0 1.979803e-10
[39,] 3.269615e-10 4.564944e-10 0.000000e+00 0.000000e+00    0 1.979803e-10
[40,] 1.307846e-09 1.825978e-09 1.680881e-10 1.027982e-10    0 7.919212e-10
[41,] 1.961769e-09 2.738967e-09 3.361761e-10 2.055964e-10    0 0.000000e+00
[42,] 2.288731e-09 3.195461e-09 0.000000e+00 0.000000e+00    0 0.000000e+00
[43,] 9.808846e-10 1.369483e-09 0.000000e+00 0.000000e+00    0 0.000000e+00
[44,] 1.307846e-09 1.825978e-09 1.680881e-10 1.027982e-10    0 0.000000e+00
[45,] 1.307846e-09 1.825978e-09 1.680881e-10 1.027982e-10    0 1.979803e-10
[46,] 0.000000e+00 0.000000e+00 0.000000e+00 0.000000e+00    0 3.959606e-10
[47,] 1.961769e-09 2.738967e-09 1.680881e-10 1.027982e-10    0 1.979803e-10
[48,] 1.961769e-09 2.738967e-09 3.361761e-10 2.055964e-10    0 0.000000e+00
[49,] 3.269615e-10 4.564944e-10 1.680881e-10 1.027982e-10    0 1.979803e-10
[50,] 1.634808e-09 2.282472e-09 3.361761e-10 2.055964e-10    0 1.979803e-10
              [,7]         [,8]         [,9]        [,10]        [,11]        [,12]
 [1,] 6.465601e-09 6.697750e-09 4.400639e-09 9.942387e-10 0.000000e+00 9.389587e-12
 [2,] 5.005627e-09 8.114582e-09 6.000872e-09 6.628258e-10 4.942088e-10 3.990574e-11
 [3,] 6.465601e-09 5.924933e-09 3.333818e-09 6.628258e-10 4.942088e-10 2.582136e-11
 [4,] 5.422762e-09 6.440145e-09 3.733876e-09 3.314129e-10 4.942088e-10 2.582136e-11
 [5,] 5.839898e-09 7.212962e-09 4.533992e-09 3.314129e-10 0.000000e+00 1.877917e-11
 [6,] 6.257033e-09 8.243385e-09 5.067403e-09 6.628258e-10 0.000000e+00 1.408438e-11
 [7,] 5.214194e-09 5.538524e-09 3.200465e-09 6.628258e-10 4.942088e-10 5.399013e-11
 [8,] 6.257033e-09 5.538524e-09 2.000291e-09 0.000000e+00 0.000000e+00 1.408438e-11
 [9,] 3.337084e-09 3.992890e-09 2.266996e-09 3.314129e-10 0.000000e+00 9.389587e-12
[10,] 3.962788e-09 3.348875e-09 1.200174e-09 3.314129e-10 4.942088e-10 2.112657e-11
[11,] 5.631330e-09 6.826553e-09 3.467170e-09 0.000000e+00 0.000000e+00 1.877917e-11
[12,] 6.465601e-09 8.243385e-09 4.667345e-09 3.314129e-10 4.942088e-10 7.042190e-12
[13,] 7.717008e-09 4.765707e-09 5.334108e-10 0.000000e+00 0.000000e+00 2.347397e-11
[14,] 5.214194e-09 6.053736e-09 3.467170e-09 6.628258e-10 0.000000e+00 1.877917e-11
[15,] 5.214194e-09 4.765707e-09 2.667054e-09 6.628258e-10 1.482626e-09 3.990574e-11
[16,] 5.005627e-09 4.765707e-09 1.733585e-09 0.000000e+00 9.884177e-10 3.286355e-11
[17,] 3.754220e-09 5.152116e-09 3.467170e-09 0.000000e+00 4.942088e-10 2.112657e-11
[18,] 1.459974e-09 5.152116e-09 4.400639e-09 0.000000e+00 4.942088e-10 1.173698e-11
[19,] 3.754220e-09 5.409721e-09 3.200465e-09 0.000000e+00 4.942088e-10 3.051616e-11
[20,] 3.754220e-09 6.697750e-09 4.800697e-09 0.000000e+00 0.000000e+00 3.286355e-11
[21,] 4.797059e-09 4.121693e-09 2.000291e-09 3.314129e-10 1.482626e-09 5.868492e-11
[22,] 1.251407e-09 5.409721e-09 5.334108e-09 6.628258e-10 4.942088e-10 1.173698e-11
[23,] 3.754220e-09 6.311342e-09 4.667345e-09 3.314129e-10 4.942088e-10 1.643178e-11
[24,] 2.919949e-09 4.250495e-09 3.067112e-09 3.314129e-10 4.942088e-10 4.929533e-11
[25,] 5.214194e-09 4.379298e-09 1.733585e-09 3.314129e-10 0.000000e+00 1.408438e-11
[26,] 2.502813e-09 4.250495e-09 2.800407e-09 0.000000e+00 0.000000e+00 2.816876e-11
[27,] 8.342711e-10 6.182539e-09 6.134224e-09 3.314129e-10 4.942088e-10 3.990574e-11
[28,] 7.717008e-09 9.016202e-09 5.467461e-09 3.314129e-10 0.000000e+00 9.389587e-12
[29,] 6.257033e-09 4.636904e-09 1.600232e-09 3.314129e-10 0.000000e+00 2.347397e-11
[30,] 3.337084e-09 5.667327e-09 4.267287e-09 6.628258e-10 0.000000e+00 1.408438e-11
[31,] 6.257033e-09 6.826553e-09 3.333818e-09 0.000000e+00 0.000000e+00 2.347397e-11
[32,] 6.048465e-09 5.280919e-09 2.400349e-09 3.314129e-10 0.000000e+00 1.877917e-11
[33,] 3.962788e-09 6.311342e-09 4.267287e-09 0.000000e+00 1.482626e-09 2.112657e-11
[34,] 6.048465e-09 7.341765e-09 4.800697e-09 6.628258e-10 4.942088e-10 3.521095e-11
[35,] 5.422762e-09 8.758597e-09 6.934341e-09 9.942387e-10 4.942088e-10 1.173698e-11
[36,] 5.005627e-09 6.182539e-09 3.733876e-09 3.314129e-10 9.884177e-10 1.408438e-11
[37,] 3.337084e-09 2.060846e-09 8.001162e-10 6.628258e-10 9.884177e-10 5.633752e-11
[38,] 4.379923e-09 8.243385e-09 6.000872e-09 0.000000e+00 9.884177e-10 4.694793e-11
[39,] 3.545652e-09 4.250495e-09 2.667054e-09 3.314129e-10 0.000000e+00 4.694793e-12
[40,] 5.839898e-09 5.280919e-09 3.067112e-09 3.314129e-10 0.000000e+00 1.877917e-11
[41,] 5.839898e-09 5.924933e-09 2.933759e-09 6.628258e-10 0.000000e+00 2.816876e-11
[42,] 4.379923e-09 7.212962e-09 5.200755e-09 6.628258e-10 0.000000e+00 3.286355e-11
[43,] 6.257033e-09 6.311342e-09 3.067112e-09 6.628258e-10 4.942088e-10 2.112657e-11
[44,] 3.962788e-09 6.053736e-09 4.533992e-09 9.942387e-10 0.000000e+00 1.877917e-11
[45,] 5.631330e-09 8.243385e-09 5.200755e-09 0.000000e+00 9.884177e-10 3.286355e-11
[46,] 5.214194e-09 6.182539e-09 3.867228e-09 3.314129e-10 0.000000e+00 0.000000e+00
[47,] 6.882737e-09 7.212962e-09 3.867228e-09 6.628258e-10 9.884177e-10 4.225314e-11
[48,] 5.005627e-09 3.992890e-09 9.334689e-10 0.000000e+00 9.884177e-10 4.225314e-11
[49,] 4.797059e-09 5.667327e-09 3.600523e-09 6.628258e-10 9.884177e-10 1.877917e-11
[50,] 6.257033e-09 8.629794e-09 5.734166e-09 6.628258e-10 9.884177e-10 3.755835e-11

$Bdatesampinfo
       DATE JULIAN N         Mean        Stdev
1  10/26/10   1760 5 0.000000e+00 0.000000e+00
2  11/30/10   1795 5 7.196444e-09 1.172877e-08
3  01/18/11   1844 5 0.000000e+00 0.000000e+00
4  02/23/11   1880 5 8.995556e-10 2.011467e-09
5  03/17/11   1902 5 0.000000e+00 0.000000e+00
6  04/18/11   1934 5 0.000000e+00 0.000000e+00
7  05/09/11   1955 5 1.799111e-09 4.022935e-09
8  06/22/11   1999 5 1.979022e-08 1.511949e-08
9  07/19/11   2026 5 2.158933e-08 2.409567e-08
10 08/16/11   2054 5 1.799111e-09 4.022935e-09
11 09/20/11   2089 5 0.000000e+00 0.000000e+00
12 10/25/11   2124 5 2.698667e-09 6.034402e-09

$Ndatesampinfo
       DATE JULIAN N       Mean     Stdev
1  10/26/10   1760 5   0.000000   0.00000
2  11/30/10   1795 5  71.111111 115.89693
3  01/18/11   1844 5   0.000000   0.00000
4  02/23/11   1880 5   8.888889  19.87616
5  03/17/11   1902 5   0.000000   0.00000
6  04/18/11   1934 5   0.000000   0.00000
7  05/09/11   1955 5  17.777778  39.75232
8  06/22/11   1999 5 195.555556 149.40210
9  07/19/11   2026 5 213.333333 238.09947
10 08/16/11   2054 5  17.777778  39.75232
11 09/20/11   2089 5   0.000000   0.00000
12 10/25/11   2124 5  26.666667  59.62848

$Bdateboots
      [,1]         [,2] [,3]         [,4] [,5] [,6]         [,7]         [,8]
 [1,]    0 3.598222e-09    0 1.799111e-09    0    0 5.397333e-09 2.248889e-08
 [2,]    0 1.259378e-08    0 8.995556e-10    0    0 1.799111e-09 1.979022e-08
 [3,]    0 7.196444e-09    0 0.000000e+00    0    0 5.397333e-09 2.248889e-08
 [4,]    0 7.196444e-09    0 8.995556e-10    0    0 1.799111e-09 2.158933e-08
 [5,]    0 7.196444e-09    0 1.799111e-09    0    0 3.598222e-09 2.158933e-08
 [6,]    0 5.397333e-09    0 0.000000e+00    0    0 0.000000e+00 2.698667e-08
 [7,]    0 1.799111e-08    0 0.000000e+00    0    0 1.799111e-09 2.068978e-08
 [8,]    0 5.397333e-09    0 8.995556e-10    0    0 1.799111e-09 2.518756e-08
 [9,]    0 3.598222e-09    0 8.995556e-10    0    0 0.000000e+00 1.439289e-08
[10,]    0 5.397333e-09    0 8.995556e-10    0    0 0.000000e+00 1.709156e-08
[11,]    0 7.196444e-09    0 8.995556e-10    0    0 0.000000e+00 2.428800e-08
[12,]    0 0.000000e+00    0 0.000000e+00    0    0 0.000000e+00 2.788622e-08
[13,]    0 8.995556e-09    0 0.000000e+00    0    0 3.598222e-09 2.968533e-08
[14,]    0 7.196444e-09    0 1.799111e-09    0    0 0.000000e+00 2.248889e-08
[15,]    0 7.196444e-09    0 1.799111e-09    0    0 3.598222e-09 1.889067e-08
[16,]    0 7.196444e-09    0 0.000000e+00    0    0 0.000000e+00 2.158933e-08
[17,]    0 5.397333e-09    0 8.995556e-10    0    0 3.598222e-09 1.259378e-08
[18,]    0 1.799111e-09    0 8.995556e-10    0    0 0.000000e+00 6.296889e-09
[19,]    0 8.995556e-09    0 1.799111e-09    0    0 0.000000e+00 1.619200e-08
[20,]    0 1.259378e-08    0 8.995556e-10    0    0 1.799111e-09 1.439289e-08
[21,]    0 1.439289e-08    0 8.995556e-10    0    0 3.598222e-09 1.709156e-08
[22,]    0 1.799111e-09    0 8.995556e-10    0    0 0.000000e+00 5.397333e-09
[23,]    0 3.598222e-09    0 8.995556e-10    0    0 1.799111e-09 1.439289e-08
[24,]    0 1.619200e-08    0 8.995556e-10    0    0 1.799111e-09 1.079467e-08
[25,]    0 5.397333e-09    0 8.995556e-10    0    0 1.799111e-09 2.068978e-08
[26,]    0 1.079467e-08    0 1.799111e-09    0    0 0.000000e+00 1.079467e-08
[27,]    0 1.259378e-08    0 8.995556e-10    0    0 0.000000e+00 3.598222e-09
[28,]    0 3.598222e-09    0 8.995556e-10    0    0 5.397333e-09 2.788622e-08
[29,]    0 8.995556e-09    0 1.799111e-09    0    0 3.598222e-09 2.338844e-08
[30,]    0 5.397333e-09    0 1.799111e-09    0    0 0.000000e+00 1.439289e-08
[31,]    0 8.995556e-09    0 8.995556e-10    0    0 1.799111e-09 2.518756e-08
[32,]    0 7.196444e-09    0 0.000000e+00    0    0 3.598222e-09 2.248889e-08
[33,]    0 0.000000e+00    0 1.799111e-09    0    0 1.799111e-09 1.529244e-08
[34,]    0 1.079467e-08    0 8.995556e-10    0    0 3.598222e-09 2.248889e-08
[35,]    0 1.799111e-09    0 0.000000e+00    0    0 3.598222e-09 1.979022e-08
[36,]    0 0.000000e+00    0 1.799111e-09    0    0 1.799111e-09 1.979022e-08
[37,]    0 1.619200e-08    0 8.995556e-10    0    0 1.799111e-09 1.259378e-08
[38,]    0 1.259378e-08    0 8.995556e-10    0    0 1.799111e-09 1.709156e-08
[39,]    0 1.799111e-09    0 0.000000e+00    0    0 1.799111e-09 1.349333e-08
[40,]    0 7.196444e-09    0 8.995556e-10    0    0 7.196444e-09 1.799111e-08
[41,]    0 1.079467e-08    0 1.799111e-09    0    0 0.000000e+00 2.518756e-08
[42,]    0 1.259378e-08    0 0.000000e+00    0    0 0.000000e+00 1.889067e-08
[43,]    0 5.397333e-09    0 0.000000e+00    0    0 0.000000e+00 2.698667e-08
[44,]    0 7.196444e-09    0 8.995556e-10    0    0 0.000000e+00 1.709156e-08
[45,]    0 7.196444e-09    0 8.995556e-10    0    0 1.799111e-09 2.248889e-08
[46,]    0 0.000000e+00    0 0.000000e+00    0    0 3.598222e-09 1.889067e-08
[47,]    0 1.079467e-08    0 8.995556e-10    0    0 1.799111e-09 2.788622e-08
[48,]    0 1.079467e-08    0 1.799111e-09    0    0 0.000000e+00 2.158933e-08
[49,]    0 1.799111e-09    0 8.995556e-10    0    0 1.799111e-09 1.889067e-08
[50,]    0 8.995556e-09    0 1.799111e-09    0    0 1.799111e-09 2.518756e-08
              [,9]        [,10] [,11]        [,12]
 [1,] 2.428800e-08 5.397333e-09     0 0.000000e+00
 [2,] 3.688178e-08 3.598222e-09     0 2.698667e-09
 [3,] 1.889067e-08 3.598222e-09     0 2.698667e-09
 [4,] 2.338844e-08 1.799111e-09     0 2.698667e-09
 [5,] 2.878578e-08 1.799111e-09     0 0.000000e+00
 [6,] 3.058489e-08 3.598222e-09     0 0.000000e+00
 [7,] 1.799111e-08 3.598222e-09     0 2.698667e-09
 [8,] 1.349333e-08 0.000000e+00     0 0.000000e+00
 [9,] 1.349333e-08 1.799111e-09     0 0.000000e+00
[10,] 6.296889e-09 1.799111e-09     0 2.698667e-09
[11,] 2.338844e-08 0.000000e+00     0 0.000000e+00
[12,] 2.968533e-08 1.799111e-09     0 2.698667e-09
[13,] 3.598222e-09 0.000000e+00     0 0.000000e+00
[14,] 1.979022e-08 3.598222e-09     0 0.000000e+00
[15,] 1.439289e-08 3.598222e-09     0 8.096000e-09
[16,] 1.169422e-08 0.000000e+00     0 5.397333e-09
[17,] 2.338844e-08 0.000000e+00     0 2.698667e-09
[18,] 2.968533e-08 0.000000e+00     0 2.698667e-09
[19,] 2.158933e-08 0.000000e+00     0 2.698667e-09
[20,] 3.238400e-08 0.000000e+00     0 0.000000e+00
[21,] 1.169422e-08 1.799111e-09     0 8.096000e-09
[22,] 3.238400e-08 3.598222e-09     0 2.698667e-09
[23,] 2.968533e-08 1.799111e-09     0 2.698667e-09
[24,] 1.889067e-08 1.799111e-09     0 2.698667e-09
[25,] 9.895111e-09 1.799111e-09     0 0.000000e+00
[26,] 1.889067e-08 0.000000e+00     0 0.000000e+00
[27,] 3.958044e-08 1.799111e-09     0 2.698667e-09
[28,] 3.508267e-08 1.799111e-09     0 0.000000e+00
[29,] 8.995556e-09 1.799111e-09     0 0.000000e+00
[30,] 2.518756e-08 3.598222e-09     0 0.000000e+00
[31,] 2.248889e-08 0.000000e+00     0 0.000000e+00
[32,] 1.439289e-08 1.799111e-09     0 0.000000e+00
[33,] 2.878578e-08 0.000000e+00     0 8.096000e-09
[34,] 2.878578e-08 3.598222e-09     0 2.698667e-09
[35,] 4.137956e-08 5.397333e-09     0 2.698667e-09
[36,] 2.338844e-08 1.799111e-09     0 5.397333e-09
[37,] 1.799111e-09 3.598222e-09     0 5.397333e-09
[38,] 4.048000e-08 0.000000e+00     0 5.397333e-09
[39,] 1.619200e-08 1.799111e-09     0 0.000000e+00
[40,] 1.889067e-08 1.799111e-09     0 0.000000e+00
[41,] 1.619200e-08 3.598222e-09     0 0.000000e+00
[42,] 3.148444e-08 3.598222e-09     0 0.000000e+00
[43,] 1.709156e-08 3.598222e-09     0 2.698667e-09
[44,] 2.518756e-08 5.397333e-09     0 0.000000e+00
[45,] 3.508267e-08 0.000000e+00     0 5.397333e-09
[46,] 2.428800e-08 1.799111e-09     0 0.000000e+00
[47,] 2.248889e-08 3.598222e-09     0 5.397333e-09
[48,] 6.296889e-09 0.000000e+00     0 5.397333e-09
[49,] 2.068978e-08 3.598222e-09     0 5.397333e-09
[50,] 3.508267e-08 3.598222e-09     0 5.397333e-09

$Ndateboots
      [,1]      [,2] [,3]      [,4] [,5] [,6]     [,7]      [,8]      [,9]    [,10]
 [1,]    0  35.55556    0 17.777778    0    0 53.33333 222.22222 240.00000 53.33333
 [2,]    0 124.44444    0  8.888889    0    0 17.77778 195.55556 364.44444 35.55556
 [3,]    0  71.11111    0  0.000000    0    0 53.33333 222.22222 186.66667 35.55556
 [4,]    0  71.11111    0  8.888889    0    0 17.77778 213.33333 231.11111 17.77778
 [5,]    0  71.11111    0 17.777778    0    0 35.55556 213.33333 284.44444 17.77778
 [6,]    0  53.33333    0  0.000000    0    0  0.00000 266.66667 302.22222 35.55556
 [7,]    0 177.77778    0  0.000000    0    0 17.77778 204.44444 177.77778 35.55556
 [8,]    0  53.33333    0  8.888889    0    0 17.77778 248.88889 133.33333  0.00000
 [9,]    0  35.55556    0  8.888889    0    0  0.00000 142.22222 133.33333 17.77778
[10,]    0  53.33333    0  8.888889    0    0  0.00000 168.88889  62.22222 17.77778
[11,]    0  71.11111    0  8.888889    0    0  0.00000 240.00000 231.11111  0.00000
[12,]    0   0.00000    0  0.000000    0    0  0.00000 275.55556 293.33333 17.77778
[13,]    0  88.88889    0  0.000000    0    0 35.55556 293.33333  35.55556  0.00000
[14,]    0  71.11111    0 17.777778    0    0  0.00000 222.22222 195.55556 35.55556
[15,]    0  71.11111    0 17.777778    0    0 35.55556 186.66667 142.22222 35.55556
[16,]    0  71.11111    0  0.000000    0    0  0.00000 213.33333 115.55556  0.00000
[17,]    0  53.33333    0  8.888889    0    0 35.55556 124.44444 231.11111  0.00000
[18,]    0  17.77778    0  8.888889    0    0  0.00000  62.22222 293.33333  0.00000
[19,]    0  88.88889    0 17.777778    0    0  0.00000 160.00000 213.33333  0.00000
[20,]    0 124.44444    0  8.888889    0    0 17.77778 142.22222 320.00000  0.00000
[21,]    0 142.22222    0  8.888889    0    0 35.55556 168.88889 115.55556 17.77778
[22,]    0  17.77778    0  8.888889    0    0  0.00000  53.33333 320.00000 35.55556
[23,]    0  35.55556    0  8.888889    0    0 17.77778 142.22222 293.33333 17.77778
[24,]    0 160.00000    0  8.888889    0    0 17.77778 106.66667 186.66667 17.77778
[25,]    0  53.33333    0  8.888889    0    0 17.77778 204.44444  97.77778 17.77778
[26,]    0 106.66667    0 17.777778    0    0  0.00000 106.66667 186.66667  0.00000
[27,]    0 124.44444    0  8.888889    0    0  0.00000  35.55556 391.11111 17.77778
[28,]    0  35.55556    0  8.888889    0    0 53.33333 275.55556 346.66667 17.77778
[29,]    0  88.88889    0 17.777778    0    0 35.55556 231.11111  88.88889 17.77778
[30,]    0  53.33333    0 17.777778    0    0  0.00000 142.22222 248.88889 35.55556
[31,]    0  88.88889    0  8.888889    0    0 17.77778 248.88889 222.22222  0.00000
[32,]    0  71.11111    0  0.000000    0    0 35.55556 222.22222 142.22222 17.77778
[33,]    0   0.00000    0 17.777778    0    0 17.77778 151.11111 284.44444  0.00000
[34,]    0 106.66667    0  8.888889    0    0 35.55556 222.22222 284.44444 35.55556
[35,]    0  17.77778    0  0.000000    0    0 35.55556 195.55556 408.88889 53.33333
[36,]    0   0.00000    0 17.777778    0    0 17.77778 195.55556 231.11111 17.77778
[37,]    0 160.00000    0  8.888889    0    0 17.77778 124.44444  17.77778 35.55556
[38,]    0 124.44444    0  8.888889    0    0 17.77778 168.88889 400.00000  0.00000
[39,]    0  17.77778    0  0.000000    0    0 17.77778 133.33333 160.00000 17.77778
[40,]    0  71.11111    0  8.888889    0    0 71.11111 177.77778 186.66667 17.77778
[41,]    0 106.66667    0 17.777778    0    0  0.00000 248.88889 160.00000 35.55556
[42,]    0 124.44444    0  0.000000    0    0  0.00000 186.66667 311.11111 35.55556
[43,]    0  53.33333    0  0.000000    0    0  0.00000 266.66667 168.88889 35.55556
[44,]    0  71.11111    0  8.888889    0    0  0.00000 168.88889 248.88889 53.33333
[45,]    0  71.11111    0  8.888889    0    0 17.77778 222.22222 346.66667  0.00000
[46,]    0   0.00000    0  0.000000    0    0 35.55556 186.66667 240.00000 17.77778
[47,]    0 106.66667    0  8.888889    0    0 17.77778 275.55556 222.22222 35.55556
[48,]    0 106.66667    0 17.777778    0    0  0.00000 213.33333  62.22222  0.00000
[49,]    0  17.77778    0  8.888889    0    0 17.77778 186.66667 204.44444 35.55556
[50,]    0  88.88889    0 17.777778    0    0 17.77778 248.88889 346.66667 35.55556
      [,11]    [,12]
 [1,]     0  0.00000
 [2,]     0 26.66667
 [3,]     0 26.66667
 [4,]     0 26.66667
 [5,]     0  0.00000
 [6,]     0  0.00000
 [7,]     0 26.66667
 [8,]     0  0.00000
 [9,]     0  0.00000
[10,]     0 26.66667
[11,]     0  0.00000
[12,]     0 26.66667
[13,]     0  0.00000
[14,]     0  0.00000
[15,]     0 80.00000
[16,]     0 53.33333
[17,]     0 26.66667
[18,]     0 26.66667
[19,]     0 26.66667
[20,]     0  0.00000
[21,]     0 80.00000
[22,]     0 26.66667
[23,]     0 26.66667
[24,]     0 26.66667
[25,]     0  0.00000
[26,]     0  0.00000
[27,]     0 26.66667
[28,]     0  0.00000
[29,]     0  0.00000
[30,]     0  0.00000
[31,]     0  0.00000
[32,]     0  0.00000
[33,]     0 80.00000
[34,]     0 26.66667
[35,]     0 26.66667
[36,]     0 53.33333
[37,]     0 53.33333
[38,]     0 53.33333
[39,]     0  0.00000
[40,]     0  0.00000
[41,]     0  0.00000
[42,]     0  0.00000
[43,]     0 26.66667
[44,]     0  0.00000
[45,]     0 53.33333
[46,]     0  0.00000
[47,]     0 53.33333
[48,]     0 53.33333
[49,]     0 53.33333
[50,]     0 53.33333

