$totdays
[1] 365

$Psampest
[1] 69.0853

$Pbootest
    Mean     2.5%      50%    97.5% 
71.15932 54.39111 70.88034 85.69175 

$Pboots
 [1] 72.92089 71.50842 63.72634 77.89702 75.91798 69.48551 70.58878 80.00383 70.97336
[10] 81.10289 76.43507 54.18111 69.87911 70.88548 85.91026 51.81017 92.43314 64.17632
[19] 57.57480 84.93911 66.72978 67.90646 66.13738 77.13007 61.97904 55.11443 74.60427
[28] 66.85250 69.92845 70.18181 68.43698 83.68792 67.67864 64.78434 62.22481 84.04481
[37] 76.54354 63.83228 73.23915 76.60000 75.04034 70.88269 70.39614 72.99486 77.51644
[46] 75.39201 65.53463 70.87799 61.07729 78.26717

$Bboots
 [1] 41.80767 47.09201 59.22497 45.28043 49.75489 58.04873 43.00999 49.25961 49.55418
[10] 44.74795 51.13515 49.52838 48.73114 39.91831 52.26868 52.75558 36.67425 46.74709
[19] 45.09303 52.88702 35.45904 53.57912 48.49685 42.76361 40.29354 63.56586 51.69584
[28] 46.55190 44.58200 60.03147 45.89390 53.26924 44.14877 58.72935 41.81828 39.32908
[37] 44.48606 46.89400 37.51058 58.78412 46.98579 49.79371 56.46724 42.86005 60.11389
[46] 45.36656 78.34523 37.08782 57.18871 48.65570

$Nboots
 [1] 454.9495 434.7475 465.8586 488.0808 474.3434 482.0202 403.6364 505.4545 467.0707
[10] 463.0303 477.5758 392.3232 446.0606 440.4040 511.5152 397.9798 473.9394 418.5859
[19] 399.1919 517.9798 374.1414 456.1616 423.8384 440.8081 387.0707 436.3636 473.9394
[28] 442.4242 428.6869 471.1111 481.2121 492.1212 431.9192 460.6061 431.9192 468.6869
[37] 488.4848 436.7677 433.9394 490.9091 464.2424 428.2828 481.2121 435.9596 490.5051
[46] 464.2424 507.0707 434.3434 425.8586 494.1414

$julians
 [1] 1760 1795 1844 1880 1902 1934 1955 1999 2026 2054 2089 2124

$intdays
 [1] 35 49 36 22 32 21 44 27 28 35 35  1

$Pintsampest
 [1]  0.47778053  0.03050289  0.18233661  0.12483504  0.02618588  0.18984691  9.55934708
 [8] 35.65478640 21.22123588  0.67124163  0.91465046  0.03254654

$Pintboots
            [,1]        [,2]        [,3]        [,4]         [,5]        [,6]      [,7]
 [1,] 0.49214493 0.048065450 0.237604291 0.170299403 0.0513421848 0.138344935  7.071409
 [2,] 0.47242489 0.023004987 0.147539034 0.102020252 0.0015443574 0.362342209  8.776557
 [3,] 0.01996807 0.033050490 0.199772270 0.133702619 0.0513421848 0.224025717 10.879795
 [4,] 0.93924611 0.035617239 0.232698139 0.156517406 0.0267006640 0.219073979 12.338665
 [5,] 0.93023735 0.020457389 0.237604291 0.170299403 0.0005147858 0.212121813  8.353336
 [6,] 1.38609926 0.020274197 0.089557438 0.056041205 0.0513421848 0.135621083  9.875767
 [7,] 0.46682122 0.015159850 0.029157994 0.017127892 0.0518569706 0.254295828  8.501353
 [8,] 0.49214493 0.050613048 0.139918969 0.087723572 0.0513421848 0.314111162 13.373693
 [9,] 0.47412743 0.025388544 0.382616696 0.270775605 0.0267006640 0.087307434 10.318433
[10,] 0.47412743 0.022840946 0.087685733 0.056041205 0.0256710924 0.160619839  9.528600
[11,] 0.47047432 0.017726599 0.298845944 0.209727400 0.0261858782 0.278251543  9.546087
[12,] 0.48143364 0.033069640 0.132521221 0.086086939 0.0010295716 0.244710505  6.950139
[13,] 0.47778053 0.030502892 0.063113359 0.039427996 0.0000000000 0.184575554  8.990068
[14,] 0.93193990 0.030483741 0.278016979 0.193114191 0.0523717563 0.151756353 10.027053
[15,] 0.48143364 0.033069640 0.133363431 0.086601623 0.0256710924 0.073258247 10.279912
[16,] 0.48143364 0.035617239 0.182336609 0.124835040 0.0256710924 0.118938739  6.651231
[17,] 0.01631496 0.022840946 0.052888159 0.033226417 0.0005147858 0.082441351 10.633888
[18,] 0.01996807 0.030502892 0.275115779 0.193628875 0.0261858782 0.277208501  9.120202
[19,] 0.93924611 0.038164837 0.194246227 0.132065986 0.0261858782 0.322251224  7.181846
[20,] 0.02191863 0.033233681 0.155892529 0.108221831 0.0518569706 0.386700143 10.547930
[21,] 0.92828679 0.020274197 0.121094955 0.085407044 0.0518569706 0.253252787 11.707924
[22,] 0.47778053 0.030502892 0.158419158 0.109765882 0.0000000000 0.318022910 10.068443
[23,] 0.92293114 0.012776293 0.030000203 0.017642576 0.0005147858 0.167079090  7.966821
[24,] 0.01631496 0.022840946 0.112445394 0.071625047 0.0523717563 0.153842436  6.970685
[25,] 0.00730621 0.015323891 0.067511692 0.040972047 0.0015443574 0.272256764  8.075436
[26,] 0.02897682 0.043115143 0.182336609 0.124835040 0.0261858782 0.188803868  8.852042
[27,] 0.47412743 0.025388544 0.265077865 0.186397928 0.0523717563 0.193437453 11.494182
[28,] 0.93023735 0.023004987 0.275115779 0.193628875 0.0513421848 0.182749888 11.604984
[29,] 0.93023735 0.023004987 0.146696825 0.101505569 0.0005147858 0.172526796 10.451124
[30,] 0.48143364 0.035617239 0.145854615 0.100990885 0.0518569706 0.172381941  9.013406
[31,] 0.95215599 0.053691070 0.171456485 0.117089410 0.0005147858 0.171483754  9.283633
[32,] 0.92658425 0.017890640 0.108791056 0.069988414 0.0256710924 0.247981431 13.488525
[33,] 0.02557174 0.038348028 0.171456485 0.117089410 0.0770132772 0.200070002  8.394074
[34,] 0.02532371 0.035453198 0.263206161 0.186397928 0.0261858782 0.323294265  8.625018
[35,] 1.39900914 0.038348028 0.147539034 0.102020252 0.0256710924 0.202938709 13.102011
[36,] 0.91927804 0.007661945 0.299875440 0.209212716 0.0000000000 0.010490139 10.605561
[37,] 0.93389046 0.028119334 0.475395867 0.339569440 0.0267006640 0.128988534 10.625996
[38,] 0.02727428 0.040731586 0.207938479 0.140933565 0.0261858782 0.279932354  9.197818
[39,] 0.02727428 0.040731586 0.181494399 0.124320356 0.0005147858 0.122036368 11.892874
[40,] 0.47412743 0.025388544 0.100437561 0.063786835 0.0000000000 0.094490109 10.761837
[41,] 0.93023735 0.023004987 0.005240543 0.002058734 0.0513421848 0.226749569  7.308822
[42,] 0.01631496 0.022840946 0.076805610 0.048295575 0.0770132772 0.156070321 10.303869
[43,] 0.02362117 0.038164837 0.185050523 0.125349723 0.0513421848 0.181706847  9.277926
[44,] 0.00730621 0.012776293 0.264235656 0.185883245 0.0523717563 0.283522898  9.691667
[45,] 0.02362117 0.035617239 0.172298695 0.117604094 0.0005147858 0.209397960  6.906641
[46,] 0.02532371 0.038000796 0.182336609 0.124835040 0.0015443574 0.182171319 13.086709
[47,] 0.02191863 0.033233681 0.239475995 0.170299403 0.0518569706 0.124615366  9.326304
[48,] 0.48483872 0.042931952 0.091429143 0.056041205 0.0000000000 0.006085475 11.934663
[49,] 0.01631496 0.022840946 0.062926073 0.040457364 0.0000000000 0.097213962  5.060890
[50,] 0.03458049 0.050960280 0.100437561 0.063786835 0.0005147858 0.082036079 10.178593
          [,8]     [,9]       [,10]       [,11]       [,12]
 [1,] 39.21847 25.47443 0.000000000 0.000000000 0.018781583
 [2,] 35.37282 23.48746 1.322390418 1.399164990 0.041162689
 [3,] 34.07075 17.63706 0.029182117 0.432937276 0.014751269
 [4,] 40.14601 22.61639 0.651148792 0.492918589 0.042033156
 [5,] 38.45135 25.90818 0.669327361 0.917451809 0.047101935
 [6,] 35.20908 19.90111 1.302297585 1.401966342 0.056345660
 [7,] 35.66271 23.55085 0.671241626 1.339183677 0.029023754
 [8,] 39.84838 24.02978 0.671241626 0.914650457 0.030222055
 [9,] 38.41086 20.50900 0.020092833 0.424533220 0.023526742
[10,] 42.82131 27.86390 0.038271401 0.005602704 0.018214381
[11,] 38.93181 24.18645 0.671241626 1.760915544 0.037347864
[12,] 27.01029 17.62042 0.671241626 0.914650457 0.035518275
[13,] 33.98357 23.75074 1.351572535 0.974631770 0.033122179
[14,] 36.18598 21.84020 0.671241626 0.487315885 0.036009657
[15,] 44.54517 27.77336 0.671241626 1.760915544 0.046263055
[16,] 26.90000 14.56250 1.284119017 1.401966342 0.041526328
[17,] 47.94378 32.50275 0.642059508 0.490117237 0.012315154
[18,] 32.21099 19.71674 1.304211850 0.980234474 0.021334956
[19,] 30.53858 18.16058 0.000000000 0.005602704 0.036025103
[20,] 43.82963 28.58114 0.711427292 0.487315885 0.023838435
[21,] 32.65112 18.16275 1.304211850 1.399164990 0.044438380
[22,] 34.91916 19.05045 1.333393967 1.401966342 0.038554598
[23,] 34.45879 22.02901 0.069367783 0.427334572 0.035110402
[24,] 41.00794 28.28298 0.000000000 0.427334572 0.011699500
[25,] 32.47284 19.01557 0.651148792 1.336382325 0.022736313
[26,] 29.10432 15.37300 0.682245175 0.492918589 0.015650523
[27,] 37.95252 22.77522 0.671241626 0.490117237 0.024182415
[28,] 35.24818 18.26993 0.029182117 0.008404056 0.035741502
[29,] 35.27299 21.16011 0.702338008 0.920253161 0.047141954
[30,] 36.75235 23.39475 0.009089284 0.000000000 0.024077803
[31,] 34.76166 20.58347 1.293208301 0.983035826 0.065587990
[32,] 42.26484 24.07984 0.642059508 1.760915544 0.054834966
[33,] 33.61746 21.85411 1.313301134 1.826499561 0.043643037
[34,] 33.66551 20.04387 0.660238077 0.911849105 0.017991154
[35,] 30.78933 15.19753 0.662152341 0.495719941 0.062532007
[36,] 42.41065 26.37548 1.333393967 1.823698210 0.049507159
[37,] 36.06795 22.86576 2.606509435 2.376598111 0.068057806
[38,] 34.17983 19.26551 0.018178568 0.427334572 0.020614690
[39,] 35.21867 21.31178 1.964449926 2.311014094 0.043991231
[40,] 38.99744 25.14862 0.047360685 0.857470496 0.029039199
[41,] 39.10817 24.18645 1.313301134 1.826499561 0.058462369
[42,] 36.52330 23.62805 0.018178568 0.005602704 0.006347119
[43,] 37.49466 20.98794 0.662152341 1.339183677 0.029043413
[44,] 35.74820 22.86576 1.964449926 1.889282227 0.029400039
[45,] 40.22262 28.64226 0.680330910 0.487315885 0.018218595
[46,] 38.32707 21.09455 1.333393967 0.977433122 0.018646827
[47,] 35.78437 19.73611 0.020092833 0.008404056 0.017950439
[48,] 37.12311 19.55790 0.642059508 0.914650457 0.024278595
[49,] 31.64673 22.09014 0.680330910 1.336382325 0.023059933
[50,] 38.09941 24.89868 1.964449926 2.738348666 0.055367110

$Bdatesampinfo
       DATE JULIAN N        Mean      Stdev
1  10/26/10   1760 5   2.0178346   4.512015
2  11/30/10   1795 5  11.4103238  11.792314
3  01/18/11   1844 5   1.0398361   2.325144
4  02/23/11   1880 5   1.3158506   1.612882
5  03/17/11   1902 5   0.0000000   0.000000
6  04/18/11   1934 5   0.9973707   1.502171
7  05/09/11   1955 5   4.6806963   5.613255
8  06/22/11   1999 5 127.4397890  96.670157
9  07/19/11   2026 5 379.3087100 197.471295
10 08/16/11   2054 5  16.6754955  25.395558
11 09/20/11   2089 5   0.7224259   1.615393
12 10/25/11   2124 5   2.1101367   3.474361

$Ndatesampinfo
       DATE JULIAN N       Mean     Stdev
1  10/26/10   1760 5  142.22222 318.01856
2  11/30/10   1795 5  355.55556 355.55556
3  01/18/11   1844 5   17.77778  39.75232
4  02/23/11   1880 5   80.00000 106.10966
5  03/17/11   1902 5    0.00000   0.00000
6  04/18/11   1934 5   26.66667  39.75232
7  05/09/11   1955 5   53.33333  37.18489
8  06/22/11   1999 5 1377.77778 388.73013
9  07/19/11   2026 5 2746.66667 859.74444
10 08/16/11   2054 5  106.66667 159.00928
11 09/20/11   2089 5   71.11111 159.00928
12 10/25/11   2124 5   80.00000 155.23777

$Bdateboots
          [,1]      [,2]     [,3]       [,4] [,5]      [,6]       [,7]      [,8]
 [1,] 2.017835 19.618551 0.000000 1.93041057    0 1.3512591  6.1195428 129.03477
 [2,] 2.017835  8.349955 1.039836 1.69344153    0 0.9652234  5.1664745 116.62034
 [3,] 0.000000 11.410324 2.079672 1.27833731    0 1.3512591  2.2484769 138.25923
 [4,] 4.035669 13.497812 1.039836 0.90074637    0 1.3191118  4.6806963  91.98058
 [5,] 4.035669  8.349955 0.000000 1.93041057    0 0.3217411  3.2418498 120.43186
 [6,] 6.053504  7.235347 1.039836 0.61098737    0 1.3512591  3.5253973 137.52039
 [7,] 2.017835  5.147858 1.039836 0.96218333    0 1.6730002  3.2418498 116.62034
 [8,] 2.017835 19.618551 1.039836 0.19588315    0 1.3512591  2.5723291 142.19449
 [9,] 2.017835  9.322835 1.039836 2.22016958    0 1.3191118  7.3964632  94.31440
[10,] 2.017835  9.322835 0.000000 0.61098737    0 0.6756296  4.6806963  83.49496
[11,] 2.017835  7.235347 0.000000 2.04710879    0 0.9973707  3.4037759 136.78154
[12,] 2.017835 13.497812 0.000000 0.29730468    0 0.6434822  6.4433949 206.84384
[13,] 2.017835 11.410324 1.039836 0.11669821    0 0.0000000  4.8426224 170.64578
[14,] 4.035669  9.322835 3.119508 1.55281964    0 1.9947413  5.9576167 128.17863
[15,] 2.017835 13.497812 0.000000 0.76519886    0 0.6756296  6.9509896  74.89205
[16,] 2.017835 13.497812 1.039836 1.31585059    0 0.6756296  7.7203153 162.89900
[17,] 0.000000  9.322835 0.000000 0.98857831    0 0.3217411  7.9443625 134.44772
[18,] 0.000000 11.410324 1.039836 2.02071381    0 0.9973707  2.4104030 170.64578
[19,] 4.035669 13.497812 2.079672 1.37975884    0 0.9973707  2.5723291 162.89900
[20,] 0.000000 12.524932 1.039836 0.82156144    0 1.6730002  1.1334826 137.52039
[21,] 4.035669  7.235347 1.039836 1.19915237    0 1.6730002  2.2484769  68.00786
[22,] 2.017835 11.410324 1.039836 2.22524396    0 0.0000000  3.7276281  83.49496
[23,] 4.035669  4.174977 1.039836 1.43007750    0 0.3217411  3.0799237 173.71845
[24,] 0.000000  9.322835 0.000000 0.16948817    0 1.9947413  7.9443625 172.97960
[25,] 0.000000  4.174977 2.079672 1.52038074    0 0.9652234  4.8426224 129.77361
[26,] 0.000000 16.558182 1.039836 1.31585059    0 0.9973707  3.6873234 170.64578
[27,] 2.017835  9.322835 1.039836 1.95680555    0 1.9947413  2.9179976 135.18656
[28,] 4.035669  8.349955 1.039836 2.02071381    0 1.3512591  5.6740692  91.24173
[29,] 4.035669  8.349955 1.039836 1.22554735    0 0.3217411  8.2682147 124.36712
[30,] 2.017835 13.497812 1.039836 0.75765318    0 1.6730002 10.7004341 161.30402
[31,] 4.035669 20.874886 1.039836 0.78404816    0 0.3217411  7.2748418 136.78154
[32,] 4.035669  6.262466 1.039836 0.27090970    0 0.6756296  2.4104030  88.90791
[33,] 0.000000 14.612420 1.039836 0.78404816    0 2.0268887  2.0865508 160.56518
[34,] 0.000000 14.470693 0.000000 1.95680555    0 0.9973707  3.5657020 120.43186
[35,] 6.053504 14.612420 1.039836 1.69344153    0 0.6756296  2.2484769 142.19449
[36,] 4.035669  2.087489 1.039836 1.57921461    0 0.0000000  9.9906086  84.97265
[37,] 4.035669 10.437443 1.039836 2.92503280    0 1.3191118  4.3568441 134.44772
[38,] 0.000000 15.585301 1.039836 1.34224557    0 0.9973707  5.0045485  77.22587
[39,] 0.000000 15.585301 1.039836 0.84795641    0 0.3217411  2.9179976  78.08846
[40,] 2.017835  9.322835 1.039836 1.14278980    0 0.0000000  4.5187702 134.44772
[41,] 4.035669  8.349955 1.039836 1.87157670    0 1.3512591  4.8426224  85.08994
[42,] 0.000000  9.322835 0.000000 0.07918494    0 2.0268887  2.9179976 124.36712
[43,] 0.000000 13.497812 2.079672 1.78374476    0 1.3512591  4.6806963 136.78154
[44,] 0.000000  4.174977 1.039836 1.48891138    0 1.9947413  3.2418498 127.43979
[45,] 0.000000 13.497812 1.039836 1.25194233    0 0.3217411  0.6477043 162.89900
[46,] 0.000000 14.470693 1.039836 1.31585059    0 0.9652234  4.5187702  88.90791
[47,] 0.000000 12.524932 1.039836 1.93041057    0 1.6730002  7.9443625 171.38462
[48,] 2.017835 15.443574 2.079672 0.61098737    0 0.0000000  5.7956906  91.98058
[49,] 0.000000  9.322835 0.000000 1.05248656    0 0.0000000  7.1129157 209.17766
[50,] 0.000000 19.760278 1.039836 1.14278980    0 0.3217411  7.5583892 124.36712
          [,9]     [,10]     [,11]     [,12]
 [1,] 300.8209  0.000000 0.0000000 0.0000000
 [2,] 359.5991 21.869372 1.4448518 0.5093641
 [3,] 475.5160 16.675496 0.0000000 5.3116818
 [4,] 375.1311  5.193877 0.7224259 3.2015451
 [5,] 392.8506 15.581630 0.7224259 3.7109093
 [6,] 471.3384 10.387753 1.4448518 2.1101367
 [7,] 324.7082 16.675496 0.7224259 2.6195009
 [8,] 355.4214 16.675496 0.7224259 2.1101367
 [9,] 416.7379 11.481619 0.0000000 0.5093641
[10,] 368.9633 21.869372 0.0000000 3.2015451
[11,] 392.8506 16.675496 0.7224259 1.5280924
[12,] 297.6244 16.675496 0.7224259 2.1101367
[13,] 306.9887 38.544868 1.4448518 0.0000000
[14,] 269.5595 16.675496 0.7224259 0.0000000
[15,] 459.0029 16.675496 0.7224259 1.5280924
[16,] 389.6541  0.000000 1.4448518 2.1101367
[17,] 248.8687  0.000000 0.7224259 1.6007726
[18,] 311.1663 11.481619 1.4448518 3.2015451
[19,] 308.9788  0.000000 0.0000000 3.2015451
[20,] 386.6829 39.638733 0.7224259 0.0000000
[21,] 293.4468 11.481619 1.4448518 0.5093641
[22,] 455.8064 28.157114 1.4448518 2.1101367
[23,] 306.9887 39.638733 0.0000000 2.1101367
[24,] 276.9337  0.000000 0.0000000 2.1101367
[25,] 293.4468  5.193877 0.7224259 1.0187283
[26,] 479.6937 22.963238 0.7224259 3.2015451
[27,] 397.0283 16.675496 0.7224259 1.6007726
[28,] 381.2988 16.675496 0.0000000 4.8023177
[29,] 306.9887 34.444857 0.7224259 5.3116818
[30,] 465.1707  5.193877 0.0000000 0.0000000
[31,] 326.6983  5.193877 1.4448518 4.8023177
[32,] 482.8902  0.000000 0.7224259 1.5280924
[33,] 285.0915 16.675496 1.4448518 2.6195009
[34,] 493.2356 10.387753 0.7224259 0.5093641
[35,] 279.9048 11.481619 0.7224259 4.8023177
[36,] 300.8209 28.157114 1.4448518 1.0187283
[37,] 306.9887 21.869372 2.8897035 2.1101367
[38,] 403.1960 10.387753 0.0000000 2.1101367
[39,] 289.2691 21.869372 2.1672776 1.0187283
[40,] 465.1707 27.063249 0.0000000 5.8210460
[41,] 392.8506 16.675496 1.4448518 2.6195009
[42,] 397.0283 10.387753 0.0000000 3.2015451
[43,] 447.4511 11.481619 0.7224259 2.6195009
[44,] 306.9887 21.869372 2.1672776 2.1101367
[45,] 459.0029 21.869372 0.7224259 0.0000000
[46,] 357.4115 28.157114 1.4448518 1.6007726
[47,] 651.4176 11.481619 0.0000000 4.8023177
[48,] 289.2691  0.000000 0.7224259 2.1101367
[49,] 379.3087 21.869372 0.7224259 1.0187283
[50,] 355.4214 21.869372 2.1672776 3.1288650

$Ndateboots
          [,1]      [,2]     [,3]      [,4] [,5]      [,6]     [,7]     [,8]     [,9]
 [1,] 142.2222 568.88889  0.00000 115.55556    0 35.555556 53.33333 1280.000 2880.000
 [2,] 142.2222 284.44444 17.77778  80.00000    0 26.666667 80.00000 1093.333 2773.333
 [3,]   0.0000 355.55556 35.55556  88.88889    0 35.555556 44.44444 1662.222 2746.667
 [4,] 284.4444 426.66667 17.77778  88.88889    0 35.555556 53.33333 1591.111 2862.222
 [5,] 284.4444 284.44444  0.00000 115.55556    0  8.888889 53.33333 1288.889 2995.556
 [6,] 426.6667 213.33333 17.77778  35.55556    0 35.555556 35.55556 1564.444 2862.222
 [7,] 142.2222 142.22222 17.77778  26.66667    0 44.444444 53.33333 1093.333 2737.778
 [8,] 142.2222 568.88889 17.77778  44.44444    0 35.555556 62.22222 1653.333 2888.889
 [9,] 142.2222 284.44444 17.77778 168.88889    0 35.555556 44.44444 1591.111 2853.333
[10,] 142.2222 284.44444  0.00000  35.55556    0 17.777778 53.33333 1306.667 3137.778
[11,] 142.2222 213.33333  0.00000 133.33333    0 26.666667 62.22222 1466.667 2995.556
[12,] 142.2222 426.66667  0.00000  35.55556    0 17.777778 71.11111 1235.556 2240.000
[13,] 142.2222 355.55556 17.77778  17.77778    0  0.000000 62.22222 1351.111 2604.444
[14,] 284.4444 284.44444 53.33333 115.55556    0 53.333333 44.44444 1475.556 2497.778
[15,] 142.2222 426.66667  0.00000  44.44444    0 17.777778 53.33333 1315.556 3413.333
[16,] 142.2222 426.66667 17.77778  80.00000    0 17.777778 62.22222 1164.444 2355.556
[17,]   0.0000 284.44444  0.00000  35.55556    0  8.888889 62.22222 1466.667 3280.000
[18,]   0.0000 355.55556 17.77778 124.44444    0 26.666667 53.33333 1351.111 2488.889
[19,] 284.4444 426.66667 35.55556  80.00000    0 26.666667 62.22222 1164.444 2444.444
[20,]   0.0000 426.66667 17.77778  62.22222    0 44.444444 62.22222 1564.444 3271.111
[21,] 284.4444 213.33333 17.77778  62.22222    0 44.444444 44.44444 1022.222 2355.556
[22,] 142.2222 355.55556 17.77778  88.88889    0  0.000000 80.00000 1306.667 2773.333
[23,] 284.4444 142.22222 17.77778  35.55556    0  8.888889 44.44444 1448.889 2604.444
[24,]   0.0000 284.44444  0.00000  35.55556    0 53.333333 62.22222 1351.111 3022.222
[25,]   0.0000 142.22222 35.55556  44.44444    0 26.666667 62.22222 1377.778 2355.556
[26,]   0.0000 497.77778 17.77778  80.00000    0 26.666667 44.44444 1351.111 2631.111
[27,] 142.2222 284.44444 17.77778 124.44444    0 53.333333 35.55556 1564.444 2880.000
[28,] 284.4444 284.44444 17.77778 124.44444    0 35.555556 62.22222 1493.333 2586.667
[29,] 284.4444 284.44444 17.77778  71.11111    0  8.888889 80.00000 1280.000 2604.444
[30,] 142.2222 426.66667 17.77778  62.22222    0 44.444444 88.88889 1262.222 3137.778
[31,] 284.4444 711.11111 17.77778  71.11111    0  8.888889 71.11111 1466.667 2577.778
[32,] 284.4444 213.33333 17.77778  26.66667    0 17.777778 53.33333 1493.333 3271.111
[33,]   0.0000 497.77778 17.77778  71.11111    0 53.333333 35.55556 1164.444 2586.667
[34,]   0.0000 426.66667  0.00000 124.44444    0 26.666667 71.11111 1288.889 2880.000
[35,] 426.6667 497.77778 17.77778  80.00000    0 17.777778 44.44444 1653.333 2106.667
[36,] 284.4444  71.11111 17.77778 124.44444    0  0.000000 62.22222 1502.222 2880.000
[37,] 284.4444 355.55556 17.77778 213.33333    0 35.555556 35.55556 1466.667 2604.444
[38,]   0.0000 497.77778 17.77778  88.88889    0 26.666667 71.11111 1315.556 2604.444
[39,]   0.0000 497.77778 17.77778  71.11111    0  8.888889 35.55556 1208.889 2471.111
[40,] 142.2222 284.44444 17.77778  44.44444    0  0.000000 44.44444 1466.667 3137.778
[41,] 284.4444 284.44444 17.77778  35.55556    0 35.555556 62.22222 1208.889 2995.556
[42,]   0.0000 284.44444  0.00000  26.66667    0 53.333333 35.55556 1280.000 2880.000
[43,]   0.0000 426.66667 35.55556  88.88889    0 35.555556 53.33333 1466.667 3004.444
[44,]   0.0000 142.22222 17.77778 115.55556    0 53.333333 53.33333 1377.778 2604.444
[45,]   0.0000 426.66667 17.77778  80.00000    0  8.888889 35.55556 1164.444 3413.333
[46,]   0.0000 426.66667 17.77778  80.00000    0 26.666667 44.44444 1493.333 2728.889
[47,]   0.0000 426.66667 17.77778 115.55556    0 44.444444 62.22222 1448.889 3413.333
[48,] 142.2222 426.66667 35.55556  35.55556    0  0.000000 35.55556 1591.111 2471.111
[49,]   0.0000 284.44444  0.00000  35.55556    0  0.000000 62.22222 1235.556 2746.667
[50,]   0.0000 640.00000 17.77778  44.44444    0  8.888889 53.33333 1280.000 2888.889
          [,10]     [,11]      [,12]
 [1,]   0.00000   0.00000   0.000000
 [2,] 177.77778 142.22222  71.111111
 [3,] 106.66667   0.00000  97.777778
 [4,]  71.11111  71.11111  17.777778
 [5,] 213.33333  71.11111  88.888889
 [6,] 142.22222 142.22222  80.000000
 [7,] 106.66667  71.11111 151.111111
 [8,] 106.66667  71.11111  80.000000
 [9,]  35.55556   0.00000  71.111111
[10,] 177.77778   0.00000  17.777778
[11,] 106.66667  71.11111 213.333333
[12,] 106.66667  71.11111  80.000000
[13,] 284.44444 142.22222   0.000000
[14,] 106.66667  71.11111   0.000000
[15,] 106.66667  71.11111 213.333333
[16,]   0.00000 142.22222  80.000000
[17,]   0.00000  71.11111   8.888889
[18,]  35.55556 142.22222  17.777778
[19,]   0.00000   0.00000  17.777778
[20,] 177.77778  71.11111   0.000000
[21,]  35.55556 142.22222  71.111111
[22,] 142.22222 142.22222  80.000000
[23,] 177.77778   0.00000  80.000000
[24,]   0.00000   0.00000  80.000000
[25,]  71.11111  71.11111 142.222222
[26,]  71.11111  71.11111  17.777778
[27,] 106.66667  71.11111   8.888889
[28,] 106.66667   0.00000  26.666667
[29,] 106.66667  71.11111  97.777778
[30,]  71.11111   0.00000   0.000000
[31,]  71.11111 142.22222  26.666667
[32,]   0.00000  71.11111 213.333333
[33,] 106.66667 142.22222 151.111111
[34,] 142.22222  71.11111  71.111111
[35,]  35.55556  71.11111  26.666667
[36,] 142.22222 142.22222 142.222222
[37,] 177.77778 284.44444  80.000000
[38,] 142.22222   0.00000  80.000000
[39,] 177.77778 213.33333 142.222222
[40,] 248.88889   0.00000 168.888889
[41,] 106.66667 142.22222 151.111111
[42,] 142.22222   0.00000  17.777778
[43,]  35.55556  71.11111 151.111111
[44,] 177.77778 213.33333  80.000000
[45,] 177.77778  71.11111   0.000000
[46,] 142.22222 142.22222   8.888889
[47,]  35.55556   0.00000  26.666667
[48,]   0.00000  71.11111  80.000000
[49,] 177.77778  71.11111 142.222222
[50,] 177.77778 213.33333 222.222222

