$totdays
[1] 365

$Psampest
[1] 0

$Pbootest
 Mean  2.5%   50% 97.5% 
    0     0     0     0 

$Pboots
 [1] 0 0 0 0 0 0 0 0 0 0 0 0 0 0 0 0 0 0 0 0 0 0 0 0 0 0 0 0 0 0 0 0 0 0 0 0 0 0 0 0 0 0
[43] 0 0 0 0 0 0 0 0

$Bboots
 [1] 0 0 0 0 0 0 0 0 0 0 0 0 0 0 0 0 0 0 0 0 0 0 0 0 0 0 0 0 0 0 0 0 0 0 0 0 0 0 0 0 0 0
[43] 0 0 0 0 0 0 0 0

$Nboots
 [1] 0 0 0 0 0 0 0 0 0 0 0 0 0 0 0 0 0 0 0 0 0 0 0 0 0 0 0 0 0 0 0 0 0 0 0 0 0 0 0 0 0 0
[43] 0 0 0 0 0 0 0 0

$julians
 [1] 1760 1795 1844 1880 1902 1934 1955 1999 2026 2054 2089 2124

$intdays
 [1] 35 49 36 22 32 21 44 27 28 35 35  1

$Pintsampest
 [1] 0 0 0 0 0 0 0 0 0 0 0 0

$Pintboots
      [,1] [,2] [,3] [,4] [,5] [,6] [,7] [,8] [,9] [,10] [,11] [,12]
 [1,]    0    0    0    0    0    0    0    0    0     0     0     0
 [2,]    0    0    0    0    0    0    0    0    0     0     0     0
 [3,]    0    0    0    0    0    0    0    0    0     0     0     0
 [4,]    0    0    0    0    0    0    0    0    0     0     0     0
 [5,]    0    0    0    0    0    0    0    0    0     0     0     0
 [6,]    0    0    0    0    0    0    0    0    0     0     0     0
 [7,]    0    0    0    0    0    0    0    0    0     0     0     0
 [8,]    0    0    0    0    0    0    0    0    0     0     0     0
 [9,]    0    0    0    0    0    0    0    0    0     0     0     0
[10,]    0    0    0    0    0    0    0    0    0     0     0     0
[11,]    0    0    0    0    0    0    0    0    0     0     0     0
[12,]    0    0    0    0    0    0    0    0    0     0     0     0
[13,]    0    0    0    0    0    0    0    0    0     0     0     0
[14,]    0    0    0    0    0    0    0    0    0     0     0     0
[15,]    0    0    0    0    0    0    0    0    0     0     0     0
[16,]    0    0    0    0    0    0    0    0    0     0     0     0
[17,]    0    0    0    0    0    0    0    0    0     0     0     0
[18,]    0    0    0    0    0    0    0    0    0     0     0     0
[19,]    0    0    0    0    0    0    0    0    0     0     0     0
[20,]    0    0    0    0    0    0    0    0    0     0     0     0
[21,]    0    0    0    0    0    0    0    0    0     0     0     0
[22,]    0    0    0    0    0    0    0    0    0     0     0     0
[23,]    0    0    0    0    0    0    0    0    0     0     0     0
[24,]    0    0    0    0    0    0    0    0    0     0     0     0
[25,]    0    0    0    0    0    0    0    0    0     0     0     0
[26,]    0    0    0    0    0    0    0    0    0     0     0     0
[27,]    0    0    0    0    0    0    0    0    0     0     0     0
[28,]    0    0    0    0    0    0    0    0    0     0     0     0
[29,]    0    0    0    0    0    0    0    0    0     0     0     0
[30,]    0    0    0    0    0    0    0    0    0     0     0     0
[31,]    0    0    0    0    0    0    0    0    0     0     0     0
[32,]    0    0    0    0    0    0    0    0    0     0     0     0
[33,]    0    0    0    0    0    0    0    0    0     0     0     0
[34,]    0    0    0    0    0    0    0    0    0     0     0     0
[35,]    0    0    0    0    0    0    0    0    0     0     0     0
[36,]    0    0    0    0    0    0    0    0    0     0     0     0
[37,]    0    0    0    0    0    0    0    0    0     0     0     0
[38,]    0    0    0    0    0    0    0    0    0     0     0     0
[39,]    0    0    0    0    0    0    0    0    0     0     0     0
[40,]    0    0    0    0    0    0    0    0    0     0     0     0
[41,]    0    0    0    0    0    0    0    0    0     0     0     0
[42,]    0    0    0    0    0    0    0    0    0     0     0     0
[43,]    0    0    0    0    0    0    0    0    0     0     0     0
[44,]    0    0    0    0    0    0    0    0    0     0     0     0
[45,]    0    0    0    0    0    0    0    0    0     0     0     0
[46,]    0    0    0    0    0    0    0    0    0     0     0     0
[47,]    0    0    0    0    0    0    0    0    0     0     0     0
[48,]    0    0    0    0    0    0    0    0    0     0     0     0
[49,]    0    0    0    0    0    0    0    0    0     0     0     0
[50,]    0    0    0    0    0    0    0    0    0     0     0     0

$Bdatesampinfo
       DATE JULIAN N Mean Stdev
1  10/26/10   1760 5    0     0
2  11/30/10   1795 5    0     0
3  01/18/11   1844 5    0     0
4  02/23/11   1880 5    0     0
5  03/17/11   1902 5    0     0
6  04/18/11   1934 5    0     0
7  05/09/11   1955 5    0     0
8  06/22/11   1999 5    0     0
9  07/19/11   2026 5    0     0
10 08/16/11   2054 5    0     0
11 09/20/11   2089 5    0     0
12 10/25/11   2124 5    0     0

$Ndatesampinfo
       DATE JULIAN N Mean Stdev
1  10/26/10   1760 5    0     0
2  11/30/10   1795 5    0     0
3  01/18/11   1844 5    0     0
4  02/23/11   1880 5    0     0
5  03/17/11   1902 5    0     0
6  04/18/11   1934 5    0     0
7  05/09/11   1955 5    0     0
8  06/22/11   1999 5    0     0
9  07/19/11   2026 5    0     0
10 08/16/11   2054 5    0     0
11 09/20/11   2089 5    0     0
12 10/25/11   2124 5    0     0

$Bdateboots
      [,1] [,2] [,3] [,4] [,5] [,6] [,7] [,8] [,9] [,10] [,11] [,12]
 [1,]    0    0    0    0    0    0    0    0    0     0     0     0
 [2,]    0    0    0    0    0    0    0    0    0     0     0     0
 [3,]    0    0    0    0    0    0    0    0    0     0     0     0
 [4,]    0    0    0    0    0    0    0    0    0     0     0     0
 [5,]    0    0    0    0    0    0    0    0    0     0     0     0
 [6,]    0    0    0    0    0    0    0    0    0     0     0     0
 [7,]    0    0    0    0    0    0    0    0    0     0     0     0
 [8,]    0    0    0    0    0    0    0    0    0     0     0     0
 [9,]    0    0    0    0    0    0    0    0    0     0     0     0
[10,]    0    0    0    0    0    0    0    0    0     0     0     0
[11,]    0    0    0    0    0    0    0    0    0     0     0     0
[12,]    0    0    0    0    0    0    0    0    0     0     0     0
[13,]    0    0    0    0    0    0    0    0    0     0     0     0
[14,]    0    0    0    0    0    0    0    0    0     0     0     0
[15,]    0    0    0    0    0    0    0    0    0     0     0     0
[16,]    0    0    0    0    0    0    0    0    0     0     0     0
[17,]    0    0    0    0    0    0    0    0    0     0     0     0
[18,]    0    0    0    0    0    0    0    0    0     0     0     0
[19,]    0    0    0    0    0    0    0    0    0     0     0     0
[20,]    0    0    0    0    0    0    0    0    0     0     0     0
[21,]    0    0    0    0    0    0    0    0    0     0     0     0
[22,]    0    0    0    0    0    0    0    0    0     0     0     0
[23,]    0    0    0    0    0    0    0    0    0     0     0     0
[24,]    0    0    0    0    0    0    0    0    0     0     0     0
[25,]    0    0    0    0    0    0    0    0    0     0     0     0
[26,]    0    0    0    0    0    0    0    0    0     0     0     0
[27,]    0    0    0    0    0    0    0    0    0     0     0     0
[28,]    0    0    0    0    0    0    0    0    0     0     0     0
[29,]    0    0    0    0    0    0    0    0    0     0     0     0
[30,]    0    0    0    0    0    0    0    0    0     0     0     0
[31,]    0    0    0    0    0    0    0    0    0     0     0     0
[32,]    0    0    0    0    0    0    0    0    0     0     0     0
[33,]    0    0    0    0    0    0    0    0    0     0     0     0
[34,]    0    0    0    0    0    0    0    0    0     0     0     0
[35,]    0    0    0    0    0    0    0    0    0     0     0     0
[36,]    0    0    0    0    0    0    0    0    0     0     0     0
[37,]    0    0    0    0    0    0    0    0    0     0     0     0
[38,]    0    0    0    0    0    0    0    0    0     0     0     0
[39,]    0    0    0    0    0    0    0    0    0     0     0     0
[40,]    0    0    0    0    0    0    0    0    0     0     0     0
[41,]    0    0    0    0    0    0    0    0    0     0     0     0
[42,]    0    0    0    0    0    0    0    0    0     0     0     0
[43,]    0    0    0    0    0    0    0    0    0     0     0     0
[44,]    0    0    0    0    0    0    0    0    0     0     0     0
[45,]    0    0    0    0    0    0    0    0    0     0     0     0
[46,]    0    0    0    0    0    0    0    0    0     0     0     0
[47,]    0    0    0    0    0    0    0    0    0     0     0     0
[48,]    0    0    0    0    0    0    0    0    0     0     0     0
[49,]    0    0    0    0    0    0    0    0    0     0     0     0
[50,]    0    0    0    0    0    0    0    0    0     0     0     0

$Ndateboots
      [,1] [,2] [,3] [,4] [,5] [,6] [,7] [,8] [,9] [,10] [,11] [,12]
 [1,]    0    0    0    0    0    0    0    0    0     0     0     0
 [2,]    0    0    0    0    0    0    0    0    0     0     0     0
 [3,]    0    0    0    0    0    0    0    0    0     0     0     0
 [4,]    0    0    0    0    0    0    0    0    0     0     0     0
 [5,]    0    0    0    0    0    0    0    0    0     0     0     0
 [6,]    0    0    0    0    0    0    0    0    0     0     0     0
 [7,]    0    0    0    0    0    0    0    0    0     0     0     0
 [8,]    0    0    0    0    0    0    0    0    0     0     0     0
 [9,]    0    0    0    0    0    0    0    0    0     0     0     0
[10,]    0    0    0    0    0    0    0    0    0     0     0     0
[11,]    0    0    0    0    0    0    0    0    0     0     0     0
[12,]    0    0    0    0    0    0    0    0    0     0     0     0
[13,]    0    0    0    0    0    0    0    0    0     0     0     0
[14,]    0    0    0    0    0    0    0    0    0     0     0     0
[15,]    0    0    0    0    0    0    0    0    0     0     0     0
[16,]    0    0    0    0    0    0    0    0    0     0     0     0
[17,]    0    0    0    0    0    0    0    0    0     0     0     0
[18,]    0    0    0    0    0    0    0    0    0     0     0     0
[19,]    0    0    0    0    0    0    0    0    0     0     0     0
[20,]    0    0    0    0    0    0    0    0    0     0     0     0
[21,]    0    0    0    0    0    0    0    0    0     0     0     0
[22,]    0    0    0    0    0    0    0    0    0     0     0     0
[23,]    0    0    0    0    0    0    0    0    0     0     0     0
[24,]    0    0    0    0    0    0    0    0    0     0     0     0
[25,]    0    0    0    0    0    0    0    0    0     0     0     0
[26,]    0    0    0    0    0    0    0    0    0     0     0     0
[27,]    0    0    0    0    0    0    0    0    0     0     0     0
[28,]    0    0    0    0    0    0    0    0    0     0     0     0
[29,]    0    0    0    0    0    0    0    0    0     0     0     0
[30,]    0    0    0    0    0    0    0    0    0     0     0     0
[31,]    0    0    0    0    0    0    0    0    0     0     0     0
[32,]    0    0    0    0    0    0    0    0    0     0     0     0
[33,]    0    0    0    0    0    0    0    0    0     0     0     0
[34,]    0    0    0    0    0    0    0    0    0     0     0     0
[35,]    0    0    0    0    0    0    0    0    0     0     0     0
[36,]    0    0    0    0    0    0    0    0    0     0     0     0
[37,]    0    0    0    0    0    0    0    0    0     0     0     0
[38,]    0    0    0    0    0    0    0    0    0     0     0     0
[39,]    0    0    0    0    0    0    0    0    0     0     0     0
[40,]    0    0    0    0    0    0    0    0    0     0     0     0
[41,]    0    0    0    0    0    0    0    0    0     0     0     0
[42,]    0    0    0    0    0    0    0    0    0     0     0     0
[43,]    0    0    0    0    0    0    0    0    0     0     0     0
[44,]    0    0    0    0    0    0    0    0    0     0     0     0
[45,]    0    0    0    0    0    0    0    0    0     0     0     0
[46,]    0    0    0    0    0    0    0    0    0     0     0     0
[47,]    0    0    0    0    0    0    0    0    0     0     0     0
[48,]    0    0    0    0    0    0    0    0    0     0     0     0
[49,]    0    0    0    0    0    0    0    0    0     0     0     0
[50,]    0    0    0    0    0    0    0    0    0     0     0     0

