$totdays
[1] 365

$Psampest
[1] 1.188287

$Pbootest
    Mean     2.5%      50%    97.5% 
1.191339 1.078448 1.186504 1.306273 

$Pboots
 [1] 1.188030 1.102966 1.240570 1.278319 1.255323 1.158568 1.147103 1.225439 1.111040
[10] 1.235380 1.213802 1.174435 1.114112 1.144279 1.249864 1.149711 1.257143 1.172679
[19] 1.174048 1.186372 1.237607 1.250951 1.253820 1.193736 1.173626 1.112570 1.222480
[28] 1.104133 1.179648 1.283055 1.128132 1.071330 1.164932 1.263704 1.250065 1.051238
[37] 1.115147 1.313013 1.192288 1.151669 1.279211 1.125931 1.186635 1.183325 1.358413
[46] 1.218436 1.147626 1.133224 1.198948 1.242870

$Bboots
 [1] 0.2957977 0.2738366 0.3088078 0.3198924 0.3124506 0.2918426 0.2880436 0.3110975
 [9] 0.2783641 0.3125547 0.3022507 0.2964221 0.2795090 0.2933518 0.3159373 0.2917905
[17] 0.3163536 0.2957977 0.2924671 0.2964221 0.3124506 0.3165097 0.3139077 0.3003772
[25] 0.2932477 0.2760743 0.3115139 0.2804978 0.2940283 0.3192158 0.2828396 0.2700377
[33] 0.2920507 0.3221821 0.3121383 0.2662907 0.2836722 0.3308208 0.2985558 0.2916344
[41] 0.3208811 0.2854416 0.2946007 0.2997007 0.3463289 0.3087037 0.2918426 0.2936120
[49] 0.3023547 0.3092761

$Nboots
 [1] 4593.131 4252.121 4795.152 4967.273 4851.717 4531.717 4472.727 4830.707 4322.424
[10] 4853.333 4693.333 4602.828 4340.202 4555.152 4905.859 4530.909 4912.323 4593.131
[19] 4541.414 4602.828 4851.717 4914.747 4874.343 4664.242 4553.535 4286.869 4837.172
[28] 4355.556 4565.657 4956.768 4391.919 4193.131 4534.949 5002.828 4846.869 4134.949
[37] 4404.848 5136.970 4635.960 4528.485 4982.626 4432.323 4574.545 4653.737 5377.778
[46] 4793.535 4531.717 4559.192 4694.949 4802.424

$julians
 [1] 1760 1795 1844 1880 1902 1934 1955 1999 2026 2054 2089 2124

$intdays
 [1] 35 49 36 22 32 21 44 27 28 35 35  1

$Pintsampest
 [1] 0.169782205 0.193180144 0.040860678 0.011971318 0.008956777 0.005165486 0.045790107
 [8] 0.110325531 0.180414085 0.198245164 0.218050925 0.005544978

$Pintboots
           [,1]      [,2]       [,3]        [,4]        [,5]        [,6]       [,7]
 [1,] 0.1766484 0.1998616 0.03947013 0.012167569 0.008385068 0.005480454 0.04393196
 [2,] 0.1791452 0.2135149 0.04043282 0.011709649 0.005812377 0.004031599 0.04419741
 [3,] 0.1714467 0.2071240 0.03711690 0.010924645 0.006193516 0.004031599 0.04990458
 [4,] 0.1789371 0.2016045 0.04631590 0.012167569 0.005812377 0.003968605 0.04207381
 [5,] 0.1947502 0.2530224 0.05850992 0.012952573 0.011148329 0.006551348 0.03888841
 [6,] 0.1799775 0.2016045 0.04492535 0.014130080 0.009242632 0.005102492 0.04167563
 [7,] 0.1691580 0.1891132 0.03765172 0.010924645 0.006860510 0.004850517 0.03968476
 [8,] 0.1697822 0.1780743 0.02909451 0.011578815 0.010195481 0.005984404 0.03769389
 [9,] 0.1691580 0.2053810 0.03690297 0.011251730 0.006384086 0.003023699 0.04260471
[10,] 0.1672854 0.1870797 0.03754476 0.012036735 0.006765225 0.004661536 0.04844461
[11,] 0.1903808 0.2187438 0.03989799 0.012232986 0.007718074 0.005417461 0.04632101
[12,] 0.1577144 0.1986996 0.04278605 0.015569254 0.012482317 0.004724530 0.04393196
[13,] 0.1595869 0.1734264 0.03294526 0.011644232 0.008861493 0.005165486 0.05030276
[14,] 0.1306657 0.1443767 0.04513928 0.013410492 0.013054027 0.006677335 0.04977186
[15,] 0.1641644 0.1679070 0.02962934 0.011251730 0.009719056 0.004913511 0.04326833
[16,] 0.1562579 0.1551251 0.02920148 0.011382564 0.008956777 0.005543448 0.04711736
[17,] 0.1614595 0.1992806 0.04727858 0.010335892 0.010386050 0.005417461 0.04326833
[18,] 0.1581305 0.1815603 0.03668904 0.014522582 0.016103142 0.008756128 0.04300288
[19,] 0.2020325 0.2100289 0.03315919 0.010335892 0.007908644 0.005102492 0.04963913
[20,] 0.1828904 0.1917277 0.03604725 0.010074223 0.007813359 0.005480454 0.04645373
[21,] 0.1814339 0.2097384 0.05294774 0.010990062 0.011434184 0.007055298 0.03968476
[22,] 0.1731113 0.2126434 0.04834824 0.010401309 0.010386050 0.006173385 0.04313561
[23,] 0.1826823 0.2126434 0.04899003 0.012821739 0.012863457 0.007244279 0.04512648
[24,] 0.1687419 0.1867892 0.03775869 0.012952573 0.010957760 0.007181285 0.04273743
[25,] 0.1806017 0.1876607 0.03818655 0.012821739 0.007336935 0.003779624 0.04406468
[26,] 0.1766484 0.1894037 0.03433580 0.011971318 0.006669941 0.003779624 0.04154291
[27,] 0.1610434 0.1821413 0.04246515 0.011971318 0.011910608 0.006740329 0.04260471
[28,] 0.1560498 0.1681974 0.03508456 0.011775066 0.010290766 0.006047398 0.04326833
[29,] 0.1643725 0.2106099 0.04449749 0.010990062 0.011815323 0.006803323 0.05202818
[30,] 0.1953744 0.2228108 0.04021889 0.012429237 0.006955795 0.002960705 0.04764826
[31,] 0.1633321 0.2100289 0.05326863 0.012560071 0.004668958 0.003338668 0.04698463
[32,] 0.1550095 0.1591921 0.02866665 0.009550887 0.008861493 0.005228479 0.03928658
[33,] 0.1766484 0.1795268 0.03166168 0.013345075 0.011815323 0.006047398 0.05335543
[34,] 0.1614595 0.1931801 0.04332088 0.013475909 0.008956777 0.005039498 0.04950641
[35,] 0.1964147 0.2338496 0.05658455 0.016419676 0.010576620 0.004535548 0.03596846
[36,] 0.1385722 0.1330474 0.03123382 0.010466726 0.006288801 0.004346567 0.04778098
[37,] 0.1656209 0.1548346 0.03700993 0.012298403 0.007432220 0.004346567 0.04671918
[38,] 0.1862195 0.2231013 0.03797262 0.013017990 0.009814341 0.005291473 0.05428450
[39,] 0.1953744 0.2262967 0.03882834 0.010990062 0.008385068 0.005228479 0.03835751
[40,] 0.1473110 0.1655830 0.03829351 0.010270475 0.005240668 0.003464655 0.04552466
[41,] 0.1966228 0.2021855 0.03348008 0.010074223 0.006002947 0.003590643 0.05017003
[42,] 0.1468949 0.1757504 0.05465918 0.013541326 0.008385068 0.003842617 0.04366651
[43,] 0.1835146 0.2204868 0.03358705 0.010401309 0.011434184 0.007307272 0.04433013
[44,] 0.1581305 0.1716834 0.02759700 0.013868412 0.009433202 0.004976505 0.04897551
[45,] 0.1760242 0.2164199 0.04792038 0.011709649 0.011624754 0.005228479 0.04287016
[46,] 0.1704064 0.1963756 0.03594028 0.010532143 0.013244596 0.009134091 0.04180836
[47,] 0.1600031 0.1554156 0.03487063 0.013148824 0.009814341 0.006677335 0.04831188
[48,] 0.1583386 0.1539631 0.03615421 0.012298403 0.007718074 0.004976505 0.04287016
[49,] 0.1371158 0.1644210 0.05209202 0.013279658 0.010481335 0.005669436 0.04273743
[50,] 0.1772726 0.2204868 0.05219898 0.011382564 0.008766208 0.004283574 0.05481540
            [,8]      [,9]     [,10]     [,11]       [,12]
 [1,] 0.08844075 0.1637814 0.2159607 0.2281148 0.005786973
 [2,] 0.09319475 0.1619144 0.1754681 0.1685701 0.004974347
 [3,] 0.10007985 0.1726069 0.2303018 0.2448880 0.005951291
 [4,] 0.10753871 0.1797352 0.2058375 0.2876595 0.006668314
 [5,] 0.11024357 0.1885607 0.1771553 0.1979231 0.005616680
 [6,] 0.11065339 0.1870332 0.1889656 0.1702475 0.005010198
 [7,] 0.10237488 0.1756619 0.1923400 0.2130190 0.005464313
 [8,] 0.11745653 0.2004412 0.2083683 0.2507586 0.006011043
 [9,] 0.10975177 0.1776985 0.1737809 0.1702475 0.004854843
[10,] 0.12827597 0.1943313 0.2066811 0.2365014 0.005772035
[11,] 0.10606333 0.1681941 0.1864348 0.2264375 0.005960254
[12,] 0.11204681 0.1919552 0.1889656 0.2004391 0.005120739
[13,] 0.10081754 0.1581806 0.1990888 0.2088257 0.005267131
[14,] 0.12466949 0.1936524 0.2125863 0.2054711 0.004804054
[15,] 0.10942391 0.1892396 0.2083683 0.3052713 0.006707153
[16,] 0.11130912 0.1804141 0.2235531 0.2155350 0.005314933
[17,] 0.11729260 0.1922946 0.2075247 0.2566292 0.005975192
[18,] 0.10368633 0.1697216 0.1839040 0.2507586 0.005843737
[19,] 0.10475188 0.1670061 0.1914964 0.1870206 0.005565891
[20,] 0.09819464 0.1678547 0.2049939 0.2289535 0.005888551
[21,] 0.12737435 0.1961982 0.1974016 0.1979231 0.005425474
[22,] 0.13335783 0.2119823 0.2058375 0.1903752 0.005198417
[23,] 0.11032553 0.1776985 0.1822168 0.2549519 0.006256026
[24,] 0.10360436 0.1756619 0.1974016 0.2440493 0.005900502
[25,] 0.09278492 0.1649694 0.2151171 0.2205669 0.005736184
[26,] 0.07532627 0.1519009 0.2100555 0.2054711 0.005464313
[27,] 0.13335783 0.2058723 0.1855912 0.2331468 0.005634606
[28,] 0.11344022 0.1843177 0.2041503 0.1668928 0.004618823
[29,] 0.10262078 0.1678547 0.2100555 0.1928912 0.005108789
[30,] 0.10712888 0.1778683 0.2201787 0.2432106 0.006270964
[31,] 0.11540739 0.1816021 0.1678757 0.1643769 0.004687538
[32,] 0.09048989 0.1678547 0.1957144 0.2063097 0.005165553
[33,] 0.09835857 0.1629328 0.2049939 0.2205669 0.005679420
[34,] 0.14589855 0.2194501 0.1990888 0.2188896 0.005437424
[35,] 0.10491581 0.1839782 0.2092119 0.1920525 0.005556928
[36,] 0.09483406 0.1624236 0.1982452 0.2188896 0.005108789
[37,] 0.11565329 0.1832994 0.1771553 0.2054711 0.005305970
[38,] 0.14114455 0.2040054 0.2075247 0.2247602 0.005876601
[39,] 0.11548936 0.1878818 0.1695629 0.1903752 0.005518090
[40,] 0.11507953 0.1866938 0.2066811 0.2222442 0.005282069
[41,] 0.12204659 0.1870332 0.2168043 0.2448880 0.006312790
[42,] 0.11229270 0.1912763 0.1931836 0.1777954 0.004642724
[43,] 0.09352261 0.1649694 0.1805296 0.2306308 0.005921415
[44,] 0.11696473 0.1836388 0.1965580 0.2457266 0.005772035
[45,] 0.15925892 0.2408350 0.2075247 0.2331468 0.005849713
[46,] 0.12442359 0.1972165 0.1914964 0.2222442 0.005613693
[47,] 0.11130912 0.1838085 0.1965580 0.2222442 0.005464313
[48,] 0.15122630 0.2247114 0.1864348 0.1501197 0.004412679
[49,] 0.10016181 0.1717583 0.2100555 0.2851435 0.006031956
[50,] 0.10794853 0.1778683 0.2049939 0.2172123 0.005640581

$Bdatesampinfo
       DATE JULIAN N       Mean       Stdev
1  10/26/10   1760 5 0.31026489 0.107735200
2  11/30/10   1795 5 0.62396444 0.198093902
3  01/18/11   1844 5 0.13738667 0.092746600
4  02/23/11   1880 5 0.08128711 0.021666096
5  03/17/11   1902 5 0.02347022 0.016491964
6  04/18/11   1934 5 0.03033956 0.026279502
7  05/09/11   1955 5 0.01660089 0.007408679
8  06/22/11   1999 5 0.18089244 0.044221102
9  07/19/11   2026 5 0.58961778 0.279121704
10 08/16/11   2054 5 0.62739911 0.065967858
11 09/20/11   2089 5 0.44879644 0.177808285
12 10/25/11   2124 5 0.74188800 0.427949604

$Ndatesampinfo
       DATE JULIAN N       Mean     Stdev
1  10/26/10   1760 5  4817.7778 1672.9068
2  11/30/10   1795 5  9688.8889 3075.9923
3  01/18/11   1844 5  2133.3333 1440.1646
4  02/23/11   1880 5  1262.2222  336.4301
5  03/17/11   1902 5   364.4444  256.0864
6  04/18/11   1934 5   471.1111  408.0668
7  05/09/11   1955 5   257.7778  115.0416
8  06/22/11   1999 5  2808.8889  686.6631
9  07/19/11   2026 5  9155.5556 4334.1880
10 08/16/11   2054 5  9742.2222 1024.3456
11 09/20/11   2089 5  6968.8889 2760.9982
12 10/25/11   2124 5 11520.0000 6645.1802

$Bdateboots
           [,1]      [,2]       [,3]       [,4]       [,5]       [,6]       [,7]
 [1,] 0.3068302 0.6651804 0.12250311 0.08872889 0.01774578 0.03262933 0.01717333
 [2,] 0.2747733 0.7109760 0.13051733 0.08586667 0.01660089 0.01831822 0.01831822
 [3,] 0.2564551 0.6869333 0.12937244 0.06926578 0.02633244 0.01087644 0.02576000
 [4,] 0.3503360 0.6342684 0.16028444 0.08758400 0.01889067 0.01602844 0.02003556
 [5,] 0.2965262 0.7750898 0.22210844 0.09101867 0.02232533 0.04465067 0.01488356
 [6,] 0.3400320 0.6502969 0.14425600 0.09617067 0.02747733 0.02804978 0.01831822
 [7,] 0.3068302 0.6239644 0.12135822 0.08014222 0.01545600 0.02576000 0.01831822
 [8,] 0.3102649 0.6239644 0.07785244 0.07785244 0.02347022 0.03778133 0.01660089
 [9,] 0.2427164 0.6880782 0.12135822 0.07613511 0.02232533 0.01602844 0.01144889
[10,] 0.2965262 0.6239644 0.11334400 0.08758400 0.01774578 0.02289778 0.01946311
[11,] 0.3102649 0.7373084 0.12479289 0.08872889 0.01831822 0.02804978 0.02118044
[12,] 0.2289778 0.6388480 0.14425600 0.08472178 0.05152000 0.02347022 0.01946311
[13,] 0.2919467 0.5861831 0.09731556 0.07899733 0.02289778 0.03033956 0.01660089
[14,] 0.3102649 0.4087253 0.16028444 0.08128711 0.03606400 0.04236089 0.01831822
[15,] 0.3320178 0.5712996 0.09044622 0.06812089 0.03033956 0.02804978 0.01660089
[16,] 0.3240036 0.5358080 0.07556267 0.08071467 0.01889067 0.03491911 0.01545600
[17,] 0.2930916 0.5953422 0.19005156 0.06296889 0.02747733 0.03491911 0.01431111
[18,] 0.2610347 0.6090809 0.10647467 0.08987378 0.03720889 0.05953422 0.02003556
[19,] 0.3858276 0.7258596 0.10189511 0.07556267 0.01488356 0.03262933 0.01373867
[20,] 0.3720889 0.6342684 0.12135822 0.07155556 0.01660089 0.03033956 0.01946311
[21,] 0.3778133 0.6205298 0.20608000 0.07728000 0.01889067 0.04980267 0.01431111
[22,] 0.3045404 0.6480071 0.19005156 0.06869333 0.02232533 0.04007111 0.01602844
[23,] 0.3423218 0.6628907 0.17516800 0.08701156 0.02518756 0.05209244 0.01373867
[24,] 0.3045404 0.6239644 0.11219911 0.08987378 0.02347022 0.04236089 0.02289778
[25,] 0.3697991 0.6239644 0.11563378 0.08872889 0.02347022 0.02060800 0.01373867
[26,] 0.3240036 0.6480071 0.09846044 0.08529422 0.01946311 0.02060800 0.01373867
[27,] 0.3148444 0.5712996 0.14654578 0.08071467 0.02404267 0.04751289 0.01373867
[28,] 0.3022507 0.5564160 0.10647467 0.08128711 0.02175289 0.04007111 0.01488356
[29,] 0.2427164 0.6617458 0.16829867 0.06983822 0.02633244 0.04465067 0.01717333
[30,] 0.3343076 0.7407431 0.13738667 0.07785244 0.03091200 0.01087644 0.01602844
[31,] 0.2610347 0.6377031 0.19005156 0.09502578 0.01488356 0.01316622 0.01717333
[32,] 0.3159893 0.5369529 0.09044622 0.06296889 0.02060800 0.03262933 0.01488356
[33,] 0.3480462 0.6239644 0.08357689 0.08586667 0.03091200 0.04007111 0.01488356
[34,] 0.2644693 0.6239644 0.13738667 0.09445333 0.02347022 0.03033956 0.01545600
[35,] 0.3583502 0.7224249 0.19921067 0.10361244 0.04007111 0.02347022 0.01774578
[36,] 0.3285831 0.4339129 0.09044622 0.07670756 0.01488356 0.02289778 0.01660089
[37,] 0.4133049 0.4980267 0.11219911 0.08586667 0.02175289 0.02289778 0.01660089
[38,] 0.2610347 0.7636409 0.11563378 0.08758400 0.02633244 0.03262933 0.01545600
[39,] 0.3102649 0.7647858 0.12708267 0.08071467 0.01545600 0.03491911 0.01259378
[40,] 0.2885120 0.5220693 0.13051733 0.07441778 0.01545600 0.01602844 0.01545600
[41,] 0.3915520 0.6903680 0.10647467 0.07270044 0.01545600 0.02060800 0.01202133
[42,] 0.3217138 0.4865778 0.20608000 0.08643911 0.03205689 0.01831822 0.01660089
[43,] 0.2461511 0.7636409 0.10532978 0.07441778 0.01660089 0.05209244 0.01431111
[44,] 0.2461511 0.6239644 0.05266489 0.09502578 0.02633244 0.03033956 0.01488356
[45,] 0.3068302 0.6617458 0.19119644 0.06525867 0.03720889 0.03262933 0.01488356
[46,] 0.2793529 0.6583111 0.11563378 0.07670756 0.01545600 0.06411378 0.01889067
[47,] 0.3583502 0.5220693 0.09044622 0.09617067 0.01889067 0.04007111 0.02060800
[48,] 0.3640747 0.5071858 0.09960533 0.09388089 0.01373867 0.03262933 0.01259378
[49,] 0.2965262 0.4579556 0.19005156 0.08872889 0.02747733 0.03549156 0.01602844
[50,] 0.3136996 0.6617458 0.20722489 0.07212800 0.02747733 0.02518756 0.01373867
           [,8]      [,9]     [,10]     [,11]     [,12]
 [1,] 0.1723058 0.4453618 0.6594560 0.5129102 0.7327289
 [2,] 0.1723058 0.4785636 0.6136604 0.3388871 0.5816036
 [3,] 0.1894791 0.5094756 0.6548764 0.5953422 0.7418880
 [4,] 0.1614293 0.5896178 0.6228196 0.4945920 1.0761956
 [5,] 0.1528427 0.6170951 0.6548764 0.3068302 0.7739449
 [6,] 0.1614293 0.6113707 0.6502969 0.3755236 0.5541262
 [7,] 0.1528427 0.5621404 0.6228196 0.4213191 0.7418880
 [8,] 0.1459733 0.6743396 0.6777742 0.4533760 0.9159111
 [9,] 0.1723058 0.5941973 0.6045013 0.3388871 0.5907627
[10,] 0.1894791 0.7063964 0.6045013 0.5174898 0.7739449
[11,] 0.1786027 0.5621404 0.5724444 0.4396373 0.7968427
[12,] 0.1700160 0.6125156 0.6823538 0.3434667 0.7510471
[13,] 0.2003556 0.5037511 0.5632853 0.5174898 0.6228196
[14,] 0.1963484 0.6743396 0.6319787 0.5220693 0.5999218
[15,] 0.1700160 0.5941973 0.6823538 0.4487964 1.2181618
[16,] 0.1877618 0.5896178 0.6273991 0.5861831 0.5907627
[17,] 0.1723058 0.6468622 0.6502969 0.4762738 0.9250702
[18,] 0.1654364 0.5587058 0.5861831 0.4121600 0.9571271
[19,] 0.2003556 0.5312284 0.5953422 0.4442169 0.5770240
[20,] 0.1808924 0.5048960 0.6273991 0.4854329 0.7647858
[21,] 0.1568498 0.7327289 0.5907627 0.4808533 0.5999218
[22,] 0.1700160 0.7613511 0.6686151 0.4487964 0.5907627
[23,] 0.1808924 0.5896178 0.6090809 0.3801031 1.0120818
[24,] 0.1614293 0.5621404 0.6228196 0.4487964 0.8838542
[25,] 0.1763129 0.4716942 0.6411378 0.5266489 0.6777742
[26,] 0.1654364 0.3606400 0.6640356 0.4762738 0.6457173
[27,] 0.1700160 0.7613511 0.6273991 0.3801031 0.8930133
[28,] 0.1717333 0.6205298 0.6228196 0.4854329 0.4258987
[29,] 0.2072249 0.5094756 0.6228196 0.5174898 0.5358080
[30,] 0.1894791 0.5587058 0.6411378 0.5541262 0.7739449
[31,] 0.1854720 0.6205298 0.6045013 0.3068302 0.5907627
[32,] 0.1545600 0.4774187 0.6548764 0.4075804 0.7189902
[33,] 0.2152391 0.4716942 0.6273991 0.4854329 0.7189902
[34,] 0.1980658 0.8208853 0.6594560 0.4213191 0.7739449
[35,] 0.1373867 0.5953422 0.6457173 0.4900124 0.5587058
[36,] 0.1894791 0.4728391 0.6228196 0.4533760 0.7418880
[37,] 0.1848996 0.6228196 0.6136604 0.3480462 0.7739449
[38,] 0.2186738 0.7670756 0.6090809 0.5174898 0.7098311
[39,] 0.1528427 0.6537316 0.6136604 0.3068302 0.7327289
[40,] 0.1808924 0.6228196 0.6365582 0.4854329 0.7281493
[41,] 0.2043627 0.6480071 0.6136604 0.5632853 0.7739449
[42,] 0.1717333 0.6125156 0.6777742 0.3709440 0.5999218
[43,] 0.1768853 0.4762738 0.6365582 0.3434667 0.9159111
[44,] 0.1963484 0.6205298 0.6182400 0.4487964 0.8930133
[45,] 0.1700160 0.9422436 0.6823538 0.4442169 0.8288996
[46,] 0.1614293 0.7075413 0.6228196 0.4167396 0.7968427
[47,] 0.1877618 0.5896178 0.6502969 0.4167396 0.7968427
[48,] 0.1723058 0.8838542 0.6319787 0.3801031 0.4396373
[49,] 0.1682987 0.5312284 0.6273991 0.5129102 1.0441387
[50,] 0.2226809 0.5312284 0.6686151 0.4442169 0.7418880

$Ndateboots
          [,1]      [,2]      [,3]      [,4]     [,5]     [,6]     [,7]     [,8]
 [1,] 4764.444 10328.889 1902.2222 1377.7778 275.5556 506.6667 266.6667 2675.556
 [2,] 4266.667 11040.000 2026.6667 1333.3333 257.7778 284.4444 284.4444 2675.556
 [3,] 3982.222 10666.667 2008.8889 1075.5556 408.8889 168.8889 400.0000 2942.222
 [4,] 5440.000  9848.889 2488.8889 1360.0000 293.3333 248.8889 311.1111 2506.667
 [5,] 4604.444 12035.556 3448.8889 1413.3333 346.6667 693.3333 231.1111 2373.333
 [6,] 5280.000 10097.778 2240.0000 1493.3333 426.6667 435.5556 284.4444 2506.667
 [7,] 4764.444  9688.889 1884.4444 1244.4444 240.0000 400.0000 284.4444 2373.333
 [8,] 4817.778  9688.889 1208.8889 1208.8889 364.4444 586.6667 257.7778 2266.667
 [9,] 3768.889 10684.444 1884.4444 1182.2222 346.6667 248.8889 177.7778 2675.556
[10,] 4604.444  9688.889 1760.0000 1360.0000 275.5556 355.5556 302.2222 2942.222
[11,] 4817.778 11448.889 1937.7778 1377.7778 284.4444 435.5556 328.8889 2773.333
[12,] 3555.556  9920.000 2240.0000 1315.5556 800.0000 364.4444 302.2222 2640.000
[13,] 4533.333  9102.222 1511.1111 1226.6667 355.5556 471.1111 257.7778 3111.111
[14,] 4817.778  6346.667 2488.8889 1262.2222 560.0000 657.7778 284.4444 3048.889
[15,] 5155.556  8871.111 1404.4444 1057.7778 471.1111 435.5556 257.7778 2640.000
[16,] 5031.111  8320.000 1173.3333 1253.3333 293.3333 542.2222 240.0000 2915.556
[17,] 4551.111  9244.444 2951.1111  977.7778 426.6667 542.2222 222.2222 2675.556
[18,] 4053.333  9457.778 1653.3333 1395.5556 577.7778 924.4444 311.1111 2568.889
[19,] 5991.111 11271.111 1582.2222 1173.3333 231.1111 506.6667 213.3333 3111.111
[20,] 5777.778  9848.889 1884.4444 1111.1111 257.7778 471.1111 302.2222 2808.889
[21,] 5866.667  9635.556 3200.0000 1200.0000 293.3333 773.3333 222.2222 2435.556
[22,] 4728.889 10062.222 2951.1111 1066.6667 346.6667 622.2222 248.8889 2640.000
[23,] 5315.556 10293.333 2720.0000 1351.1111 391.1111 808.8889 213.3333 2808.889
[24,] 4728.889  9688.889 1742.2222 1395.5556 364.4444 657.7778 355.5556 2506.667
[25,] 5742.222  9688.889 1795.5556 1377.7778 364.4444 320.0000 213.3333 2737.778
[26,] 5031.111 10062.222 1528.8889 1324.4444 302.2222 320.0000 213.3333 2568.889
[27,] 4888.889  8871.111 2275.5556 1253.3333 373.3333 737.7778 213.3333 2640.000
[28,] 4693.333  8640.000 1653.3333 1262.2222 337.7778 622.2222 231.1111 2666.667
[29,] 3768.889 10275.556 2613.3333 1084.4444 408.8889 693.3333 266.6667 3217.778
[30,] 5191.111 11502.222 2133.3333 1208.8889 480.0000 168.8889 248.8889 2942.222
[31,] 4053.333  9902.222 2951.1111 1475.5556 231.1111 204.4444 266.6667 2880.000
[32,] 4906.667  8337.778 1404.4444  977.7778 320.0000 506.6667 231.1111 2400.000
[33,] 5404.444  9688.889 1297.7778 1333.3333 480.0000 622.2222 231.1111 3342.222
[34,] 4106.667  9688.889 2133.3333 1466.6667 364.4444 471.1111 240.0000 3075.556
[35,] 5564.444 11217.778 3093.3333 1608.8889 622.2222 364.4444 275.5556 2133.333
[36,] 5102.222  6737.778 1404.4444 1191.1111 231.1111 355.5556 257.7778 2942.222
[37,] 6417.778  7733.333 1742.2222 1333.3333 337.7778 355.5556 257.7778 2871.111
[38,] 4053.333 11857.778 1795.5556 1360.0000 408.8889 506.6667 240.0000 3395.556
[39,] 4817.778 11875.556 1973.3333 1253.3333 240.0000 542.2222 195.5556 2373.333
[40,] 4480.000  8106.667 2026.6667 1155.5556 240.0000 248.8889 240.0000 2808.889
[41,] 6080.000 10720.000 1653.3333 1128.8889 240.0000 320.0000 186.6667 3173.333
[42,] 4995.556  7555.556 3200.0000 1342.2222 497.7778 284.4444 257.7778 2666.667
[43,] 3822.222 11857.778 1635.5556 1155.5556 257.7778 808.8889 222.2222 2746.667
[44,] 3822.222  9688.889  817.7778 1475.5556 408.8889 471.1111 231.1111 3048.889
[45,] 4764.444 10275.556 2968.8889 1013.3333 577.7778 506.6667 231.1111 2640.000
[46,] 4337.778 10222.222 1795.5556 1191.1111 240.0000 995.5556 293.3333 2506.667
[47,] 5564.444  8106.667 1404.4444 1493.3333 293.3333 622.2222 320.0000 2915.556
[48,] 5653.333  7875.556 1546.6667 1457.7778 213.3333 506.6667 195.5556 2675.556
[49,] 4604.444  7111.111 2951.1111 1377.7778 426.6667 551.1111 248.8889 2613.333
[50,] 4871.111 10275.556 3217.7778 1120.0000 426.6667 391.1111 213.3333 3457.778
           [,9]     [,10]    [,11]     [,12]
 [1,]  6915.556 10240.000 7964.444 11377.778
 [2,]  7431.111  9528.889 5262.222  9031.111
 [3,]  7911.111 10168.889 9244.444 11520.000
 [4,]  9155.556  9671.111 7680.000 16711.111
 [5,]  9582.222 10168.889 4764.444 12017.778
 [6,]  9493.333 10097.778 5831.111  8604.444
 [7,]  8728.889  9671.111 6542.222 11520.000
 [8,] 10471.111 10524.444 7040.000 14222.222
 [9,]  9226.667  9386.667 5262.222  9173.333
[10,] 10968.889  9386.667 8035.556 12017.778
[11,]  8728.889  8888.889 6826.667 12373.333
[12,]  9511.111 10595.556 5333.333 11662.222
[13,]  7822.222  8746.667 8035.556  9671.111
[14,] 10471.111  9813.333 8106.667  9315.556
[15,]  9226.667 10595.556 6968.889 18915.556
[16,]  9155.556  9742.222 9102.222  9173.333
[17,] 10044.444 10097.778 7395.556 14364.444
[18,]  8675.556  9102.222 6400.000 14862.222
[19,]  8248.889  9244.444 6897.778  8960.000
[20,]  7840.000  9742.222 7537.778 11875.556
[21,] 11377.778  9173.333 7466.667  9315.556
[22,] 11822.222 10382.222 6968.889  9173.333
[23,]  9155.556  9457.778 5902.222 15715.556
[24,]  8728.889  9671.111 6968.889 13724.444
[25,]  7324.444  9955.556 8177.778 10524.444
[26,]  5600.000 10311.111 7395.556 10026.667
[27,] 11822.222  9742.222 5902.222 13866.667
[28,]  9635.556  9671.111 7537.778  6613.333
[29,]  7911.111  9671.111 8035.556  8320.000
[30,]  8675.556  9955.556 8604.444 12017.778
[31,]  9635.556  9386.667 4764.444  9173.333
[32,]  7413.333 10168.889 6328.889 11164.444
[33,]  7324.444  9742.222 7537.778 11164.444
[34,] 12746.667 10240.000 6542.222 12017.778
[35,]  9244.444 10026.667 7608.889  8675.556
[36,]  7342.222  9671.111 7040.000 11520.000
[37,]  9671.111  9528.889 5404.444 12017.778
[38,] 11911.111  9457.778 8035.556 11022.222
[39,] 10151.111  9528.889 4764.444 11377.778
[40,]  9671.111  9884.444 7537.778 11306.667
[41,] 10062.222  9528.889 8746.667 12017.778
[42,]  9511.111 10524.444 5760.000  9315.556
[43,]  7395.556  9884.444 5333.333 14222.222
[44,]  9635.556  9600.000 6968.889 13866.667
[45,] 14631.111 10595.556 6897.778 12871.111
[46,] 10986.667  9671.111 6471.111 12373.333
[47,]  9155.556 10097.778 6471.111 12373.333
[48,] 13724.444  9813.333 5902.222  6826.667
[49,]  8248.889  9742.222 7964.444 16213.333
[50,]  8248.889 10382.222 6897.778 11520.000

