$totdays
[1] 365

$Psampest
[1] 595.0795

$Pbootest
    Mean     2.5%      50%    97.5% 
627.1417 303.6372 584.4837 921.9619 

$Pboots
 [1]  777.2159  753.8410  540.9452  396.7723  745.0026  429.4529  685.3026  496.3877
 [9]  283.8965  573.5051  625.5087  826.4451  434.9911  837.5370  740.8346  883.9666
[17]  376.5886  663.4979  890.6895  558.7433 1184.7628  804.7433  866.0944  543.5514
[25]  931.0410  410.6545  454.8472  885.2641  873.7684  440.8063  390.5853  371.6327
[33]  755.9987  626.6003  544.1446  588.7130  416.2911  572.7984  679.1142  536.3275
[41]  256.4868  458.6885  685.7404  883.0998  514.7363  815.3848  490.4929  697.6156
[49]  580.2544  575.7245

$Bboots
 [1] 150.21329 147.96476 104.70270  77.91670 143.36999  82.94904 133.20194  97.86938
 [9]  55.93326 112.44571 122.41819 159.76163  86.08795 163.13005 144.11381 170.45062
[17]  74.02483 130.96278 174.09057 109.77700 228.39999 155.90041 169.32373 105.54254
[25] 179.91671  78.83597  89.94603 171.09282 166.94143  85.43373  76.79431  71.69168
[33] 145.95072 121.74859 106.98951 114.62350  82.11844 111.06181 131.02762 105.93818
[41]  50.56467  89.46470 132.49786 169.00961  99.65640 157.70689  95.82222 137.30129
[49] 114.13186 113.96015

$Nboots
 [1] 2271.9192 2599.1919 2024.2424 1370.1010 2133.3333 1581.0101 1873.9394 1912.7273
 [9]  874.3434 1292.1212 2049.2929 2711.5152 1569.2929 3004.4444 1507.4747 2696.5657
[17] 1861.8182 1818.5859 3216.1616 1244.0404 3692.5253 2866.6667 3225.8586 2132.5253
[25] 2834.7475 1425.0505 1709.4949 2743.0303 2763.6364 1076.7677 1312.3232 1035.1515
[33] 2182.6263 2440.4040 1972.9293 1503.0303 1491.3131 1294.5455 1762.8283 1444.8485
[41]  936.9697 1789.4949 2241.6162 2934.9495 1404.4444 2401.6162 1801.2121 2372.5253
[49] 1231.9192 2233.9394

$julians
 [1] 1760 1795 1844 1880 1902 1934 1955 1999 2026 2054 2089 2124

$intdays
 [1] 35 49 36 22 32 21 44 27 28 35 35  1

$Pintsampest
 [1]  14.217455  10.410856   1.751046   0.430465   0.000000   0.000000   0.000000
 [8]  17.762998 128.511185 243.232770 176.112802   2.649879

$Pintboots
           [,1]      [,2]     [,3]       [,4] [,5] [,6] [,7]       [,8]      [,9]
 [1,]  8.592964  7.129897 2.595047 0.82043196    0    0    0 22.2931061 133.12106
 [2,] 21.019636 17.744316 2.098274 0.29665153    0    0    0 11.2779830 281.66509
 [3,] 14.707033 16.310654 2.298181 0.55280499    0    0    0 11.1602991 115.76252
 [4,]  7.275247  4.255278 2.055475 0.41314115    0    0    0 11.2917290 122.30818
 [5,] 10.793549 13.204255 2.221962 0.41314115    0    0    0 13.2260171 123.89432
 [6,] 17.946686 11.882542 1.620059 0.41314115    0    0    0 11.2779830  63.87060
 [7,] 15.121242 10.771496 1.553043 0.43046502    0    0    0 11.2779830 179.56205
 [8,] 22.339126 13.432518 1.692801 0.57012885    0    0    0 17.7698711 178.99183
 [9,] 20.283190 14.498842 1.175873 0.29080119    0    0    0 17.7629981  77.65525
[10,] 19.682166 16.057162 1.721434 0.56427851    0    0    0 11.3540075 185.66016
[11,]  9.884644  2.222092 2.037146 0.43046502    0    0    0 35.2562632 145.53915
[12,] 14.077428 10.452274 1.980565 0.55280499    0    0    0 17.6453142 179.62965
[13,] 17.076340 10.828270 1.400009 0.01732387    0    0    0 30.7815607 140.98566
[14,] 23.840766 19.784195 1.848004 0.56427851    0    0    0 17.7629981 230.99651
[15,]  9.994541  9.934124 1.428047 0.03464774    0    0    0 17.7075926 191.35223
[16,] 12.999844 10.671073 1.723008 0.29080119    0    0    0  6.6924696 168.87505
[17,]  9.371084  1.938075 1.138468 0.05197160    0    0    0 11.2294506 116.23295
[18,] 13.888149 12.384692 2.514754 0.68661848    0    0    0 28.7781211 254.63833
[19,]  9.313494  4.163784 2.041933 0.44778889    0    0    0 28.7781211 242.20566
[20,] 12.082329  7.175597 1.824052 0.27932767    0    0    0 13.2397631 187.97037
[21,] 20.111107  5.956016 2.175089 0.69246882    0    0    0  6.7547480 219.41207
[22,] 13.924107 12.694963 1.054090 0.30812506    0    0    0 35.3116687 140.34825
[23,] 12.901925  9.123095 1.276917 0.27932767    0    0    0 33.3082291 246.43325
[24,]  6.988801  4.038763 1.930479 0.01732387    0    0    0 17.7561251 122.09227
[25,] 20.696478 16.640916 1.280395 0.01732387    0    0    0 17.7561251 179.36012
[26,] 15.739180 11.757014 1.877947 0.83775583    0    0    0  0.2212005  52.62795
[27,]  6.386944  3.031222 2.927424 0.68661848    0    0    0 28.7158427 140.04813
[28,] 12.301544 12.814956 2.270143 0.29080119    0    0    0 17.7698711 179.37411
[29,] 12.890160  6.303897 1.030733 0.15698770    0    0    0  0.2143275 104.63263
[30,] 16.652239  3.451108 1.422388 0.82043196    0    0    0 11.2779830  70.28252
[31,] 11.927576  5.215065 1.215283 0.44778889    0    0    0 11.3402615 121.97529
[32,] 14.106560  4.989408 2.839657 1.09390928    0    0    0 11.2225775  12.96717
[33,] 18.357221 10.067802 1.734622 0.58160238    0    0    0 17.7007196 128.43892
[34,]  6.889128  6.168056 2.651033 0.84360618    0    0    0 17.6453142 122.37068
[35,] 17.382663 13.322540 2.785762 0.41314115    0    0    0 17.7007196 180.07720
[36,] 13.158915  9.009733 1.541671 0.29080119    0    0    0 24.2965456 141.18059
[37,] 19.231507  9.733225 1.451999 0.56427851    0    0    0 17.8184035 127.79411
[38,] 10.034458  7.062202 1.784377 0.30812506    0    0    0 11.3471345 127.62075
[39,] 19.003617 16.074014 2.266665 0.43046502    0    0    0 28.8403996  88.14542
[40,] 11.018477  9.862147 2.880552 0.96594614    0    0    0 33.3567616 150.01806
[41,]  5.292881  5.112430 1.936102 0.56427851    0    0    0 24.3034186  26.27848
[42,] 11.643642 14.463324 1.969192 0.29080119    0    0    0  0.2697330 161.95687
[43,] 16.501186 17.700514 1.810865 0.13966383    0    0    0  0.2697330 161.56569
[44,] 15.688494 10.148740 1.481611 0.43046502    0    0    0  6.7547480 112.06174
[45,] 12.517218 14.749917 1.248373 0.17431157    0    0    0 22.3485115  81.53916
[46,] 13.657703  9.501022 2.498088 0.56427851    0    0    0 24.2480132 134.33700
[47,] 17.017709 14.675557 1.536378 0.43046502    0    0    0  0.3320114 162.01135
[48,] 15.099610 15.409962 2.595654 0.44778889    0    0    0 24.2411401 244.00071
[49,] 16.591525 12.465910 1.896186 0.68661848    0    0    0 17.7561251 191.78390
[50,] 13.459923 14.957675 2.193659 0.70394234    0    0    0 39.7863712 202.55188
         [,10]     [,11]    [,12]
 [1,] 330.8414 267.98981 3.832125
 [2,] 336.9192  81.37370 1.446193
 [3,] 232.0852 145.82922 2.239260
 [4,] 154.4547  93.31839 1.400147
 [5,] 330.8414 246.83413 3.573800
 [6,] 172.9546 147.17966 2.307630
 [7,] 307.0478 157.13672 2.401743
 [8,] 210.2957  50.25889 1.036834
 [9,]  93.9862  57.14303 1.100328
[10,] 230.5764 106.12217 1.767370
[11,] 241.5003 185.91990 2.718780
[12,] 394.5394 204.52766 3.040066
[13,] 151.3831  81.13642 1.382387
[14,] 365.1707 174.79023 2.779330
[15,] 314.1031 193.45585 2.824522
[16,] 390.9824 287.56190 4.170006
[17,] 146.5089  88.74853 1.369217
[18,] 287.0911  62.44086 1.075317
[19,] 363.2864 237.03653 3.415797
[20,] 226.9089 107.59199 1.671012
[21,] 544.7384 379.37598 5.546870
[22,] 323.8274 273.28764 3.987104
[23,] 367.9064 192.01596 2.849264
[24,] 237.3778 151.15557 2.194331
[25,] 395.0362 295.85087 4.402594
[26,] 175.6324 149.65310 2.307900
[27,] 158.4776 112.91628 1.657104
[28,] 389.2983 267.26530 3.879047
[29,] 416.3908 327.43009 4.718800
[30,] 184.0339 150.53170 2.334047
[31,] 152.2841  84.82561 1.354296
[32,] 115.7198 205.63782 3.055839
[33,] 332.4458 243.03464 3.637437
[34,] 237.0019 229.75258 3.278011
[35,] 215.9241  94.96051 1.577965
[36,] 254.2594 142.80161 2.173692
[37,] 148.8263  89.34248 1.528770
[38,] 248.1868 164.03559 2.418919
[39,] 272.3048 248.32834 3.720451
[40,] 162.1929 163.60458 2.428064
[41,]  30.3984 160.30618 2.294640
[42,] 216.9345  50.28741 0.873057
[43,] 305.8128 179.21218 2.727727
[44,] 418.0749 313.88446 4.574722
[45,] 188.0361 191.28939 2.833328
[46,] 328.9983 297.26630 4.314094
[47,] 211.9695  81.13848 1.381516
[48,] 277.4096 116.56982 1.841285
[49,] 225.9976 111.28531 1.791221
[50,] 213.3673  87.29193 1.411870

$Bdatesampinfo
       DATE JULIAN N       Mean      Stdev
1  10/26/10   1760 5  36.129674  35.689971
2  11/30/10   1795 5  32.325704  35.657852
3  01/18/11   1844 5   4.963065   5.147054
4  02/23/11   1880 5   3.279208   4.568017
5  03/17/11   1902 5   0.000000   0.000000
6  04/18/11   1934 5   0.000000   0.000000
7  05/09/11   1955 5   0.000000   0.000000
8  06/22/11   1999 5   0.000000   0.000000
9  07/19/11   2026 5  84.614067 120.559505
10 08/16/11   2054 5 516.904969 697.258770
11 09/20/11   2089 5 460.485343 804.116924
12 10/25/11   2124 5 302.207552 309.694484

$Ndatesampinfo
       DATE JULIAN N       Mean       Stdev
1  10/26/10   1760 5  435.55556   473.91201
2  11/30/10   1795 5  684.44444   500.46892
3  01/18/11   1844 5   97.77778    65.92176
4  02/23/11   1880 5   26.66667    24.34322
5  03/17/11   1902 5    0.00000     0.00000
6  04/18/11   1934 5    0.00000     0.00000
7  05/09/11   1955 5    0.00000     0.00000
8  06/22/11   1999 5    0.00000     0.00000
9  07/19/11   2026 5 2355.55556  3072.77974
10 08/16/11   2054 5 8248.88889 13177.51921
11 09/20/11   2089 5 6826.66667  9606.09889
12 10/25/11   2124 5 3937.77778  3788.29907

$Bdateboots
          [,1]      [,2]      [,3]      [,4] [,5] [,6] [,7] [,8]       [,9]       [,10]
 [1,] 21.80152 19.572738 5.9649142 6.2496694    0    0    0    0 106.201753  516.904969
 [2,] 45.26823 55.937811 7.6170298 2.2599799    0    0    0    0  53.727074 1264.663344
 [3,] 18.99919 51.813432 6.6065043 4.2112139    0    0    0    0  53.166370  488.720636
 [4,] 26.31678  8.713597 6.5279849 3.1472185    0    0    0    0  53.792567  518.694789
 [5,] 11.98863 39.982200 7.3116285 3.1472185    0    0    0    0  62.993633  516.904969
 [6,] 48.32984 38.081117 4.4785136 3.1472185    0    0    0    0  53.727074  245.255228
 [7,] 38.25767 34.549001 4.0310587 3.2792077    0    0    0    0  53.727074  786.723258
 [8,] 63.07305 44.486407 3.6250268 4.3432031    0    0    0    0  84.646813  753.169467
 [9,] 49.05192 48.610787 3.3196255 2.2152123    0    0    0    0  84.614067  278.850653
[10,] 41.05999 53.707256 3.8041768 4.2984354    0    0    0    0  54.089292  814.865958
[11,] 45.94256  1.649364 6.3097792 3.2792077    0    0    0    0 167.942993  513.283697
[12,] 35.45534 32.325704 5.1114274 4.2112139    0    0    0    0  84.053363  756.749105
[13,] 49.89151 32.325704 6.4581418 0.1319892    0    0    0    0 146.619285  513.283697
[14,] 48.32984 66.460222 4.3999942 4.2984354    0    0    0    0  84.614067  996.634875
[15,] 18.99919 29.123059 6.4581418 0.2639784    0    0    0    0  84.350088  811.244685
[16,] 30.26573 32.325704 5.8950710 2.2152123    0    0    0    0  31.875408  758.580558
[17,] 43.14024  1.978836 4.9630649 0.3959676    0    0    0    0  53.495842  490.593723
[18,] 29.11911 37.751646 6.6065043 5.2304416    0    0    0    0 137.088747 1054.751727
[19,] 36.12967  8.713597 6.2004723 3.4111969    0    0    0    0 137.088747  996.634875
[20,] 38.93200 19.243266 6.4581418 2.1279907    0    0    0    0  63.059127  816.697411
[21,] 80.46282 16.370093 4.9630649 5.2752092    0    0    0    0  32.172133  994.845056
[22,] 24.18879 42.855373 2.6145012 2.3472015    0    0    0    0 168.206971  488.762270
[23,] 33.32735 28.793587 3.8826962 2.1279907    0    0    0    0 158.676433  994.845056
[24,] 28.13774  5.510952 8.9550679 0.1319892    0    0    0    0  84.581320  486.930817
[25,] 45.94256 53.707256 5.8950710 0.1319892    0    0    0    0  84.581320  754.959286
[26,] 36.12967 39.652728 2.4574625 6.3816586    0    0    0    0   1.053909  245.296861
[27,] 28.44478  2.308307 8.5490360 5.2304416    0    0    0    0 136.792021  518.736423
[28,] 21.80152 37.429432 8.4705166 2.2152123    0    0    0    0  84.646813  754.959286
[29,] 43.14024 18.922862 3.6558143 1.1959846    0    0    0    0   1.021162  488.762270
[30,] 68.26265 11.916242 0.4450876 6.2496694    0    0    0    0  53.727074  275.229380
[31,] 41.05999 16.370093 2.3090999 3.4111969    0    0    0    0  54.023799  516.904969
[32,] 55.08112 12.837977 5.0329081 8.3328925    0    0    0    0  53.463095    7.242545
[33,] 56.06249 32.325704 3.7343336 4.4304247    0    0    0    0  84.317342  516.863336
[34,] 17.13049 16.040622 6.0521098 6.4264262    0    0    0    0  84.053363  488.762270
[35,] 45.94256 37.751646 9.9655935 3.1472185    0    0    0    0  84.317342  758.580558
[36,] 36.12967 27.229234 5.0415843 2.2152123    0    0    0    0 115.732292  545.047669
[37,] 60.27072 32.325704 2.5359819 4.2984354    0    0    0    0  84.878045  513.283697
[38,] 29.07137 19.243266 6.0521098 2.3472015    0    0    0    0  54.056545  543.257850
[39,] 41.31928 50.182398 7.3901479 3.2792077    0    0    0    0 137.385472  275.187747
[40,] 23.92951 29.123059 6.2004723 7.3584323    0    0    0    0 158.907665  543.257850
[41,] 11.98863 13.496920 4.8147023 4.2984354    0    0    0    0 115.765038    7.242545
[42,] 11.31429 44.749198 7.0539591 2.2152123    0    0    0    0   1.285140  756.790739
[43,] 23.51446 55.937811 7.4599911 1.0639954    0    0    0    0   1.285140  754.959286
[44,] 42.88095 32.655176 3.6948699 3.2792077    0    0    0    0  32.172133  492.383542
[45,] 11.98863 48.281315 4.5483567 1.3279738    0    0    0    0 106.465732  275.187747
[46,] 39.19129 26.570291 7.4599911 4.2984354    0    0    0    0 115.501060  513.283697
[47,] 33.32735 48.610787 3.9525393 3.2792077    0    0    0    0   1.581865  756.749105
[48,] 26.31678 46.387490 8.8067054 3.4111969    0    0    0    0 115.468313 1026.609028
[49,] 38.93200 40.954291 3.6948699 5.2304416    0    0    0    0  84.581320  813.034505
[50,] 16.19686 48.610787 4.9630649 5.3624308    0    0    0    0 189.530680  758.580558
           [,11]    [,12]
 [1,]  812.53771 348.0274
 [2,]   89.13560 263.2748
 [3,]  443.90471 187.6145
 [4,]  101.94099 302.2163
 [5,]  812.53771 256.3964
 [6,]  449.77815 187.6145
 [7,]  447.06141 233.4430
 [8,]   91.85234 125.8067
 [9,]   98.78429 148.6905
[10,]  111.58967 348.0361
[11,]  457.15006 348.0274
[12,]  828.67838  57.0422
[13,]   95.00904 256.3877
[14,]  470.75257 286.2109
[15,]  450.83666 386.9514
[16,]  812.53771 432.7886
[17,]   98.16574 286.2196
[18,]   98.78429 171.6352
[19,]  463.20208 563.3609
[20,]   95.00904 370.9721
[21,] 1194.15468 448.7766
[22,]  812.53771 370.9721
[23,]  483.55796 348.0274
[24,]  466.97732 187.6232
[25,]  832.45363 448.7679
[26,]  460.48534 187.6058
[27,]  118.08166 370.9721
[28,]  809.38101 348.0361
[29,] 1184.50600 233.4430
[30,]  464.26059 187.6232
[31,]   95.00904 272.3583
[32,]  457.76861 432.7799
[33,]  819.02970 233.4517
[34,]  463.64205 531.3849
[35,]  109.05151 302.1989
[36,]  476.62601 141.8034
[37,]   84.74181 302.2076
[38,]  453.99336 256.3877
[39,]  819.02970 256.3790
[40,]  108.43297 600.1495
[41,]  114.92495 579.3489
[42,]  114.92495 102.8707
[43,]  473.90927 302.2076
[44,] 1187.66270 171.6352
[45,]  480.40126 348.0274
[46,]  808.76247 478.6084
[47,]   95.00904 256.3964
[48,]   88.07709 416.7919
[49,]   95.00904 386.9601
[50,]   98.78429 279.2628

$Ndateboots
           [,1]      [,2]      [,3]      [,4] [,5] [,6] [,7] [,8]      [,9]      [,10]
 [1,]  257.7778  542.2222  97.77778 26.666667    0    0    0    0 2773.3333  8248.8889
 [2,]  471.1111 1013.3333 142.22222 26.666667    0    0    0    0 1475.5556 22044.4444
 [3,]  195.5556  986.6667 124.44444 26.666667    0    0    0    0 1422.2222 12480.0000
 [4,]  355.5556  355.5556 106.66667 17.777778    0    0    0    0 1511.1111  8284.4444
 [5,]  177.7778  817.7778  88.88889 17.777778    0    0    0    0 1920.0000  8248.8889
 [6,]  595.5556  800.0000 106.66667 17.777778    0    0    0    0 1475.5556  6257.7778
 [7,]  453.3333  693.3333  97.77778 26.666667    0    0    0    0 1475.5556  9991.1111
 [8,]  755.5556  906.6667 124.44444 35.555556    0    0    0    0 2373.3333 14115.5556
 [9,]  720.0000  933.3333  71.11111 17.777778    0    0    0    0 2355.5556  2346.6667
[10,]  515.5556  942.2222  62.22222 26.666667    0    0    0    0 1546.6667  5546.6667
[11,]  515.5556  142.2222  88.88889 26.666667    0    0    0    0 4515.5556  7964.4444
[12,]  391.1111  684.4444 115.55556 26.666667    0    0    0    0 2302.2222 14186.6667
[13,]  408.8889  684.4444 106.66667  8.888889    0    0    0    0 4115.5556  7964.4444
[14,]  595.5556 1084.4444  88.88889 26.666667    0    0    0    0 2355.5556 20337.7778
[15,]  195.5556  631.1111 106.66667 17.777778    0    0    0    0 2337.7778  5262.2222
[16,]  248.8889  684.4444  97.77778 17.777778    0    0    0    0 1040.0000 14435.5556
[17,]  453.3333  195.5556  97.77778 26.666667    0    0    0    0 1475.5556 12942.2222
[18,]  417.7778  746.6667 124.44444 26.666667    0    0    0    0 3653.3333 11697.7778
[19,]  435.5556  355.5556 151.11111 35.555556    0    0    0    0 3653.3333 20337.7778
[20,]  497.7778  488.8889 106.66667 17.777778    0    0    0    0 1955.5556  5795.5556
[21,] 1057.7778  488.8889  97.77778 35.555556    0    0    0    0 1075.5556 20302.2222
[22,]  337.7778  817.7778 106.66667 26.666667    0    0    0    0 4533.3333 12693.3333
[23,]  373.3333  577.7778  80.00000 17.777778    0    0    0    0 4071.1111 20302.2222
[24,]  231.1111  302.2222 115.55556  8.888889    0    0    0    0 2337.7778 12444.4444
[25,]  515.5556  942.2222  97.77778  8.888889    0    0    0    0 2337.7778 14151.1111
[26,]  435.5556  764.4444  71.11111 35.555556    0    0    0    0  195.5556  6471.1111
[27,]  373.3333  248.8889 142.22222 26.666667    0    0    0    0 3617.7778  8497.7778
[28,]  257.7778  755.5556 124.44444 17.777778    0    0    0    0 2373.3333 14151.1111
[29,]  453.3333  551.1111  44.44444 17.777778    0    0    0    0  177.7778 12693.3333
[30,]  897.7778  408.8889  53.33333 26.666667    0    0    0    0 1475.5556  2062.2222
[31,]  515.5556  488.8889  53.33333 35.555556    0    0    0    0 1511.1111  8248.8889
[32,]  551.1111  382.2222  97.77778 35.555556    0    0    0    0 1457.7778   568.8889
[33,]  737.7778  684.4444  62.22222 35.555556    0    0    0    0 2320.0000  8035.5556
[34,]  240.0000  435.5556 133.33333 44.444444    0    0    0    0 2302.2222 12693.3333
[35,]  515.5556  746.6667 133.33333 17.777778    0    0    0    0 2320.0000 14435.5556
[36,]  435.5556  675.5556 115.55556 17.777778    0    0    0    0 3235.5556  3804.4444
[37,]  693.3333  684.4444  88.88889 26.666667    0    0    0    0 2373.3333  7964.4444
[38,]  337.7778  488.8889 133.33333 26.666667    0    0    0    0 1528.8889  3768.8889
[39,]  577.7778  897.7778 106.66667 26.666667    0    0    0    0 3688.8889  1848.8889
[40,]  275.5556  631.1111 151.11111 44.444444    0    0    0    0 4071.1111  3768.8889
[41,]  177.7778  488.8889  80.00000 26.666667    0    0    0    0 3253.3333   568.8889
[42,]  133.3333  773.3333 133.33333 17.777778    0    0    0    0  195.5556 14400.0000
[43,]  293.3333 1013.3333 106.66667  8.888889    0    0    0    0  195.5556 14151.1111
[44,]  391.1111  737.7778 124.44444 26.666667    0    0    0    0 1075.5556 12977.7778
[45,]  177.7778  880.0000 106.66667 26.666667    0    0    0    0 2791.1111  1848.8889
[46,]  560.0000  568.8889 106.66667 26.666667    0    0    0    0 3235.5556  7964.4444
[47,]  373.3333  933.3333  80.00000 26.666667    0    0    0    0  231.1111 14186.6667
[48,]  355.5556  924.4444  97.77778 35.555556    0    0    0    0 3217.7778 16142.2222
[49,]  497.7778  800.0000 124.44444 26.666667    0    0    0    0 2337.7778  5297.7778
[50,]  133.3333  933.3333  97.77778 35.555556    0    0    0    0 4933.3333 14435.5556
          [,11]    [,12]
 [1,] 10764.444 4817.778
 [2,]  1342.222 4622.222
 [3,]  6044.444 2168.889
 [4,]  2657.778 3920.000
 [5,] 10764.444 3040.000
 [6,]  7351.111 2168.889
 [7,]  6586.667 3031.111
 [8,]  2106.667 2000.000
 [9,]  2115.556 2835.556
[10,]  3431.111 4800.000
[11,]  7137.778 4817.778
[12,] 11768.889 1093.333
[13,]  2648.889 3057.778
[14,]  6524.444 4666.667
[15,]  6053.333 4151.111
[16,] 10764.444 4995.556
[17,]  3191.111 4648.889
[18,]  2115.556 2862.222
[19,]  7591.111 6071.111
[20,]  2648.889 4844.444
[21,] 15946.667 4284.444
[22,] 10764.444 4844.444
[23,]  7840.000 4817.778
[24,]  7057.778 2151.111
[25,] 11235.556 4302.222
[26,]  6826.667 2186.667
[27,]  3662.222 4844.444
[28,] 10222.222 4800.000
[29,] 15173.333 3031.111
[30,]  6293.333 2151.111
[31,]  2648.889 2382.222
[32,]  6062.222 5013.333
[33,] 10995.556 3013.333
[34,]  7368.889 7493.333
[35,]  1813.333 3955.556
[36,]  7831.111 1271.111
[37,]  2951.111 3937.778
[38,]  6595.556 3057.778
[39,] 10995.556 3075.556
[40,]  2888.889 8400.000
[41,]  3120.000 5360.000
[42,]  3120.000 1955.556
[43,]  7066.667 3937.778
[44,] 15715.556 2862.222
[45,]  7297.778 4817.778
[46,] 11297.778 5875.556
[47,]  2648.889 3040.000
[48,]  2640.000 5724.444
[49,]  2648.889 4133.333
[50,]  2115.556 3911.111

