$totdays
[1] 365

$Psampest
[1] 36.40002

$Pbootest
     Mean      2.5%       50%     97.5% 
36.778208  6.865825 36.694691 65.996639 

$Pboots
 [1] 78.483304 26.951581 39.010265 45.351787 39.386311 56.610346 11.646713 23.053465
 [9] 57.100000 49.991195 35.977820 44.711722 27.152903 27.572097  5.664208 33.321794
[17] 43.324724 26.270808 40.512702 51.255582 44.629358 40.693104 37.411562 41.789873
[25] 15.985386 29.749334 30.174144 18.418382  6.313466 66.599919 45.127698 23.336371
[33] 61.651178 40.551075  8.768395 63.918674 61.014693 34.489059 55.010186 39.487877
[41] 34.733645 33.899631 54.835921 26.086593 26.299362 26.371356 45.741348 25.275123
[49] 10.417070 26.781308

$Bboots
 [1] 3.1544613 1.3193813 1.6556233 1.6912936 1.8482349 2.2371781 0.4799972 1.0316187
 [9] 2.6060078 2.1990080 1.5131145 2.1475086 1.0775359 1.2954426 0.2607852 1.4137144
[17] 1.8933079 1.2542709 1.7478983 2.0278293 1.8489633 1.7686967 1.8141431 1.7377770
[25] 0.7461469 1.1484999 1.1713677 0.8436333 0.2827584 2.5763488 1.6584842 1.0377877
[33] 2.5468210 1.5418985 0.4095875 2.3385336 2.2967619 1.4251946 2.2280396 1.4668468
[41] 1.4429352 1.3672743 2.1813378 0.9945915 1.0463656 0.9710322 1.7058011 1.2261110
[49] 0.4349613 1.0616066

$Nboots
 [1] 270.70707  63.43434 149.49495 203.23232  97.77778 192.32323  73.13131 105.45455
 [9] 184.64646 162.82828 152.72727  92.12121 104.64646 101.81818  36.76768 135.75758
[17] 160.80808  83.23232 117.57576 205.25253 174.54545 126.46465 122.82828 166.86869
[25]  49.29293 123.23232 171.71717  65.45455  65.45455 236.76768 176.56566  75.55556
[33] 213.73737 174.14141  50.50505 296.16162 262.22222 136.16162 221.01010 170.90909
[41] 122.82828 164.04040 227.87879 136.16162 132.92929 146.66667 188.68687  75.15152
[49]  79.19192 127.27273

$julians
 [1] 1760 1795 1844 1880 1902 1934 1955 1999 2026 2054 2089 2124

$intdays
 [1] 35 49 36 22 32 21 44 27 28 35 35  1

$Pintsampest
 [1]  0.62805760  2.39146076  1.44567069  0.07909986  0.05153196  0.00000000  0.15386668
 [8] 14.20873750 15.44553800  1.60792356  0.37245088  0.01567840

$Pintboots
           [,1]      [,2]      [,3]       [,4]       [,5] [,6]      [,7]       [,8]
 [1,] 0.6280576 2.0887352 1.1998368 0.07909986 0.05153196    0 0.1538667 35.8171551
 [2,] 0.0000000 1.7588105 1.6544642 0.12529285 0.05153196    0 0.1538667 10.3479097
 [3,] 0.6280576 2.9176807 1.9246692 0.04619299 0.00000000    0 0.3077334 13.7383885
 [4,] 0.6280576 2.3956146 1.4266161 0.07909986 0.05153196    0 0.3077334 18.1843728
 [5,] 0.6280576 1.7184780 0.8504605 0.07909986 0.05153196    0 0.3077334 15.2866901
 [6,] 0.0000000 1.2368095 1.0940417 0.07909986 0.05153196    0 0.1538667 22.8935381
 [7,] 0.6280576 2.6182818 1.5458916 0.03290687 0.05153196    0 0.3077334  1.3999281
 [8,] 1.2561152 3.2467783 1.4987018 0.07909986 0.05153196    0 0.1538667  6.6942499
 [9,] 1.2561152 3.9922737 2.2922890 0.12529285 0.05153196    0 0.0000000 23.1567192
[10,] 0.6280576 2.9889526 2.0591243 0.12529285 0.05153196    0 0.1538667 19.0327104
[11,] 1.2561152 3.3234448 1.5354751 0.03290687 0.05153196    0 0.1538667 14.7938940
[12,] 0.0000000 1.2368095 1.0940417 0.11200673 0.10306392    0 0.3077334 19.5255065
[13,] 0.0000000 1.3093222 1.2211441 0.04619299 0.00000000    0 0.1538667 10.5550776
[14,] 1.2561152 2.9486202 1.1838461 0.03290687 0.05153196    0 0.0000000 10.8182587
[15,] 0.0000000 1.7583969 1.5618824 0.07909986 0.05153196    0 0.1538667  0.6999640
[16,] 0.6280576 2.5390507 1.6044969 0.11200673 0.10306392    0 0.0000000 13.5087735
[17,] 1.2561152 3.3188774 1.5332224 0.03290687 0.05153196    0 0.0000000 18.3327463
[18,] 0.6280576 2.1687935 1.2551206 0.07909986 0.05153196    0 0.0000000 10.8182587
[19,] 0.0000000 0.9344976 0.7982405 0.03290687 0.05153196    0 0.1538667 19.0327104
[20,] 0.6280576 2.6941863 1.6202300 0.03290687 0.05153196    0 0.1538667 22.8935381
[21,] 1.2561152 3.2467783 1.4987018 0.04619299 0.00000000    0 0.0000000 13.5087735
[22,] 0.0000000 1.6116341 1.4456707 0.04619299 0.00000000    0 0.1538667 18.4475539
[23,] 1.2561152 3.8442701 1.9696063 0.06581374 0.10306392    0 0.1538667 14.5867261
[24,] 1.2561152 3.0957965 1.4639142 0.09238598 0.00000000    0 0.1538667 14.7938940
[25,] 0.0000000 1.3084950 1.1785295 0.07909986 0.05153196    0 0.3077334  6.2239009
[26,] 0.0000000 1.4644578 1.2368772 0.06581374 0.10306392    0 0.1538667  9.9699211
[27,] 1.8841728 4.4006023 1.8789908 0.12529285 0.05153196    0 0.0000000  9.2699571
[28,] 0.0000000 1.6871250 1.4274272 0.03290687 0.05153196    0 0.1538667  5.5239369
[29,] 1.2561152 3.0957965 1.3213650 0.00000000 0.00000000    0 0.1538667  0.1148075
[30,] 0.0000000 1.1613186 1.0410106 0.11200673 0.10306392    0 0.0000000 30.8783747
[31,] 0.0000000 0.7869076 0.6394142 0.00000000 0.00000000    0 0.0000000 18.5399142
[32,] 0.0000000 1.6157879 1.3553416 0.03290687 0.05153196    0 0.1538667  6.6942499
[33,] 0.6280576 2.4673652 1.4487345 0.00000000 0.00000000    0 0.1538667 27.1323545
[34,] 0.0000000 2.1374405 1.9033619 0.04619299 0.00000000    0 0.0000000 17.9547577
[35,] 0.0000000 1.9143597 1.8340537 0.20439271 0.10306392    0 0.1538667  0.6999640
[36,] 1.2561152 3.4019138 1.5144349 0.09872061 0.15459587    0 0.1538667 26.7543659
[37,] 0.6280576 2.9172671 1.9033619 0.07909986 0.05153196    0 0.0000000 26.0544018
[38,] 0.6280576 2.4665380 1.4773945 0.11200673 0.10306392    0 0.0000000 13.5087735
[39,] 1.2561152 3.3188774 1.6757715 0.15819972 0.10306392    0 0.0000000 22.7787306
[40,] 0.6280576 1.6388333 0.7452094 0.03290687 0.05153196    0 0.0000000 17.9547577
[41,] 0.0000000 1.8384552 1.6171662 0.07909986 0.05153196    0 0.0000000 14.0939300
[42,] 1.2561152 3.6220165 1.8716381 0.14491360 0.15459587    0 0.4616000 10.1995362
[43,] 1.2561152 3.4744265 1.6415373 0.00000000 0.00000000    0 0.4616000 22.5379967
[44,] 0.6280576 2.4669516 1.5699764 0.09238598 0.00000000    0 0.0000000  9.8551136
[45,] 1.2561152 3.0920563 1.3617268 0.00000000 0.00000000    0 0.3077334 10.0847287
[46,] 1.2561152 2.7209719 0.9697360 0.03290687 0.05153196    0 0.0000000  9.8551136
[47,] 0.6280576 1.6429872 0.7974294 0.04619299 0.00000000    0 0.3077334 18.1843728
[48,] 0.6280576 2.0887352 1.2711114 0.09238598 0.00000000    0 0.1538667 10.3479097
[49,] 1.2561152 2.9486202 1.1838461 0.00000000 0.00000000    0 0.1538667  0.6999640
[50,] 0.6280576 2.7658718 1.7759924 0.07909986 0.05153196    0 0.3077334  8.9144157
            [,9]     [,10]      [,11]        [,12]
 [1,] 36.7351246 1.6079236 0.10967431 0.0122987841
 [2,] 11.3777989 1.4263557 0.05483715 0.0007132064
 [3,] 16.2912903 3.0342793 0.10967431 0.0122987841
 [4,] 19.5132771 1.7894914 0.95284119 0.0231508480
 [5,] 17.4895746 2.8527115 0.10967431 0.0122987841
 [6,] 26.7112903 4.2790672 0.10967431 0.0014264128
 [7,]  2.7446223 1.6079236 0.69006461 0.0197712288
 [8,]  8.0106456 1.6079236 0.42728803 0.0272639809
 [9,] 24.0787146 1.4263557 0.69006461 0.0306436000
[10,] 21.3891116 2.8527115 0.69006461 0.0197712288
[11,] 14.4315836 0.0000000 0.37245088 0.0265507745
[12,] 20.3473796 1.6079236 0.37245088 0.0048060320
[13,] 11.7419806 1.4263557 0.69006461 0.0088988576
[14,] 10.7002486 0.1815678 0.37245088 0.0265507745
[15,]  0.7450914 0.1815678 0.42728803 0.0055192384
[16,] 13.7824111 0.5447035 0.48212519 0.0171048160
[17,] 18.3033431 0.3631356 0.10967431 0.0231711553
[18,] 10.7002486 0.1815678 0.37245088 0.0156784032
[19,] 18.5438283 0.0000000 0.95284119 0.0122784767
[20,] 22.6115673 0.1815678 0.37245088 0.0156784032
[21,] 18.9683716 5.7054229 0.37245088 0.0265507745
[22,] 18.3033431 0.3631356 0.31761373 0.0040928256
[23,] 14.4038060 0.3631356 0.63522746 0.0299303936
[24,] 17.4450690 3.0342793 0.42728803 0.0272639809
[25,]  6.0111147 0.1815678 0.63522746 0.0081856512
[26,] 12.7559350 3.0342793 0.95284119 0.0122784767
[27,] 10.7564040 1.6079236 0.16451146 0.0347567329
[28,]  7.1932711 1.9710592 0.37245088 0.0048060320
[29,]  0.1682021 0.1815678 0.00000000 0.0217447425
[30,] 31.8777886 1.4263557 0.00000000 0.0000000000
[31,] 21.5128081 3.2158471 0.42728803 0.0055192384
[32,]  9.4332873 3.0342793 0.95284119 0.0122784767
[33,] 28.1464537 1.6079236 0.05483715 0.0115855776
[34,] 18.0906354 0.3631356 0.05483715 0.0007132064
[35,]  1.9995310 1.4263557 0.42728803 0.0055192384
[36,] 28.2701501 1.9710592 0.31761373 0.0258375681
[37,] 27.5250588 1.7894914 0.05483715 0.0115855776
[38,] 14.7004466 1.4263557 0.05483715 0.0115855776
[39,] 24.0342090 1.6079236 0.05483715 0.0224579489
[40,] 17.9224334 0.1815678 0.31761373 0.0149651968
[41,] 15.4455380 1.6079236 0.00000000 0.0000000000
[42,] 12.7559350 3.0342793 0.37245088 0.0265507745
[43,] 23.4573197 1.6079236 0.37245088 0.0265507745
[44,] 10.4152578 0.7262713 0.31761373 0.0149651968
[45,]  9.7424496 0.0000000 0.42728803 0.0272639809
[46,] 10.4152578 0.7262713 0.31761373 0.0258375681
[47,] 20.7677167 3.0342793 0.31761373 0.0149651968
[48,] 10.1233593 0.1815678 0.37245088 0.0156784032
[49,]  2.1677330 1.6079236 0.37245088 0.0265507745
[50,] 10.0113127 1.4263557 0.79973892 0.0211976416

$Bdatesampinfo
       DATE JULIAN N        Mean      Stdev
1  10/26/10   1760 5  0.00000000  0.0000000
2  11/30/10   1795 5  0.57579389  1.2875143
3  01/18/11   1844 5  1.74063459  1.3066537
4  02/23/11   1880 5  0.12290497  0.2748239
5  03/17/11   1902 5  0.06367052  0.1423716
6  04/18/11   1934 5  0.00000000  0.0000000
7  05/09/11   1955 5  0.00000000  0.0000000
8  06/22/11   1999 5  0.09030323  0.2019242
9  07/19/11   2026 5 12.49972234 16.3088309
10 08/16/11   2054 5  1.40098859  2.8467931
11 09/20/11   2089 5  0.00000000  0.0000000
12 10/25/11   2124 5  0.31193631  0.5859063

$Ndatesampinfo
       DATE JULIAN N       Mean      Stdev
1  10/26/10   1760 5   0.000000    0.00000
2  11/30/10   1795 5 213.333333  477.02784
3  01/18/11   1844 5 284.444444  149.40210
4  02/23/11   1880 5   8.888889   19.87616
5  03/17/11   1902 5   8.888889   19.87616
6  04/18/11   1934 5   0.000000    0.00000
7  05/09/11   1955 5   0.000000    0.00000
8  06/22/11   1999 5   8.888889   19.87616
9  07/19/11   2026 5 888.888889 1518.93400
10 08/16/11   2054 5 106.666667  159.00928
11 09/20/11   2089 5   0.000000    0.00000
12 10/25/11   2124 5  53.333333   96.35326

$Bdateboots
      [,1]      [,2]      [,3]      [,4]       [,5] [,6] [,7]       [,8]       [,9]
 [1,]    0 0.5757939 1.5264297 0.1229050 0.06367052    0    0 0.09030323 30.8764494
 [2,]    0 0.0000000 2.0093989 0.2458099 0.06367052    0    0 0.09030323 10.7873357
 [3,]    0 0.5757939 2.5855173 0.1229050 0.00000000    0    0 0.18060647 12.0081024
 [4,]    0 0.5757939 1.5384733 0.1229050 0.06367052    0    0 0.18060647 14.2121090
 [5,]    0 0.5757939 0.8190626 0.1229050 0.06367052    0    0 0.18060647 15.9351935
 [6,]    0 0.0000000 1.0433538 0.1229050 0.06367052    0    0 0.09030323 19.3599669
 [7,]    0 0.5757939 1.7850010 0.0000000 0.06367052    0    0 0.18060647  0.9832398
 [8,]    0 1.1515878 1.7183980 0.1229050 0.06367052    0    0 0.09030323  6.6227176
 [9,]    0 1.1515878 3.3151210 0.2458099 0.06367052    0    0 0.00000000 22.3038182
[10,]    0 0.5757939 2.6844431 0.2458099 0.06367052    0    0 0.09030323 17.6475802
[11,]    0 1.1515878 2.1913877 0.0000000 0.06367052    0    0 0.09030323 12.9913422
[12,]    0 0.0000000 1.0433538 0.1229050 0.12734104    0    0 0.18060647 20.5914315
[13,]    0 0.0000000 1.7185048 0.1229050 0.00000000    0    0 0.09030323  8.3351043
[14,]    0 1.1515878 1.4941069 0.0000000 0.06367052    0    0 0.00000000 11.2789555
[15,]    0 0.0000000 1.8173238 0.1229050 0.06367052    0    0 0.09030323  0.4916199
[16,]    0 0.5757939 2.2014740 0.1229050 0.12734104    0    0 0.00000000 12.0081024
[17,]    0 1.1515878 2.2014740 0.0000000 0.06367052    0    0 0.00000000 17.1559603
[18,]    0 0.5757939 1.4941069 0.1229050 0.06367052    0    0 0.00000000 11.2789555
[19,]    0 0.0000000 1.0212240 0.0000000 0.06367052    0    0 0.09030323 17.6475802
[20,]    0 0.5757939 1.9548394 0.0000000 0.06367052    0    0 0.09030323 19.3599669
[21,]    0 1.1515878 1.7183980 0.1229050 0.00000000    0    0 0.00000000 12.0081024
[22,]    0 0.0000000 1.7406346 0.1229050 0.00000000    0    0 0.09030323 17.1559603
[23,]    0 1.1515878 2.6622065 0.0000000 0.12734104    0    0 0.09030323 15.4435736
[24,]    0 1.1515878 1.7628712 0.2458099 0.00000000    0    0 0.09030323 12.9913422
[25,]    0 0.0000000 1.3343547 0.1229050 0.06367052    0    0 0.18060647  6.1310977
[26,]    0 0.0000000 1.4718703 0.0000000 0.12734104    0    0 0.09030323  7.8434844
[27,]    0 1.7273817 2.0315287 0.2458099 0.06367052    0    0 0.00000000  7.3518645
[28,]    0 0.0000000 1.7183980 0.0000000 0.06367052    0    0 0.09030323  5.6394778
[29,]    0 1.1515878 1.7628712 0.0000000 0.00000000    0    0 0.09030323  0.0000000
[30,]    0 0.0000000 1.0655904 0.1229050 0.12734104    0    0 0.00000000 25.7285916
[31,]    0 0.0000000 0.5603846 0.0000000 0.00000000    0    0 0.00000000 14.7037289
[32,]    0 0.0000000 1.5384733 0.0000000 0.06367052    0    0 0.09030323  6.6227176
[33,]    0 0.5757939 1.9104731 0.0000000 0.00000000    0    0 0.09030323 24.0162049
[34,]    0 0.0000000 2.3934422 0.1229050 0.00000000    0    0 0.00000000 14.2121090
[35,]    0 0.0000000 1.9548394 0.3687149 0.12734104    0    0 0.09030323  0.4916199
[36,]    0 1.1515878 1.4717635 0.0000000 0.19101155    0    0 0.09030323 21.0723536
[37,]    0 0.5757939 2.3934422 0.1229050 0.06367052    0    0 0.00000000 20.5807337
[38,]    0 0.5757939 1.5263229 0.1229050 0.12734104    0    0 0.00000000 12.0081024
[39,]    0 1.1515878 2.2014740 0.2458099 0.12734104    0    0 0.00000000 19.3599669
[40,]    0 0.5757939 1.0434606 0.0000000 0.06367052    0    0 0.00000000 14.2121090
[41,]    0 0.0000000 1.7850010 0.1229050 0.06367052    0    0 0.00000000 12.4997223
[42,]    0 1.1515878 2.6077539 0.1229050 0.19101155    0    0 0.27090970  7.8434844
[43,]    0 1.1515878 2.1469145 0.0000000 0.00000000    0    0 0.27090970 18.8683470
[44,]    0 0.5757939 1.7183980 0.2458099 0.00000000    0    0 0.00000000  7.8434844
[45,]    0 1.1515878 2.1571076 0.0000000 0.00000000    0    0 0.18060647  7.8434844
[46,]    0 1.1515878 1.0655904 0.0000000 0.06367052    0    0 0.00000000  7.8434844
[47,]    0 0.5757939 0.8412992 0.1229050 0.00000000    0    0 0.18060647 14.2121090
[48,]    0 0.5757939 1.5264297 0.2458099 0.00000000    0    0 0.09030323 10.7873357
[49,]    0 1.1515878 1.4941069 0.0000000 0.00000000    0    0 0.09030323  0.4916199
[50,]    0 0.5757939 2.2458404 0.1229050 0.06367052    0    0 0.18060647  6.8602446
          [,10] [,11]      [,12]
 [1,] 1.4009886     0 0.08506847
 [2,] 1.2954087     0 0.04253424
 [3,] 2.6963973     0 0.08506847
 [4,] 1.5065685     0 0.80820622
 [5,] 2.5908173     0 0.08506847
 [6,] 3.8862260     0 0.08506847
 [7,] 1.4009886     0 0.58133838
 [8,] 1.4009886     0 0.35447054
 [9,] 1.2954087     0 0.58133838
[10,] 2.5908173     0 0.58133838
[11,] 0.0000000     0 0.31193631
[12,] 1.4009886     0 0.31193631
[13,] 1.2954087     0 0.58133838
[14,] 0.1055799     0 0.31193631
[15,] 0.1055799     0 0.35447054
[16,] 0.3167397     0 0.39700478
[17,] 0.2111598     0 0.08506847
[18,] 0.1055799     0 0.31193631
[19,] 0.0000000     0 0.80820622
[20,] 0.1055799     0 0.31193631
[21,] 5.1816347     0 0.31193631
[22,] 0.2111598     0 0.26940207
[23,] 0.2111598     0 0.53880414
[24,] 2.6963973     0 0.35447054
[25,] 0.1055799     0 0.53880414
[26,] 2.6963973     0 0.80820622
[27,] 1.4009886     0 0.12760271
[28,] 1.6121484     0 0.31193631
[29,] 0.1055799     0 0.00000000
[30,] 1.2954087     0 0.00000000
[31,] 2.8019772     0 0.35447054
[32,] 2.6963973     0 0.80820622
[33,] 1.4009886     0 0.04253424
[34,] 0.2111598     0 0.04253424
[35,] 1.2954087     0 0.35447054
[36,] 1.6121484     0 0.26940207
[37,] 1.5065685     0 0.04253424
[38,] 1.2954087     0 0.04253424
[39,] 1.4009886     0 0.04253424
[40,] 0.1055799     0 0.26940207
[41,] 1.4009886     0 0.00000000
[42,] 2.6963973     0 0.31193631
[43,] 1.4009886     0 0.31193631
[44,] 0.4223197     0 0.26940207
[45,] 0.0000000     0 0.35447054
[46,] 0.4223197     0 0.26940207
[47,] 2.6963973     0 0.26940207
[48,] 0.1055799     0 0.31193631
[49,] 1.4009886     0 0.31193631
[50,] 1.2954087     0 0.66640685

$Ndateboots
      [,1]     [,2]     [,3]      [,4]      [,5] [,6] [,7]      [,8]       [,9]
 [1,]    0 213.3333 204.4444  8.888889  8.888889    0    0  8.888889 2417.77778
 [2,]    0   0.0000 266.6667 17.777778  8.888889    0    0  8.888889  320.00000
 [3,]    0 213.3333 364.4444  8.888889  0.000000    0    0 17.777778  853.33333
 [4,]    0 213.3333 320.0000  8.888889  8.888889    0    0 17.777778 1457.77778
 [5,]    0 213.3333 213.3333  8.888889  8.888889    0    0 17.777778  462.22222
 [6,]    0   0.0000 266.6667  8.888889  8.888889    0    0  8.888889 1600.00000
 [7,]    0 213.3333 337.7778  0.000000  8.888889    0    0 17.777778   71.11111
 [8,]    0 426.6667 320.0000  8.888889  8.888889    0    0  8.888889  248.88889
 [9,]    0 426.6667 320.0000 17.777778  8.888889    0    0  0.000000 1137.77778
[10,]    0 213.3333 320.0000 17.777778  8.888889    0    0  8.888889 1031.11111
[11,]    0 426.6667 284.4444  0.000000  8.888889    0    0  8.888889  924.44444
[12,]    0   0.0000 266.6667  8.888889 17.777778    0    0 17.777778  568.88889
[13,]    0   0.0000 195.5556  8.888889  0.000000    0    0  8.888889  817.77778
[14,]    0 426.6667 266.6667  0.000000  8.888889    0    0  0.000000  355.55556
[15,]    0   0.0000 275.5556  8.888889  8.888889    0    0  8.888889   35.55556
[16,]    0 213.3333 257.7778  8.888889 17.777778    0    0  0.000000  853.33333
[17,]    0 426.6667 257.7778  0.000000  8.888889    0    0  0.000000  995.55556
[18,]    0 213.3333 266.6667  8.888889  8.888889    0    0  0.000000  355.55556
[19,]    0   0.0000 177.7778  0.000000  8.888889    0    0  8.888889 1031.11111
[20,]    0 213.3333 364.4444  0.000000  8.888889    0    0  8.888889 1600.00000
[21,]    0 426.6667 320.0000  8.888889  0.000000    0    0  0.000000  853.33333
[22,]    0   0.0000 284.4444  8.888889  0.000000    0    0  8.888889  995.55556
[23,]    0 426.6667 355.5556  0.000000 17.777778    0    0  8.888889  426.66667
[24,]    0 426.6667 248.8889 17.777778  0.000000    0    0  8.888889  924.44444
[25,]    0   0.0000 213.3333  8.888889  8.888889    0    0 17.777778  213.33333
[26,]    0   0.0000 302.2222  0.000000 17.777778    0    0  8.888889  782.22222
[27,]    0 640.0000 355.5556 17.777778  8.888889    0    0  0.000000  746.66667
[28,]    0   0.0000 320.0000  0.000000  8.888889    0    0  8.888889  177.77778
[29,]    0 426.6667 248.8889  0.000000  0.000000    0    0  8.888889    0.00000
[30,]    0   0.0000 231.1111  8.888889 17.777778    0    0  0.000000 2275.55556
[31,]    0   0.0000 204.4444  0.000000  0.000000    0    0  0.000000 1493.33333
[32,]    0   0.0000 320.0000  0.000000  8.888889    0    0  8.888889  248.88889
[33,]    0 213.3333 311.1111  0.000000  0.000000    0    0  8.888889 1706.66667
[34,]    0   0.0000 373.3333  8.888889  0.000000    0    0  0.000000 1457.77778
[35,]    0   0.0000 364.4444 26.666667 17.777778    0    0  8.888889   35.55556
[36,]    0 426.6667 426.6667  0.000000 26.666667    0    0  8.888889 2168.88889
[37,]    0 213.3333 373.3333  8.888889  8.888889    0    0  0.000000 2133.33333
[38,]    0 213.3333 328.8889  8.888889 17.777778    0    0  0.000000  853.33333
[39,]    0 426.6667 257.7778 17.777778 17.777778    0    0  0.000000 1600.00000
[40,]    0 213.3333 142.2222  0.000000  8.888889    0    0  0.000000 1457.77778
[41,]    0   0.0000 337.7778  8.888889  8.888889    0    0  0.000000  888.88889
[42,]    0 426.6667 328.8889  8.888889 26.666667    0    0 26.666667  782.22222
[43,]    0 426.6667 355.5556  0.000000  0.000000    0    0 26.666667 1564.44444
[44,]    0 213.3333 320.0000 17.777778  0.000000    0    0  0.000000  782.22222
[45,]    0 426.6667 204.4444  0.000000  0.000000    0    0 17.777778  782.22222
[46,]    0 426.6667 231.1111  0.000000  8.888889    0    0  0.000000  782.22222
[47,]    0 213.3333 177.7778  8.888889  0.000000    0    0 17.777778 1457.77778
[48,]    0 213.3333 204.4444 17.777778  0.000000    0    0  8.888889  320.00000
[49,]    0 426.6667 266.6667  0.000000  0.000000    0    0  8.888889   35.55556
[50,]    0 213.3333 311.1111  8.888889  8.888889    0    0 17.777778  711.11111
          [,10] [,11]      [,12]
 [1,] 106.66667     0  17.777778
 [2,]  71.11111     0   8.888889
 [3,] 177.77778     0  17.777778
 [4,] 142.22222     0 133.333333
 [5,] 142.22222     0  17.777778
 [6,] 213.33333     0  17.777778
 [7,] 106.66667     0  97.777778
 [8,] 106.66667     0  62.222222
 [9,]  71.11111     0  97.777778
[10,] 142.22222     0  97.777778
[11,]   0.00000     0  53.333333
[12,] 106.66667     0  53.333333
[13,]  71.11111     0  97.777778
[14,]  35.55556     0  53.333333
[15,]  35.55556     0  62.222222
[16,] 106.66667     0  71.111111
[17,]  71.11111     0  17.777778
[18,]  35.55556     0  53.333333
[19,]   0.00000     0 133.333333
[20,]  35.55556     0  53.333333
[21,] 284.44444     0  53.333333
[22,]  71.11111     0  44.444444
[23,]  71.11111     0  88.888889
[24,] 177.77778     0  62.222222
[25,]  35.55556     0  88.888889
[26,] 177.77778     0 133.333333
[27,] 106.66667     0  26.666667
[28,] 177.77778     0  53.333333
[29,]  35.55556     0   0.000000
[30,]  71.11111     0   0.000000
[31,] 213.33333     0  62.222222
[32,] 177.77778     0 133.333333
[33,] 106.66667     0   8.888889
[34,]  71.11111     0   8.888889
[35,]  71.11111     0  62.222222
[36,] 177.77778     0  44.444444
[37,] 142.22222     0   8.888889
[38,]  71.11111     0   8.888889
[39,] 106.66667     0   8.888889
[40,]  35.55556     0  44.444444
[41,] 106.66667     0   0.000000
[42,] 177.77778     0  53.333333
[43,] 106.66667     0  53.333333
[44,] 142.22222     0  44.444444
[45,]   0.00000     0  62.222222
[46,] 142.22222     0  44.444444
[47,] 177.77778     0  44.444444
[48,]  35.55556     0  53.333333
[49,] 106.66667     0  53.333333
[50,]  71.11111     0 115.555556

