$totdays
[1] 365

$Psampest
[1] 35.92928

$Pbootest
    Mean     2.5%      50%    97.5% 
35.32633 28.51639 34.62707 43.05342 

$Pboots
 [1] 31.95964 43.32203 43.23900 40.32300 33.18060 36.07815 35.46526 41.54901 33.83793
[10] 39.43540 30.90031 34.79975 30.70320 35.23161 31.98960 30.17407 30.71380 33.92285
[19] 42.41419 40.40329 32.33586 37.91712 28.03512 40.27215 32.58611 35.50314 34.45440
[28] 39.69170 33.63384 37.76997 31.89550 36.60780 30.53787 42.22521 30.86849 33.84326
[37] 34.06466 38.70212 39.95106 30.30357 32.32636 35.96239 37.45983 38.65225 33.75562
[46] 41.76900 36.02881 31.50660 32.62554 25.38822

$Bboots
 [1]  8.580195 11.351366 11.106032 10.798410  8.944411  9.473944  9.234275 11.299852
 [9]  9.229495 10.757020  8.411952  9.076250  8.177245  9.209799  8.581828  7.832828
[17]  8.047877  8.902942 11.215702 10.743078  8.366458 10.132175  7.586989 10.912909
[25]  8.753457  9.557512  9.015815 10.849133  9.058465  9.943765  8.759324  9.631192
[33]  7.948956 11.051906  8.205497  8.875105  9.437635 10.365345 10.742259  8.229016
[41]  8.635302  9.582409  9.949222 10.102270  9.089870 11.244524  9.416779  8.182871
[49]  9.081656  6.884642

$Nboots
 [1] 544.6465 703.0303 652.9293 706.6667 598.3838 668.6869 603.2323 812.1212 594.7475
[10] 725.2525 590.7071 563.6364 570.9091 551.5152 578.5859 527.6768 528.0808 644.8485
[19] 734.9495 699.3939 546.2626 637.9798 477.9798 762.8283 523.2323 646.0606 551.1111
[28] 754.7475 610.5051 650.1010 627.8788 551.1111 525.2525 665.0505 563.6364 521.6162
[37] 655.7576 666.2626 758.7879 568.4848 575.7576 657.3737 657.7778 673.1313 574.1414
[46] 775.7576 630.3030 509.4949 620.6061 457.7778

$julians
 [1] 1760 1795 1844 1880 1902 1934 1955 1999 2026 2054 2089 2124

$intdays
 [1] 35 49 36 22 32 21 44 27 28 35 35  1

$Pintsampest
 [1] 2.17993017 3.56587213 0.82605715 0.40785123 0.59459931 0.72736020 5.06859135
 [8] 7.22491154 8.26276689 5.30639357 1.70929356 0.05565775

$Pintboots
          [,1]     [,2]      [,3]      [,4]      [,5]      [,6]     [,7]      [,8]
 [1,] 1.467007 2.432693 0.7658256 0.4084597 0.5980299 0.5901062 5.172113  7.247561
 [2,] 2.482453 4.207236 0.9962445 0.4845763 0.6778000 0.5799619 9.750178 10.956274
 [3,] 3.663907 5.980123 1.1739477 0.2088757 0.1356681 0.6226220 8.317174  9.211666
 [4,] 2.198556 3.465525 0.6607968 0.5197092 0.8005493 0.6544073 5.788179  8.641541
 [5,] 2.164455 3.988279 1.2111950 0.4772006 0.6244297 0.7637108 3.458377  6.827584
 [6,] 2.311309 4.655140 1.5310579 0.5037754 0.7367477 0.8701044 4.261477  5.695208
 [7,] 2.975766 4.596973 0.6896140 0.3831922 0.6456043 0.7405898 5.504738  6.424266
 [8,] 2.832775 4.474102 0.8556379 0.4206607 0.6861160 0.8116289 4.248401  9.579421
 [9,] 1.347157 1.915064 0.3839179 0.3143470 0.4785805 0.5933497 4.361659  7.812356
[10,] 1.647811 2.177372 0.3410015 0.3905172 0.5751992 0.7571030 6.090455  9.342075
[11,] 1.100812 2.231919 0.8412466 0.2906699 0.5188211 0.7332480 3.748846  6.874363
[12,] 2.440962 4.363679 1.0599446 0.3594570 0.6314093 0.6727441 4.867971  6.353437
[13,] 2.109657 3.518261 0.9008439 0.2546278 0.3652494 0.7596469 3.375616  5.729611
[14,] 2.402893 3.459578 0.4561087 0.4388387 0.6670567 0.8164098 6.739463  6.775845
[15,] 2.143144 3.519330 0.7679038 0.3098835 0.5623825 0.7567819 2.912476  5.938915
[16,] 2.589017 4.171249 0.7707526 0.2314981 0.3771240 0.8299970 3.080921  3.877621
[17,] 1.219896 2.138187 0.7955015 0.6702746 0.9808729 0.5794429 7.505705  6.710376
[18,] 2.202007 4.123203 1.1458525 0.2069206 0.3641071 0.7306033 5.210790  6.670556
[19,] 2.491327 3.928527 0.9008439 0.4554683 0.6418405 0.8776235 7.153009  8.400458
[20,] 3.089014 4.879855 0.8701729 0.4422070 0.5626004 0.6934667 4.673112  8.025557
[21,] 1.941694 3.729301 1.2321010 0.3758165 0.4555006 0.6996113 5.498316  5.502058
[22,] 1.426304 2.868797 1.1008104 0.4285797 0.6151096 0.4408374 5.988963  8.342935
[23,] 1.288392 2.304851 0.9823021 0.3025659 0.3314892 0.8508446 2.821818  5.067520
[24,] 1.523478 3.117424 1.2448238 0.3049929 0.3867440 0.5842184 6.148297 10.297756
[25,] 1.234757 1.752377 0.5455874 0.3965421 0.6246798 0.5711623 6.329397  7.587452
[26,] 2.659290 3.961844 0.7269836 0.7032796 0.9427877 0.7356757 3.887292  7.134248
[27,] 3.310696 5.061043 0.9480806 0.6299563 0.7183616 0.7524524 4.957657  6.575597
[28,] 2.902021 4.249592 0.6956583 0.5795838 0.7888638 0.7267840 3.528630  8.982502
[29,] 1.923017 3.139242 0.6802790 0.3186972 0.5528334 0.7924783 3.822017  6.557244
[30,] 2.846609 4.416627 0.8708949 0.3191242 0.4843678 0.5023478 4.882991  7.640495
[31,] 1.124193 2.147710 0.9467042 0.4550123 0.6565967 0.8185369 3.938774  6.945178
[32,] 2.406860 3.945960 0.7825958 0.1519278 0.2115274 0.9181336 5.401734  6.871685
[33,] 2.222703 3.487131 0.7852391 0.4191430 0.5092720 0.4799092 4.872466  5.596634
[34,] 2.065308 3.661661 0.9264049 0.5133080 0.8076808 0.7324932 8.106695  7.997788
[35,] 1.911509 2.902989 0.6267935 0.4009096 0.5650391 0.5725383 3.775941  5.306243
[36,] 1.917344 3.162447 0.7055254 0.3098690 0.4325516 0.6985146 6.761566  7.398381
[37,] 1.405607 2.337471 0.8550312 0.4258287 0.4431509 0.7517166 2.884735  7.283556
[38,] 2.008000 3.329569 0.9191065 0.5372480 0.6716187 0.4306149 4.982658  7.876330
[39,] 2.429726 3.514981 0.5148072 0.3841887 0.5973370 0.7196815 5.531731  8.842749
[40,] 1.769034 2.486644 0.4385681 0.3861189 0.5392216 0.6175620 2.407257  5.479215
[41,] 2.188602 4.324123 1.3434130 0.2176894 0.2534614 0.4249057 2.741810  6.743746
[42,] 2.198556 4.567216 1.4576961 0.4375677 0.6849315 0.5065681 4.155736  7.842320
[43,] 2.195922 3.860945 0.9416619 0.3763495 0.5705562 0.8060050 5.019495  7.071579
[44,] 2.890169 4.595374 0.8847080 0.6084246 0.8212926 0.8171678 5.202010  6.116186
[45,] 1.347157 3.078288 1.1810216 0.4956732 0.8457669 0.9370325 3.570312  4.929982
[46,] 1.824648 3.587491 1.2168440 0.1487527 0.1454874 0.7113263 5.744096  9.854250
[47,] 2.999913 4.828070 0.8663777 0.3326629 0.5141781 0.8238090 5.024858  6.647907
[48,] 1.344320 2.597678 0.7873659 0.2824619 0.5151413 0.6379533 6.710026  6.374823
[49,] 1.236676 2.307344 0.8870592 0.5442722 0.8230881 0.9459847 3.049432  7.708628
[50,] 1.609743 2.209570 0.4402175 0.4033295 0.5804254 0.5876596 2.335662  4.571633
           [,9]    [,10]    [,11]      [,12]
 [1,]  7.334619 4.271865 1.627113 0.04424996
 [2,]  8.097901 3.779818 1.256049 0.05354315
 [3,]  8.018491 4.628207 1.208490 0.06982979
 [4,]  9.424408 5.931542 2.175225 0.06256445
 [5,]  8.526795 4.082458 1.010638 0.04548011
 [6,]  7.833735 5.829682 1.791206 0.05871142
 [7,]  7.127376 4.885297 1.428760 0.06308760
 [8,] 11.320585 4.969953 1.290662 0.05906659
 [9,]  8.781936 5.497402 2.300040 0.05211787
[10,] 10.463684 6.039412 1.564817 0.04595842
[11,]  7.852517 4.573567 2.088730 0.04556959
[12,]  6.814000 4.934390 2.234862 0.06689492
[13,]  7.308366 4.711950 1.616048 0.05332002
[14,]  6.665342 4.931226 1.818435 0.06041445
[15,]  7.914416 5.076305 2.028383 0.05967639
[16,]  6.280845 5.755258 2.142088 0.06769883
[17,]  5.043828 3.825850 1.209121 0.03474559
[18,]  7.483602 4.662979 1.075291 0.04694057
[19,]  9.344536 6.603190 1.559371 0.05799274
[20,]  9.737772 5.717258 1.644483 0.06778764
[21,]  5.895112 5.037278 1.913917 0.05515271
[22,]  8.974279 5.935655 1.749443 0.04540865
[23,]  7.044637 4.987422 2.006194 0.04708694
[24,] 10.429669 4.697639 1.493943 0.04316322
[25,]  7.497887 4.868676 1.143566 0.03402486
[26,]  8.526795 4.584336 1.579913 0.06069721
[27,]  6.844896 3.472991 1.119181 0.06348549
[28,] 11.068961 4.832485 1.276754 0.05986270
[29,]  8.576279 5.497982 1.721632 0.05214458
[30,]  8.239370 5.420359 2.076322 0.07046044
[31,]  8.794663 4.954728 1.081845 0.03155780
[32,]  8.007148 5.685826 2.159077 0.06532536
[33,]  5.859463 4.612068 1.638574 0.05526422
[34,]  8.560007 7.062936 1.736531 0.05440003
[35,]  7.289734 5.843800 1.622427 0.05056573
[36,]  6.508647 4.235732 1.661481 0.05120601
[37,] 10.463684 5.835169 1.339443 0.03926920
[38,]  9.577771 6.431176 1.882376 0.05565536
[39,]  9.850435 5.681562 1.822998 0.06086475
[40,]  8.110015 5.792555 2.220337 0.05703982
[41,]  8.526795 4.378629 1.135575 0.04760711
[42,]  8.575520 4.209168 1.277342 0.04977013
[43,]  8.738637 5.930937 1.889293 0.05845226
[44,]  7.779395 6.548358 2.314686 0.07448246
[45,]  9.257518 7.283019 0.799115 0.03073056
[46,] 10.673320 5.866267 1.942640 0.05388135
[47,]  7.416387 4.834543 1.673188 0.06691728
[48,]  5.326595 4.683489 2.196154 0.05059683
[49,]  9.068439 4.093271 1.916281 0.04506316
[50,]  6.611613 4.393706 1.598770 0.04589561

$Bdatesampinfo
       DATE JULIAN N      Mean      Stdev
1  10/26/10   1760 5  1.225319  0.5163436
2  11/30/10   1795 5 10.769780  9.8294366
3  01/18/11   1844 5  3.283839  4.4647009
4  02/23/11   1880 5  1.136963  0.8716980
5  03/17/11   1902 5  2.432017  2.6669384
6  04/18/11   1934 5  1.140166  0.8316458
7  05/09/11   1955 5  5.469591  2.8130787
8  06/22/11   1999 5 16.391305 15.6992749
9  07/19/11   2026 5 34.067250 20.9147218
10 08/16/11   2054 5 21.670773 11.5751683
11 09/20/11   2089 5  7.135557  5.5883588
12 10/25/11   2124 5  2.198175  1.7357153

$Ndatesampinfo
       DATE JULIAN N      Mean      Stdev
1  10/26/10   1760 5  124.4444   37.18489
2  11/30/10   1795 5 1004.4444  725.27560
3  01/18/11   1844 5  195.5556  149.40210
4  02/23/11   1880 5  115.5556   80.73734
5  03/17/11   1902 5  151.1111  162.08518
6  04/18/11   1934 5  124.4444  101.34893
7  05/09/11   1955 5  444.4444  125.70787
8  06/22/11   1999 5  906.6667  789.81167
9  07/19/11   2026 5 2017.7778 1903.75847
10 08/16/11   2054 5 1271.1111  997.08216
11 09/20/11   2089 5  533.3333  387.45768
12 10/25/11   2124 5  257.7778  106.10966

$Bdateboots
           [,1]      [,2]      [,3]      [,4]       [,5]      [,6]     [,7]      [,8]
 [1,] 1.4243560  6.647870 2.9397265 1.1587354 2.41556997 1.1772236 4.185263 18.122125
 [2,] 1.2730370 12.386698 4.1946291 1.1369634 3.10341467 0.9686149 4.301686 37.750947
 [3,] 1.5572267 18.603479 4.9650531 1.3175518 0.51025528 0.3048000 5.353167 30.518905
 [4,] 1.1401663 10.957423 2.7007147 0.8356656 3.71214967 1.0973223 4.849488 20.115000
 [5,] 1.1401663 10.769780 4.9486060 1.5333349 2.64250054 1.1088956 5.831191  9.084830
 [6,] 1.2437676 11.474248 6.8723326 1.3214158 3.08696763 1.3392030 6.567717 11.812087
 [7,] 1.0262825 15.347916 2.7694206 0.9211804 2.43201701 1.4465897 5.283389 18.458612
 [8,] 1.2545886 14.332798 3.3002862 1.2788236 2.40224844 1.7197411 5.655793 12.667610
 [9,] 1.1401663  6.272584 1.2749597 0.7796506 1.97110288 0.9040722 4.487888 14.323998
[10,] 1.1776015  7.889502 0.6918352 1.1330995 2.28419616 1.1714370 5.708602 20.559604
[11,] 1.0262825  5.030952 3.7653636 0.7367280 1.80683498 1.3100943 5.353167 10.815650
[12,] 1.0447309 12.386698 4.8111942 0.8613015 2.28419616 1.5091310 4.604312 16.391305
[13,] 1.0262825 10.582138 3.2838392 1.5371989 0.69097022 1.5033444 5.399812  9.159262
[14,] 1.2914853 11.930473 1.7042252 0.7367280 3.10341467 0.9040722 6.514907 22.552478
[15,] 1.2914853 10.501198 3.3689921 0.7405920 1.97110288 1.4075310 5.469591  7.091955
[16,] 1.0740002 13.172105 3.2673921 0.8574375 1.16833141 1.0973223 6.445128  6.842923
[17,] 1.2253192  5.487177 2.9397265 1.3175518 4.54781523 1.3449897 3.920596 28.451598
[18,] 1.1591531 10.957423 5.2927186 0.8395295 0.97116941 1.2162823 5.422945 17.051256
[19,] 1.5095090 12.199055 3.2838392 1.5371989 2.44846406 1.4075310 6.567717 24.283299
[20,] 1.4617912 15.535558 3.6966577 0.9602390 2.90937820 0.4705648 5.831191 14.323998
[21,] 1.2627545  9.421445 5.2762716 1.3175518 1.97110288 0.7654149 5.592179 18.122125
[22,] 1.5756750  6.272584 5.0337590 0.8574375 2.89293115 0.8024722 3.203560 22.626911
[23,] 1.2730370  5.816359 3.2673921 1.9895853 0.65807613 1.3334164 6.398483  5.772054
[24,] 1.4059076  6.977052 5.3091657 1.3527465 1.31615226 1.0072956 4.301686 22.215992
[25,] 1.5756750  5.218595 1.6877782 1.2320370 2.23798054 1.5149177 3.675419 23.623348
[26,] 1.2730370 13.359748 2.2544555 1.6361364 4.51804665 1.1459529 5.539369 11.226569
[27,] 1.7085457 16.508608 3.4376980 1.6361364 3.87641757 0.4392941 6.398483 14.983949
[28,] 1.4059076 14.562508 2.1857496 1.5371989 3.53456024 1.2047090 5.399812  9.819213
[29,] 1.5095090  9.071923 3.3002862 0.3403565 2.44846406 0.8728015 6.328705 10.155699
[30,] 1.5572267 14.106283 3.3002862 1.3604745 1.43208355 1.4778604 3.087137 17.973261
[31,] 1.0740002  5.111892 3.3525451 1.7139233 2.26774911 1.6768971 5.761412 11.226569
[32,] 1.0447309 12.199055 3.3525451 0.8356656 0.49380823 0.7769882 7.566388 15.731354
[33,] 1.2730370 10.957423 2.7858677 1.4164894 2.25130207 0.8082589 3.552831 17.462174
[34,] 1.1114354 10.252955 4.1781821 0.7796506 3.71214967 1.1401663 5.516236 29.448035
[35,] 1.1776015  9.340505 2.1005967 1.2538090 2.25442758 1.1401663 4.062674 12.223006
[36,] 0.9411295  9.609088 2.8545736 0.9211804 1.79038793 0.8082589 5.539369 23.623348
[37,] 1.4617912  6.272584 2.9397265 1.6361364 2.09015968 0.5721648 6.258926  6.182972
[38,] 1.7085457  9.340505 3.7818106 1.1369634 3.56432881 0.4705648 3.442572 18.047693
[39,] 1.3581899 12.011413 1.8416370 0.9134524 2.44846406 1.1401663 5.399812 18.458612
[40,] 1.1401663  8.593970 1.2062537 1.1408274 2.23798054 1.0015090 4.610476  5.772054
[41,] 1.2730370 10.769780 6.2722145 0.9173164 0.98761646 0.5351074 3.326148  8.499311
[42,] 1.1401663 10.957423 7.0426385 0.7585000 3.07052058 1.0443529 3.558996 14.364745
[43,] 1.0447309 11.038363 4.1781821 0.8613015 2.43201701 0.9957223 6.328705 15.320436
[44,] 1.0924486 14.810751 3.3002862 1.4343974 3.88973910 1.0443529 6.381515 16.054819
[45,] 1.1401663  6.272584 5.8593960 0.4610660 3.87641757 1.2047090 7.310407  8.088393
[46,] 1.1776015  8.862552 5.2762716 1.2359010 0.06578818 0.8082589 5.655793 19.118563
[47,] 1.1591531 15.347916 3.6802106 0.9563751 1.95465583 1.1343796 6.351838 15.320436
[48,] 0.8559766  6.541167 3.6966577 0.5170810 1.95465583 1.1401663 4.657122 24.283299
[49,] 1.4243560  5.380474 3.7131047 1.0341619 3.72859671 1.2162823 7.380186  5.772054
[50,] 1.4243560  7.433277 1.2749597 1.0809485 2.44846406 1.0385663 4.301686  5.772054
          [,9]    [,10]     [,11]    [,12]
 [1,] 32.49462 16.98241  6.207864 2.677115
 [2,] 38.76733 15.85857  4.660579 2.198175
 [3,] 33.81508 20.27513  4.849587 1.749466
 [4,] 40.23725 23.33684  8.863176 3.014809
 [5,] 38.59880 18.92027  3.241791 2.276880
 [6,] 27.96307 24.88084  6.766215 3.014809
 [7,] 26.40826 21.67077  4.849587 2.952268
 [8,] 54.23477 22.13034  4.849587 2.198175
 [9,] 40.23725 19.00292 10.840315 1.719234
[10,] 44.68515 25.89956  6.886038 1.658771
[11,] 37.19469 15.77592  9.052185 2.353489
[12,] 27.98090 17.98420  8.802666 3.400977
[13,] 30.85616 18.44377  7.135557 1.689002
[14,] 24.76981 20.19248  6.577206 3.352503
[15,] 34.38524 19.00292  8.554345 2.521801
[16,] 20.23826 22.13034  9.112696 2.584342
[17,] 18.41345 15.61062  5.158419 1.444081
[18,] 29.53570 20.94632  4.367167 1.504545
[19,] 34.38524 28.65006  7.196068 1.318999
[20,] 41.72624 23.96170  7.075046 1.904780
[21,] 20.30408 19.46249  7.882916 2.568178
[22,] 35.63989 24.89778  7.324565 2.228406
[23,] 29.61935 17.90155  9.173206 1.781775
[24,] 49.70322 20.65205  4.849587 3.308204
[25,] 29.36718 21.21120  5.218930 1.025604
[26,] 38.59880 18.92027  5.966289 2.660951
[27,] 30.93981 15.23370  3.619808 2.491569
[28,] 52.91430 21.75342  4.480244 2.491569
[29,] 35.63989 22.21299  7.633397 1.767708
[30,] 35.38771 20.19248  9.232519 2.105402
[31,] 37.27834 22.04769  4.849587 1.057914
[32,] 32.26027 21.75342  9.112696 2.677115
[33,] 21.62454 17.90155  7.135557 1.812007
[34,] 26.40826 31.33485  7.007060 2.475405
[35,] 24.83563 24.33862  7.385076 1.474313
[36,] 28.04671 15.85857  7.135557 1.937090
[37,] 44.68515 25.89956  5.777281 1.536854
[38,] 36.96035 27.64828  7.264055 3.014809
[39,] 43.29887 23.14906  7.693908 2.260716
[40,] 32.49462 22.21299  9.232519 2.891805
[41,] 38.59880 18.92027  4.849587 1.351308
[42,] 40.40578 17.44198  5.407938 1.567086
[43,] 34.06725 24.88084  7.315892 3.000742
[44,] 26.66043 25.81691  9.731557 2.907969
[45,] 26.34244 36.10586  3.430800 0.932831
[46,] 49.70322 22.29564  9.550025 1.057914
[47,] 31.10834 18.92027  7.324565 1.812007
[48,] 20.23826 15.69327  9.731557 2.260716
[49,] 48.06477 13.10807  9.112696 1.351308
[50,] 26.15609 18.44377  5.407938 3.322272

$Ndateboots
          [,1]      [,2]      [,3]      [,4]      [,5]      [,6]     [,7]      [,8]
 [1,] 142.2222  622.2222 160.00000 142.22222 142.22222 142.22222 444.4444 1004.4444
 [2,] 133.3333 1066.6667 248.88889 115.55556 195.55556  80.00000 444.4444 1911.1111
 [3,] 151.1111 1555.5556 240.00000 133.33333  35.55556  26.66667 444.4444 1546.6667
 [4,] 124.4444  977.7778 168.88889  71.11111 222.22222  88.88889 373.3333 1235.5556
 [5,] 124.4444 1004.4444 231.11111 133.33333 186.66667 124.44444 426.6667  586.6667
 [6,] 124.4444 1155.5556 302.22222 160.00000 186.66667 142.22222 497.7778  800.0000
 [7,] 106.6667 1342.2222 160.00000 115.55556 151.11111 168.88889 497.7778 1093.3333
 [8,] 133.3333 1333.3333 204.44444 151.11111 151.11111 222.22222 391.1111  577.7778
 [9,] 124.4444  675.5556 124.44444 106.66667 142.22222  88.88889 391.1111  720.0000
[10,] 115.5556  737.7778  97.77778  88.88889 133.33333 124.44444 435.5556  968.8889
[11,] 106.6667  560.0000 213.33333  71.11111 115.55556 151.11111 444.4444  684.4444
[12,] 106.6667 1066.6667 248.88889 124.44444 133.33333 168.88889 391.1111  906.6667
[13,] 106.6667 1031.1111 195.55556 160.00000  71.11111 151.11111 497.7778  542.2222
[14,] 133.3333 1111.1111 160.00000  71.11111 195.55556  88.88889 453.3333 1200.0000
[15,] 133.3333 1022.2222 195.55556  97.77778 142.22222 160.00000 444.4444  355.5556
[16,] 115.5556 1226.6667 186.66667  97.77778  88.88889  88.88889 506.6667  373.3333
[17,] 124.4444  515.5556 160.00000 133.33333 293.33333 160.00000 364.4444 1360.0000
[18,] 115.5556  977.7778 266.66667  97.77778  44.44444 151.11111 391.1111  933.3333
[19,] 142.2222 1093.3333 195.55556 160.00000 160.00000 160.00000 497.7778 1297.7778
[20,] 133.3333 1315.5556 222.22222 124.44444 168.88889  53.33333 426.6667  720.0000
[21,] 115.5556  924.4444 257.77778 133.33333 142.22222  62.22222 435.5556 1004.4444
[22,] 151.1111  675.5556 231.11111  97.77778 160.00000  80.00000 391.1111 1155.5556
[23,] 133.3333  720.0000 186.66667 142.22222  53.33333 124.44444 453.3333  302.2222
[24,] 142.2222  826.6667 275.55556 115.55556 106.66667 115.55556 444.4444 1111.1111
[25,] 151.1111  533.3333 151.11111  88.88889 124.44444 186.66667 382.2222 1271.1111
[26,] 133.3333 1200.0000 168.88889 160.00000 293.33333 142.22222 391.1111  728.8889
[27,] 160.0000 1448.8889 186.66667 160.00000 248.88889  53.33333 453.3333  746.6667
[28,] 142.2222 1182.2222 177.77778 160.00000 204.44444 115.55556 497.7778  568.8889
[29,] 142.2222  933.3333 204.44444  53.33333 160.00000  88.88889 506.6667  657.7778
[30,] 151.1111 1226.6667 204.44444 168.88889  53.33333 168.88889 391.1111 1093.3333
[31,] 115.5556  568.8889 186.66667 151.11111 124.44444 186.66667 480.0000  728.8889
[32,] 106.6667 1093.3333 186.66667  71.11111  26.66667  97.77778 453.3333  880.0000
[33,] 133.3333  977.7778 168.88889 133.33333 115.55556  97.77778 391.1111  977.7778
[34,] 106.6667  826.6667 240.00000 106.66667 222.22222 124.44444 497.7778 1475.5556
[35,] 115.5556  915.5556 177.77778 115.55556 133.33333 124.44444 453.3333  844.4444
[36,] 106.6667  897.7778 160.00000 115.55556 106.66667  97.77778 391.1111 1271.1111
[37,] 133.3333  675.5556 160.00000 160.00000 106.66667  62.22222 560.0000  346.6667
[38,] 160.0000  915.5556 222.22222 115.55556 204.44444  53.33333 382.2222 1048.8889
[39,] 133.3333 1120.0000 142.22222  62.22222 160.00000 124.44444 497.7778 1093.3333
[40,] 124.4444  888.8889 133.33333 142.22222 124.44444  97.77778 382.2222  302.2222
[41,] 133.3333 1004.4444 311.11111  88.88889  53.33333  44.44444 382.2222  515.5556
[42,] 124.4444  977.7778 302.22222  97.77778 177.77778 133.33333 382.2222  986.6667
[43,] 106.6667  986.6667 240.00000 124.44444 151.11111  80.00000 506.6667  835.5556
[44,] 115.5556 1377.7778 204.44444 133.33333 240.00000 133.33333 551.1111  817.7778
[45,] 124.4444  675.5556 284.44444  80.00000 248.88889 115.55556 560.0000  471.1111
[46,] 115.5556  871.1111 257.77778 115.55556  35.55556  97.77778 391.1111 1120.0000
[47,] 115.5556 1342.2222 213.33333  97.77778 133.33333 106.66667 400.0000  835.5556
[48,] 106.6667  657.7778 222.22222  44.44444 133.33333 124.44444 435.5556 1297.7778
[49,] 142.2222  551.1111 231.11111  88.88889 231.11111 151.11111 506.6667  302.2222
[50,] 142.2222  782.2222 124.44444 151.11111 160.00000 115.55556 444.4444  302.2222
           [,9]     [,10]    [,11]    [,12]
 [1,] 2000.0000  631.1111 497.7778 266.6667
 [2,] 2595.5556  533.3333 346.6667 257.7778
 [3,] 1991.1111  657.7778 346.6667 257.7778
 [4,] 2364.4444 1351.1111 702.2222 311.1111
 [5,] 2195.5556 1226.6667 293.3333 222.2222
 [6,] 1822.2222 1555.5556 515.5556 311.1111
 [7,] 1280.0000 1271.1111 346.6667 311.1111
 [8,] 3848.8889 1511.1111 346.6667 257.7778
 [9,] 2364.4444  968.8889 773.3333 248.8889
[10,] 2915.5556 1671.1111 631.1111 231.1111
[11,] 2577.7778  791.1111 702.2222 266.6667
[12,] 1297.7778  853.3333 800.0000 311.1111
[13,] 1831.1111 1093.3333 533.3333 240.0000
[14,] 1111.1111  915.5556 515.5556 355.5556
[15,] 2195.5556  968.8889 586.6667 257.7778
[16,]  933.3333 1511.1111 604.4444 257.7778
[17,]  888.8889 1306.6667 462.2222 204.4444
[18,] 1840.0000 1911.1111 311.1111 222.2222
[19,] 2195.5556 1715.5556 435.5556 204.4444
[20,] 2755.5556 1075.5556 631.1111 266.6667
[21,] 1084.4444 1208.8889 551.1111 293.3333
[22,] 2035.5556 1448.8889 533.3333 266.6667
[23,] 1466.6667 1111.1111 506.6667 248.8889
[24,] 3671.1111 1155.5556 346.6667 302.2222
[25,] 1440.0000 1031.1111 364.4444 213.3333
[26,] 2195.5556 1226.6667 382.2222 302.2222
[27,] 1457.7778  808.8889 293.3333 248.8889
[28,] 3857.7778 1013.3333 328.8889 248.8889
[29,] 2035.5556 1253.3333 648.8889 204.4444
[30,] 2008.8889  915.5556 720.0000 248.8889
[31,] 2204.4444 1768.8889 346.6667 204.4444
[32,] 1448.8889 1013.3333 604.4444 266.6667
[33,] 1075.5556 1111.1111 533.3333 257.7778
[34,] 1280.0000 1911.1111 435.5556 284.4444
[35,] 1262.2222 1573.3333 435.5556 213.3333
[36,] 1448.8889  533.3333 533.3333 257.7778
[37,] 2915.5556 1671.1111 382.2222 213.3333
[38,] 2026.6667 1493.3333 631.1111 311.1111
[39,] 2773.3333 1626.6667 551.1111 257.7778
[40,] 2000.0000 1253.3333 720.0000 293.3333
[41,] 2195.5556 1226.6667 346.6667 195.5556
[42,] 2764.4444  871.1111 364.4444 222.2222
[43,] 2017.7778 1555.5556 551.1111 266.6667
[44,] 1306.6667 1928.8889 524.4444 257.7778
[45,] 1128.8889 2293.3333 293.3333 204.4444
[46,] 3671.1111  995.5556 817.7778 204.4444
[47,] 1857.7778 1226.6667 533.3333 257.7778
[48,]  933.3333 1048.8889 524.4444 257.7778
[49,] 3502.2222  488.8889 604.4444 195.5556
[50,] 1253.3333 1093.3333 364.4444 346.6667

