$totdays
[1] 365

$Psampest
[1] 62.31732

$Pbootest
    Mean     2.5%      50%    97.5% 
67.12812 40.55767 66.71160 99.57784 

$Pboots
 [1]  58.83251  40.44344  59.38017  45.59201  64.52604  52.14349  83.23280 108.65688
 [9]  93.03637  91.55988  71.63422  53.10450  43.41697  47.60417  56.55475  73.54039
[17]  80.39510  40.68674  72.05373  66.09487  56.89361  40.52020  76.39017  55.58488
[25]  68.16212  88.29160  51.03967  61.06610  67.34193  76.35631  41.70895  44.09413
[33]  97.56931  58.11908 100.16096  69.30394  58.56210  93.73117  53.94781  53.65027
[41]  47.45703  75.26212  85.87642  67.32834  68.30281  50.30181  87.42259  77.61552
[49]  91.75002  90.10610

$Bboots
 [1] 29.15169 15.87564 28.82033 13.63253 27.41162 28.03777 48.33861 63.91722 63.37724
[10] 53.94542 38.22263 27.19608 16.71026 25.04934 27.01421 43.43394 44.76134 10.84768
[19] 38.84282 41.71263 28.68103 12.42538 40.44786 17.19926 28.29368 48.37271 23.00021
[28] 26.89580 34.20943 42.82001 17.24988 20.90416 60.22174 17.45063 62.58289 35.72178
[37] 23.83633 52.54201 20.31768 30.72328 11.95925 43.38463 50.19092 33.98381 43.47238
[46] 29.80020 45.91294 46.36883 57.24258 48.69565

$Nboots
 [1]  63.03030  47.27273  63.83838  53.33333  70.30303  57.37374  85.65657 108.68687
 [9]  90.10101  92.92929  71.51515  57.77778  48.88889  51.71717  58.58586  74.34343
[17]  85.25253  51.31313  74.74747  65.05051  55.75758  45.25253  80.00000  63.83838
[25]  73.13131  90.50505  56.96970  67.87879  71.11111  77.57576  47.67677  48.88889
[33]  97.37374  65.45455  98.18182  75.15152  67.47475  93.73737  60.20202  54.54545
[41]  57.37374  77.17172  87.67677  73.53535  70.30303  50.90909  88.08081  76.36364
[49]  91.71717  90.50505

$julians
 [1] 1760 1795 1844 1880 1902 1934 1955 1999 2026 2054 2089 2124

$intdays
 [1] 35 49 36 22 32 21 44 27 28 35 35  1

$Pintsampest
 [1] 21.9632499  4.8647593  0.8511699  0.2109212  0.5120376  0.4827697  0.0000000
 [8]  0.0000000  0.0000000  2.3016405 30.3453039  0.7854633

$Pintboots
          [,1]     [,2]      [,3]      [,4]      [,5]      [,6] [,7] [,8] [,9]
 [1,] 20.85690 3.025152 0.3326247 0.2109212 0.5120376 0.4827697    0    0    0
 [2,] 21.05668 4.864759 0.3326247 0.2109212 0.5120376 0.4827697    0    0    0
 [3,] 20.97501 3.025152 0.6652495 0.4218423 0.5120376 0.4827697    0    0    0
 [4,] 14.66574 4.258270 0.8511699 0.2109212 0.0000000 0.0000000    0    0    0
 [5,] 20.68843 5.042730 1.1837946 0.4218423 0.0000000 0.0000000    0    0    0
 [6,] 18.19614 6.300851 1.8882602 0.2109212 0.5120376 0.4827697    0    0    0
 [7,] 25.18981 3.323273 0.6652495 0.4218423 1.0240752 0.9655393    0    0    0
 [8,] 28.87925 5.518822 1.7023398 0.4218423 0.0000000 0.0000000    0    0    0
 [9,] 24.82855 2.694213 0.6652495 0.4218423 1.0240752 0.9655393    0    0    0
[10,] 34.23894 4.438672 0.3326247 0.2109212 1.0240752 0.9655393    0    0    0
[11,] 13.87938 4.363664 0.3326247 0.2109212 0.0000000 0.0000000    0    0    0
[12,] 19.13229 4.235699 0.3326247 0.2109212 1.0240752 0.9655393    0    0    0
[13,] 20.22748 3.807181 0.9978742 0.6327635 0.5120376 0.4827697    0    0    0
[14,] 17.22604 4.082731 0.5185452 0.0000000 0.0000000 0.0000000    0    0    0
[15,] 13.57303 3.323273 0.5185452 0.0000000 0.5120376 0.4827697    0    0    0
[16,] 20.28900 2.669210 0.5185452 0.0000000 0.5120376 0.4827697    0    0    0
[17,] 27.17296 3.910144 0.6652495 0.4218423 0.0000000 0.0000000    0    0    0
[18,] 25.22099 4.842188 0.0000000 0.0000000 0.0000000 0.0000000    0    0    0
[19,] 30.41747 5.293278 0.5185452 0.0000000 0.5120376 0.4827697    0    0    0
[20,] 15.55178 4.130305 1.0370903 0.0000000 0.5120376 0.4827697    0    0    0
[21,] 15.88120 3.904760 0.8511699 0.2109212 0.5120376 0.4827697    0    0    0
[22,] 13.61148 2.193118 0.0000000 0.0000000 0.5120376 0.4827697    0    0    0
[23,] 17.83277 5.340852 1.0370903 0.0000000 0.0000000 0.0000000    0    0    0
[24,] 23.65791 6.681795 1.1837946 0.4218423 0.0000000 0.0000000    0    0    0
[25,] 19.72283 6.882338 0.8511699 0.2109212 0.5120376 0.4827697    0    0    0
[26,] 21.44744 6.704367 1.7023398 0.4218423 1.0240752 0.9655393    0    0    0
[27,] 29.52692 3.428668 0.3326247 0.2109212 0.5120376 0.4827697    0    0    0
[28,] 21.94284 4.210696 0.3326247 0.2109212 0.0000000 0.0000000    0    0    0
[29,] 27.22991 4.711791 1.1837946 0.4218423 0.0000000 0.0000000    0    0    0
[30,] 20.19807 2.218121 0.0000000 0.0000000 0.0000000 0.0000000    0    0    0
[31,] 23.78782 1.564057 0.0000000 0.0000000 0.5120376 0.4827697    0    0    0
[32,] 24.77646 2.516242 0.6652495 0.4218423 0.0000000 0.0000000    0    0    0
[33,] 24.80098 5.017728 0.8511699 0.2109212 0.5120376 0.4827697    0    0    0
[34,] 24.95516 8.270855 0.8511699 0.2109212 0.5120376 0.4827697    0    0    0
[35,] 28.87699 6.100309 0.0000000 0.0000000 0.5120376 0.4827697    0    0    0
[36,] 28.60417 7.463824 0.3326247 0.2109212 1.0240752 0.9655393    0    0    0
[37,] 32.86444 4.864759 0.5185452 0.0000000 0.0000000 0.0000000    0    0    0
[38,] 28.74269 8.117887 0.5185452 0.0000000 1.0240752 0.9655393    0    0    0
[39,] 24.28517 5.599214 0.3326247 0.2109212 0.5120376 0.4827697    0    0    0
[40,] 15.95849 4.258270 0.5185452 0.0000000 1.0240752 0.9655393    0    0    0
[41,] 20.03885 3.606638 0.3326247 0.2109212 0.0000000 0.0000000    0    0    0
[42,] 21.24758 5.468817 1.1837946 0.4218423 0.5120376 0.4827697    0    0    0
[43,] 24.66707 6.551399 1.1837946 0.4218423 1.0240752 0.9655393    0    0    0
[44,] 26.87559 2.694213 0.8511699 0.2109212 0.5120376 0.4827697    0    0    0
[45,] 21.46363 2.669210 1.1837946 0.4218423 0.5120376 0.4827697    0    0    0
[46,] 14.90422 3.451239 1.0370903 0.0000000 1.0240752 0.9655393    0    0    0
[47,] 23.89413 6.456250 0.3326247 0.2109212 1.0240752 0.9655393    0    0    0
[48,] 21.32257 5.293278 0.3326247 0.2109212 0.5120376 0.4827697    0    0    0
[49,] 21.96552 3.654212 2.0349645 0.6327635 0.0000000 0.0000000    0    0    0
[50,] 24.77819 6.729369 0.8511699 0.2109212 0.5120376 0.4827697    0    0    0
          [,10]     [,11]     [,12]
 [1,] 2.3016405 30.345304 0.7651673
 [2,] 2.3016405 10.167542 0.5144615
 [3,] 2.9422019 29.597999 0.7579131
 [4,] 1.4711010 23.568643 0.5661607
 [5,] 3.7727415 32.625680 0.7908243
 [6,] 0.0000000 23.917197 0.6353198
 [7,] 2.3016405 48.270731 1.0706313
 [8,] 2.9422019 67.807808 1.3846080
 [9,] 0.8305395 60.389586 1.2167802
[10,] 1.4711010 47.649196 1.2288021
[11,] 3.1321800 48.845074 0.8703820
[12,] 1.4711010 25.065288 0.6669668
[13,] 3.1321800 13.088603 0.5360742
[14,] 0.0000000 25.143867 0.6329873
[15,] 3.7727415 33.698537 0.6738174
[16,] 2.3016405 45.817392 0.9497979
[17,] 1.6610791 45.491840 1.0719801
[18,] 2.3016405  7.761396 0.5605227
[19,] 2.3016405 31.571973 0.9560198
[20,] 1.6610791 41.906216 0.8135876
[21,] 7.3555048 27.062738 0.6325065
[22,] 3.7727415 19.453118 0.4949379
[23,] 0.0000000 51.206778 0.9726798
[24,] 2.9422019 20.011061 0.6862733
[25,] 3.7727415 34.925206 0.8020994
[26,] 1.4711010 53.487155 1.0677384
[27,] 2.9422019 12.899241 0.7042851
[28,] 0.8305395 32.723409 0.8150684
[29,] 3.1321800 29.787361 0.8750464
[30,] 2.3016405 50.629685 1.0087960
[31,] 2.3016405 12.467069 0.5935532
[32,] 2.4916186 12.609239 0.6134819
[33,] 0.0000000 64.426533 1.2671662
[34,] 5.2438424 16.921201 0.6711190
[35,] 2.4916186 60.405986 1.2912554
[36,] 0.0000000 29.802348 0.9004460
[37,] 1.6610791 17.825663 0.8276167
[38,] 3.1321800 50.071743 1.1585131
[39,] 2.3016405 19.531696 0.6917373
[40,] 2.9422019 27.345665 0.6374911
[41,] 1.4711010 21.162496 0.6343973
[42,] 2.4916186 42.527751 0.9259122
[43,] 0.0000000 49.980109 1.0825908
[44,] 0.8305395 33.950078 0.9210236
[45,] 0.0000000 40.663147 0.9063697
[46,] 2.4916186 25.828993 0.5990308
[47,] 3.9627196 49.513800 1.0625328
[48,] 3.1321800 45.366070 0.9630691
[49,] 1.4711010 60.821759 1.1697061
[50,] 4.4133029 51.030472 1.0978708

$Bdatesampinfo
       DATE JULIAN N      Mean      Stdev
1  10/26/10   1760 5 128.14810 181.161326
2  11/30/10   1795 5  35.83881  28.672850
3  01/18/11   1844 5  15.03586  33.621198
4  02/23/11   1880 5   2.00324   4.479381
5  03/17/11   1902 5   0.00000   0.000000
6  04/18/11   1934 5  15.03586  33.621198
7  05/09/11   1955 5   0.00000   0.000000
8  06/22/11   1999 5   0.00000   0.000000
9  07/19/11   2026 5   0.00000   0.000000
10 08/16/11   2054 5   0.00000   0.000000
11 09/20/11   2089 5  15.03000  20.883117
12 10/25/11   2124 5 391.12895 689.260733

$Ndatesampinfo
       DATE JULIAN N       Mean     Stdev
1  10/26/10   1760 5 595.555556 295.81442
2  11/30/10   1795 5  88.888889  83.14794
3  01/18/11   1844 5   8.888889  19.87616
4  02/23/11   1880 5   8.888889  19.87616
5  03/17/11   1902 5   0.000000   0.00000
6  04/18/11   1934 5   8.888889  19.87616
7  05/09/11   1955 5   0.000000   0.00000
8  06/22/11   1999 5   0.000000   0.00000
9  07/19/11   2026 5   0.000000   0.00000
10 08/16/11   2054 5   0.000000   0.00000
11 09/20/11   2089 5  26.666667  39.75232
12 10/25/11   2124 5 577.777778 754.90168

$Bdateboots
           [,1]     [,2]     [,3]    [,4] [,5]     [,6] [,7] [,8] [,9] [,10]     [,11]
 [1,] 126.41175 29.82909  0.00000 2.00324    0 15.03586    0    0    0     0 15.029997
 [2,]  58.08472 50.87466  0.00000 2.00324    0 15.03586    0    0    0     0 15.029997
 [3,] 128.14810 29.82909  0.00000 4.00648    0 15.03586    0    0    0     0 17.033237
 [4,]  38.58918 47.63874 15.03586 2.00324    0  0.00000    0    0    0     0  8.516619
 [5,]  58.08472 24.80943 15.03586 4.00648    0  0.00000    0    0    0     0 23.546616
 [6,]  47.00094 24.80943 45.10757 2.00324    0 15.03586    0    0    0     0  0.000000
 [7,] 141.10013 64.14991  0.00000 4.00648    0 30.07171    0    0    0     0 15.029997
 [8,] 216.23757 33.06502 30.07171 4.00648    0  0.00000    0    0    0     0 17.033237
 [9,] 209.56215 49.11405  0.00000 4.00648    0 30.07171    0    0    0     0  6.513379
[10,] 365.71176 22.03564  0.00000 2.00324    0 30.07171    0    0    0     0  8.516619
[11,]  35.25148 30.35702  0.00000 2.00324    0  0.00000    0    0    0     0 21.543376
[12,]  51.54121 35.83881  0.00000 2.00324    0 30.07171    0    0    0     0  8.516619
[13,] 124.81039 36.60936  0.00000 6.00972    0 15.03586    0    0    0     0 21.543376
[14,]  49.93985 29.05854 15.03586 0.00000    0  0.00000    0    0    0     0  0.000000
[15,]  36.58594 49.11405 15.03586 0.00000    0 15.03586    0    0    0     0 23.546616
[16,] 129.88445 36.85199 15.03586 0.00000    0 15.03586    0    0    0     0 15.029997
[17,] 146.17418 33.90136  0.00000 4.00648    0  0.00000    0    0    0     0 13.026758
[18,]  71.30364 24.03888  0.00000 0.00000    0  0.00000    0    0    0     0 15.029997
[19,] 286.03406 35.06826 15.03586 0.00000    0 15.03586    0    0    0     0 15.029997
[20,]  43.66324 38.08467 30.07171 0.00000    0 15.03586    0    0    0     0 13.026758
[21,]  43.66324 40.08791 15.03586 2.00324    0 15.03586    0    0    0     0 42.583093
[22,]  40.32553 28.59640  0.00000 0.00000    0 15.03586    0    0    0     0 23.546616
[23,]  48.47040 44.09439 30.07171 0.00000    0  0.00000    0    0    0     0  0.000000
[24,] 128.41499 30.04860 15.03586 4.00648    0  0.00000    0    0    0     0 17.033237
[25,]  50.20674 45.85501 15.03586 2.00324    0 15.03586    0    0    0     0 23.546616
[26,] 123.07405 41.84853 30.07171 4.00648    0 30.07171    0    0    0     0  8.516619
[27,] 287.77040 31.83233  0.00000 2.00324    0 15.03586    0    0    0     0 17.033237
[28,] 128.14810 38.61260  0.00000 2.00324    0  0.00000    0    0    0     0  6.513379
[29,] 211.16351 44.09439 15.03586 4.00648    0  0.00000    0    0    0     0 21.543376
[30,] 126.41175 25.82261  0.00000 0.00000    0  0.00000    0    0    0     0 15.029997
[31,] 207.82581 13.56054  0.00000 0.00000    0 15.03586    0    0    0     0 15.029997
[32,] 208.09270 60.14343  0.00000 4.00648    0  0.00000    0    0    0     0 19.540136
[33,] 203.01865 27.58322 15.03586 2.00324    0 15.03586    0    0    0     0  0.000000
[34,] 128.41499 40.83535 15.03586 2.00324    0 15.03586    0    0    0     0 32.063235
[35,] 211.16351 54.11059  0.00000 0.00000    0 15.03586    0    0    0     0 19.540136
[36,] 207.82581 51.86473  0.00000 2.00324    0 30.07171    0    0    0     0  0.000000
[37,] 295.91527 35.83881 15.03586 0.00000    0  0.00000    0    0    0     0 13.026758
[38,] 209.56215 49.09093 15.03586 0.00000    0 30.07171    0    0    0     0 21.543376
[39,] 197.94459 33.59294  0.00000 2.00324    0 15.03586    0    0    0     0 15.029997
[40,]  43.39634 47.63874 15.03586 0.00000    0 30.07171    0    0    0     0 17.033237
[41,] 121.60460 20.80295  0.00000 2.00324    0  0.00000    0    0    0     0  8.516619
[42,]  58.35161 53.64846 15.03586 4.00648    0 15.03586    0    0    0     0 19.540136
[43,] 199.68094 65.13997 15.03586 4.00648    0 30.07171    0    0    0     0  0.000000
[44,] 215.97067 34.07819 15.03586 2.00324    0 15.03586    0    0    0     0  6.513379
[45,] 132.95526 36.85199 15.03586 4.00648    0 15.03586    0    0    0     0  0.000000
[46,]  45.13269 28.59640 30.07171 0.00000    0 30.07171    0    0    0     0 19.540136
[47,] 129.88445 32.05184  0.00000 2.00324    0 30.07171    0    0    0     0 28.056755
[48,] 123.07405 50.10411  0.00000 2.00324    0 15.03586    0    0    0     0 21.543376
[49,] 133.22215 14.79323 30.07171 6.00972    0  0.00000    0    0    0     0  8.516619
[50,] 132.95526 54.11059 15.03586 2.00324    0 15.03586    0    0    0     0 25.549856
           [,12]
 [1,]  391.12895
 [2,]  125.29180
 [3,]  374.08986
 [4,]  114.93756
 [5,]  410.17409
 [6,]  395.91773
 [7,]  695.83307
 [8,] 1021.58837
 [9,] 1005.32597
[10,]  695.83307
[11,]  697.83911
[12,]  393.91168
[13,]   84.41879
[14,]  412.95682
[15,]  352.26199
[16,]  661.75488
[17,]  736.70608
[18,]   89.20756
[19,]  408.16805
[20,]  681.57671
[21,]  357.82745
[22,]   98.67516
[23,]  693.05034
[24,]  117.72029
[25,]  369.30109
[26,]  712.09548
[27,]   86.42483
[28,]  369.30109
[29,]  372.08382
[30,]  733.92335
[31,]   84.41879
[32,]   84.41879
[33,] 1002.54324
[34,]   45.55183
[35,]  988.28687
[36,]  410.17409
[37,]  100.68120
[38,]  714.87821
[39,]  117.72029
[40,]  412.95682
[41,]   78.85333
[42,]  681.57671
[43,]  676.01125
[44,]  386.34018
[45,]  681.57671
[46,]  393.91168
[47,]  695.83307
[48,]  719.66698
[49,] 1007.33201
[50,]  714.87821

$Ndateboots
          [,1]      [,2]      [,3]      [,4] [,5]      [,6] [,7] [,8] [,9] [,10]
 [1,] 595.5556  62.22222  0.000000  8.888889    0  8.888889    0    0    0     0
 [2,] 604.4444  97.77778  0.000000  8.888889    0  8.888889    0    0    0     0
 [3,] 595.5556  62.22222  0.000000 17.777778    0  8.888889    0    0    0     0
 [4,] 417.7778  71.11111  8.888889  8.888889    0  0.000000    0    0    0     0
 [5,] 604.4444  97.77778  8.888889 17.777778    0  0.000000    0    0    0     0
 [6,] 524.4444  97.77778 26.666667  8.888889    0  8.888889    0    0    0     0
 [7,] 737.7778  53.33333  0.000000 17.777778    0 17.777778    0    0    0     0
 [8,] 782.2222  88.88889 17.777778 17.777778    0  0.000000    0    0    0     0
 [9,] 675.5556  44.44444  0.000000 17.777778    0 17.777778    0    0    0     0
[10,] 844.4444  97.77778  0.000000  8.888889    0 17.777778    0    0    0     0
[11,] 364.4444  97.77778  0.000000  8.888889    0  0.000000    0    0    0     0
[12,] 560.0000  88.88889  0.000000  8.888889    0 17.777778    0    0    0     0
[13,] 542.2222  80.00000  0.000000 26.666667    0  8.888889    0    0    0     0
[14,] 506.6667  71.11111  8.888889  0.000000    0  0.000000    0    0    0     0
[15,] 408.8889  44.44444  8.888889  0.000000    0  8.888889    0    0    0     0
[16,] 595.5556  35.55556  8.888889  0.000000    0  8.888889    0    0    0     0
[17,] 791.1111  88.88889  0.000000 17.777778    0  0.000000    0    0    0     0
[18,] 755.5556 106.66667  0.000000  0.000000    0  0.000000    0    0    0     0
[19,] 764.4444  97.77778  8.888889  0.000000    0  8.888889    0    0    0     0
[20,] 471.1111  53.33333 17.777778  0.000000    0  8.888889    0    0    0     0
[21,] 471.1111  62.22222  8.888889  8.888889    0  8.888889    0    0    0     0
[22,] 417.7778  44.44444  0.000000  0.000000    0  8.888889    0    0    0     0
[23,] 515.5556  80.00000 17.777778  0.000000    0  0.000000    0    0    0     0
[24,] 604.4444 133.33333  8.888889 17.777778    0  0.000000    0    0    0     0
[25,] 515.5556 133.33333  8.888889  8.888889    0  8.888889    0    0    0     0
[26,] 542.2222 115.55556 17.777778 17.777778    0 17.777778    0    0    0     0
[27,] 764.4444  71.11111  0.000000  8.888889    0  8.888889    0    0    0     0
[28,] 595.5556  88.88889  0.000000  8.888889    0  0.000000    0    0    0     0
[29,] 728.8889  80.00000  8.888889 17.777778    0  0.000000    0    0    0     0
[30,] 595.5556  44.44444  0.000000  0.000000    0  0.000000    0    0    0     0
[31,] 675.5556  35.55556  0.000000  0.000000    0  8.888889    0    0    0     0
[32,] 684.4444  35.55556  0.000000 17.777778    0  0.000000    0    0    0     0
[33,] 631.1111  97.77778  8.888889  8.888889    0  8.888889    0    0    0     0
[34,] 604.4444 168.88889  8.888889  8.888889    0  8.888889    0    0    0     0
[35,] 728.8889 124.44444  0.000000  0.000000    0  8.888889    0    0    0     0
[36,] 675.5556 160.00000  0.000000  8.888889    0 17.777778    0    0    0     0
[37,] 862.2222  88.88889  8.888889  0.000000    0  0.000000    0    0    0     0
[38,] 675.5556 160.00000  8.888889  0.000000    0 17.777778    0    0    0     0
[39,] 577.7778 124.44444  0.000000  8.888889    0  8.888889    0    0    0     0
[40,] 462.2222  71.11111  8.888889  0.000000    0 17.777778    0    0    0     0
[41,] 551.1111  80.00000  0.000000  8.888889    0  0.000000    0    0    0     0
[42,] 613.3333  97.77778  8.888889 17.777778    0  8.888889    0    0    0     0
[43,] 577.7778 115.55556  8.888889 17.777778    0 17.777778    0    0    0     0
[44,] 773.3333  35.55556  8.888889  8.888889    0  8.888889    0    0    0     0
[45,] 640.0000  35.55556  8.888889 17.777778    0  8.888889    0    0    0     0
[46,] 462.2222  44.44444 17.777778  0.000000    0 17.777778    0    0    0     0
[47,] 595.5556 142.22222  0.000000  8.888889    0 17.777778    0    0    0     0
[48,] 542.2222 106.66667  0.000000  8.888889    0  8.888889    0    0    0     0
[49,] 648.8889  53.33333 17.777778 26.666667    0  0.000000    0    0    0     0
[50,] 640.0000 124.44444  8.888889  8.888889    0  8.888889    0    0    0     0
          [,11]     [,12]
 [1,] 26.666667  577.7778
 [2,] 26.666667  151.1111
 [3,] 35.555556  560.0000
 [4,] 17.777778  542.2222
 [5,] 44.444444  604.4444
 [6,]  0.000000  453.3333
 [7,] 26.666667  915.5556
 [8,] 35.555556 1288.8889
 [9,]  8.888889 1128.8889
[10,] 17.777778  915.5556
[11,] 35.555556  924.4444
[12,] 17.777778  444.4444
[13,] 35.555556  231.1111
[14,]  0.000000  471.1111
[15,] 44.444444  666.6667
[16,] 26.666667  880.0000
[17,] 17.777778  835.5556
[18,] 26.666667  106.6667
[19,] 26.666667  595.5556
[20,] 17.777778  764.4444
[21,] 88.888889  400.0000
[22,] 44.444444  382.2222
[23,]  0.000000 1048.8889
[24,] 35.555556  408.8889
[25,] 44.444444  684.4444
[26,] 17.777778 1075.5556
[27,] 35.555556  240.0000
[28,]  8.888889  684.4444
[29,] 35.555556  551.1111
[30,] 26.666667  968.8889
[31,] 26.666667  231.1111
[32,] 26.666667  231.1111
[33,]  0.000000 1262.2222
[34,] 62.222222  320.0000
[35,] 26.666667 1111.1111
[36,]  0.000000  604.4444
[37,] 17.777778  391.1111
[38,] 35.555556  942.2222
[39,] 26.666667  408.8889
[40,] 35.555556  471.1111
[41,] 17.777778  497.7778
[42,] 26.666667  764.4444
[43,]  0.000000 1031.1111
[44,]  8.888889  702.2222
[45,]  0.000000  764.4444
[46,] 26.666667  444.4444
[47,] 44.444444  915.5556
[48,] 35.555556  817.7778
[49,] 17.777778 1137.7778
[50,] 53.333333  942.2222

