$totdays
[1] 365

$Psampest
[1] 0.3509098

$Pbootest
      Mean       2.5%        50%      97.5% 
0.36195349 0.05137295 0.34246765 0.78972622 

$Pboots
 [1] 0.23218018 0.49330645 0.48486428 0.14239663 0.34246765 0.11872964 0.37457681
 [8] 0.20851318 0.18128845 0.07778364 0.52897334 0.34246765 0.14239663 0.15083879
[15] 0.04567449 0.39658431 0.23896284 0.24740501 0.14239663 0.35090982 0.35935198
[22] 0.46963945 0.02366699 0.33568499 0.78844012 0.55098084 0.98338797 0.55942300
[29] 0.07100097 0.43391069 0.15762146 0.36463108 0.79009961 0.43391069 0.76281301
[36] 0.46285679 0.74592869 0.34246765 0.24906450 0.23218018 0.22373801 0.49164695
[43] 0.24740501 0.61875689 0.31201799 0.35769248 0.33568499 0.44235285 0.45441462
[50] 0.25418767

$Bboots
 [1] 0.068759833 0.133356433 0.131274817 0.035420724 0.095854093 0.029175876 0.104180557
 [8] 0.062514984 0.045828805 0.020816162 0.152124228 0.095854093 0.035420724 0.037502341
[15] 0.012489697 0.110425406 0.070841449 0.072923065 0.035420724 0.097935709 0.100017325
[22] 0.127111585 0.006244848 0.093772476 0.216720829 0.158369077 0.275072581 0.160450693
[29] 0.018734545 0.129193201 0.039583957 0.089609244 0.216720829 0.129193201 0.220884061
[36] 0.125029969 0.216720829 0.095854093 0.072923065 0.068759833 0.066678217 0.133356433
[43] 0.072923065 0.185463337 0.087527628 0.100017325 0.093772476 0.131274817 0.122948352
[50] 0.075004681

$Nboots
 [1] 3.6363636 6.4646465 6.0606061 2.0202020 4.0404040 0.8080808 5.6565657 2.4242424
 [9] 4.0404040 4.0404040 5.2525253 4.0404040 2.0202020 2.4242424 2.4242424 6.8686869
[17] 4.0404040 4.4444444 2.0202020 4.4444444 4.8484848 5.2525253 1.2121212 3.6363636
[25] 8.0808081 6.4646465 9.6969697 6.8686869 3.6363636 5.6565657 2.8282828 2.8282828
[33] 8.0808081 5.6565657 8.8888889 4.8484848 8.0808081 4.0404040 4.4444444 3.6363636
[41] 3.2323232 6.4646465 4.4444444 6.8686869 2.4242424 4.8484848 3.6363636 6.0606061
[49] 4.4444444 4.8484848

$julians
 [1] 1760 1795 1844 1880 1902 1934 1955 1999 2026 2054 2089 2124

$intdays
 [1] 35 49 36 22 32 21 44 27 28 35 35  1

$Pintsampest
 [1] 0.0083226575 0.0000000000 0.1199376601 0.0733506946 0.0000000000 0.0000000000
 [7] 0.0000000000 0.0000000000 0.0135777304 0.0759910720 0.0587730155 0.0009569854

$Pintboots
             [,1] [,2]      [,3]       [,4] [,5] [,6] [,7] [,8]        [,9]       [,10]
 [1,] 0.008322657    0 0.1199377 0.07335069    0    0    0    0 0.013577730 0.016871930
 [2,] 0.016645315    0 0.1199377 0.07335069    0    0    0    0 0.020366596 0.143546179
 [3,] 0.008322657    0 0.1199377 0.07335069    0    0    0    0 0.020366596 0.143546179
 [4,] 0.008322657    0 0.0000000 0.00000000    0    0    0    0 0.006788865 0.067555107
 [5,] 0.000000000    0 0.1199377 0.07335069    0    0    0    0 0.013577730 0.075991072
 [6,] 0.000000000    0 0.0000000 0.00000000    0    0    0    0 0.000000000 0.059119143
 [7,] 0.016645315    0 0.1199377 0.07335069    0    0    0    0 0.020366596 0.084427037
 [8,] 0.000000000    0 0.1199377 0.07335069    0    0    0    0 0.006788865 0.008435965
 [9,] 0.016645315    0 0.0000000 0.00000000    0    0    0    0 0.020366596 0.084427037
[10,] 0.016645315    0 0.0000000 0.00000000    0    0    0    0 0.027155461 0.033743859
[11,] 0.008322657    0 0.2398753 0.14670139    0    0    0    0 0.006788865 0.067555107
[12,] 0.000000000    0 0.1199377 0.07335069    0    0    0    0 0.013577730 0.075991072
[13,] 0.008322657    0 0.0000000 0.00000000    0    0    0    0 0.006788865 0.067555107
[14,] 0.016645315    0 0.0000000 0.00000000    0    0    0    0 0.006788865 0.067555107
[15,] 0.000000000    0 0.0000000 0.00000000    0    0    0    0 0.020366596 0.025307894
[16,] 0.008322657    0 0.1199377 0.07335069    0    0    0    0 0.033944326 0.101298966
[17,] 0.000000000    0 0.1199377 0.07335069    0    0    0    0 0.020366596 0.025307894
[18,] 0.008322657    0 0.1199377 0.07335069    0    0    0    0 0.020366596 0.025307894
[19,] 0.008322657    0 0.0000000 0.00000000    0    0    0    0 0.006788865 0.067555107
[20,] 0.008322657    0 0.1199377 0.07335069    0    0    0    0 0.013577730 0.075991072
[21,] 0.016645315    0 0.1199377 0.07335069    0    0    0    0 0.013577730 0.075991072
[22,] 0.008322657    0 0.1199377 0.07335069    0    0    0    0 0.013577730 0.135110215
[23,] 0.008322657    0 0.0000000 0.00000000    0    0    0    0 0.006788865 0.008435965
[24,] 0.008322657    0 0.1199377 0.07335069    0    0    0    0 0.006788865 0.067555107
[25,] 0.000000000    0 0.2398753 0.14670139    0    0    0    0 0.020366596 0.202665322
[26,] 0.000000000    0 0.2398753 0.14670139    0    0    0    0 0.020366596 0.084427037
[27,] 0.016645315    0 0.3598130 0.22005208    0    0    0    0 0.013577730 0.194229357
[28,] 0.008322657    0 0.2398753 0.14670139    0    0    0    0 0.020366596 0.084427037
[29,] 0.024967972    0 0.0000000 0.00000000    0    0    0    0 0.020366596 0.025307894
[30,] 0.016645315    0 0.2398753 0.14670139    0    0    0    0 0.013577730 0.016871930
[31,] 0.008322657    0 0.0000000 0.00000000    0    0    0    0 0.013577730 0.075991072
[32,] 0.008322657    0 0.0000000 0.00000000    0    0    0    0 0.000000000 0.177357428
[33,] 0.016645315    0 0.2398753 0.14670139    0    0    0    0 0.013577730 0.194229357
[34,] 0.016645315    0 0.2398753 0.14670139    0    0    0    0 0.013577730 0.016871930
[35,] 0.033290630    0 0.3598130 0.22005208    0    0    0    0 0.013577730 0.075991072
[36,] 0.016645315    0 0.1199377 0.07335069    0    0    0    0 0.006788865 0.126674250
[37,] 0.016645315    0 0.3598130 0.22005208    0    0    0    0 0.013577730 0.075991072
[38,] 0.000000000    0 0.1199377 0.07335069    0    0    0    0 0.013577730 0.075991072
[39,] 0.024967972    0 0.1199377 0.07335069    0    0    0    0 0.013577730 0.016871930
[40,] 0.008322657    0 0.1199377 0.07335069    0    0    0    0 0.013577730 0.016871930
[41,] 0.000000000    0 0.1199377 0.07335069    0    0    0    0 0.013577730 0.016871930
[42,] 0.000000000    0 0.1199377 0.07335069    0    0    0    0 0.027155461 0.151982144
[43,] 0.008322657    0 0.1199377 0.07335069    0    0    0    0 0.020366596 0.025307894
[44,] 0.008322657    0 0.3598130 0.22005208    0    0    0    0 0.013577730 0.016871930
[45,] 0.000000000    0 0.1199377 0.07335069    0    0    0    0 0.000000000 0.059119143
[46,] 0.000000000    0 0.1199377 0.07335069    0    0    0    0 0.020366596 0.084427037
[47,] 0.008322657    0 0.1199377 0.07335069    0    0    0    0 0.006788865 0.067555107
[48,] 0.024967972    0 0.2398753 0.14670139    0    0    0    0 0.013577730 0.016871930
[49,] 0.008322657    0 0.1199377 0.07335069    0    0    0    0 0.006788865 0.126674250
[50,] 0.000000000    0 0.1199377 0.07335069    0    0    0    0 0.027155461 0.033743859
           [,11]        [,12]
 [1,] 0.00000000 0.0001195038
 [2,] 0.11754603 0.0019139707
 [3,] 0.11754603 0.0017944669
 [4,] 0.05877302 0.0009569854
 [5,] 0.05877302 0.0008374815
 [6,] 0.05877302 0.0008374815
 [7,] 0.05877302 0.0010764892
 [8,] 0.00000000 0.0000000000
 [9,] 0.05877302 0.0010764892
[10,] 0.00000000 0.0002390077
[11,] 0.05877302 0.0009569854
[12,] 0.05877302 0.0008374815
[13,] 0.05877302 0.0009569854
[14,] 0.05877302 0.0010764892
[15,] 0.00000000 0.0000000000
[16,] 0.05877302 0.0009569854
[17,] 0.00000000 0.0000000000
[18,] 0.00000000 0.0001195038
[19,] 0.05877302 0.0009569854
[20,] 0.05877302 0.0009569854
[21,] 0.05877302 0.0010764892
[22,] 0.11754603 0.0017944669
[23,] 0.00000000 0.0001195038
[24,] 0.05877302 0.0009569854
[25,] 0.17631905 0.0025124445
[26,] 0.05877302 0.0008374815
[27,] 0.17631905 0.0027514522
[28,] 0.05877302 0.0009569854
[29,] 0.00000000 0.0003585115
[30,] 0.00000000 0.0002390077
[31,] 0.05877302 0.0009569854
[32,] 0.17631905 0.0026319484
[33,] 0.17631905 0.0027514522
[34,] 0.00000000 0.0002390077
[35,] 0.05877302 0.0013154969
[36,] 0.11754603 0.0019139707
[37,] 0.05877302 0.0010764892
[38,] 0.05877302 0.0008374815
[39,] 0.00000000 0.0003585115
[40,] 0.00000000 0.0001195038
[41,] 0.00000000 0.0000000000
[42,] 0.11754603 0.0016749630
[43,] 0.00000000 0.0001195038
[44,] 0.00000000 0.0001195038
[45,] 0.05877302 0.0008374815
[46,] 0.05877302 0.0008374815
[47,] 0.05877302 0.0009569854
[48,] 0.00000000 0.0003585115
[49,] 0.11754603 0.0017944669
[50,] 0.00000000 0.0000000000

$Bdatesampinfo
       DATE JULIAN N       Mean     Stdev
1  10/26/10   1760 5 0.04579556 0.1024020
2  11/30/10   1795 5 0.00000000 0.0000000
3  01/18/11   1844 5 0.00000000 0.0000000
4  02/23/11   1880 5 0.64186927 1.4352633
5  03/17/11   1902 5 0.00000000 0.0000000
6  04/18/11   1934 5 0.00000000 0.0000000
7  05/09/11   1955 5 0.00000000 0.0000000
8  06/22/11   1999 5 0.00000000 0.0000000
9  07/19/11   2026 5 0.00000000 0.0000000
10 08/16/11   2054 5 0.09159111 0.1254163
11 09/20/11   2089 5 0.32093464 0.7176317
12 10/25/11   2124 5 0.00000000 0.0000000

$Ndatesampinfo
       DATE JULIAN N      Mean    Stdev
1  10/26/10   1760 5  8.888889 19.87616
2  11/30/10   1795 5  0.000000  0.00000
3  01/18/11   1844 5  0.000000  0.00000
4  02/23/11   1880 5 17.777778 39.75232
5  03/17/11   1902 5  0.000000  0.00000
6  04/18/11   1934 5  0.000000  0.00000
7  05/09/11   1955 5  0.000000  0.00000
8  06/22/11   1999 5  0.000000  0.00000
9  07/19/11   2026 5  0.000000  0.00000
10 08/16/11   2054 5 17.777778 24.34322
11 09/20/11   2089 5  8.888889 19.87616
12 10/25/11   2124 5  0.000000  0.00000

$Bdateboots
            [,1] [,2] [,3]      [,4] [,5] [,6] [,7] [,8] [,9]      [,10]     [,11]
 [1,] 0.04579556    0    0 0.6418693    0    0    0    0    0 0.09159111 0.0000000
 [2,] 0.09159111    0    0 0.6418693    0    0    0    0    0 0.13738667 0.6418693
 [3,] 0.04579556    0    0 0.6418693    0    0    0    0    0 0.13738667 0.6418693
 [4,] 0.04579556    0    0 0.0000000    0    0    0    0    0 0.04579556 0.3209346
 [5,] 0.00000000    0    0 0.6418693    0    0    0    0    0 0.09159111 0.3209346
 [6,] 0.00000000    0    0 0.0000000    0    0    0    0    0 0.00000000 0.3209346
 [7,] 0.09159111    0    0 0.6418693    0    0    0    0    0 0.13738667 0.3209346
 [8,] 0.00000000    0    0 0.6418693    0    0    0    0    0 0.04579556 0.0000000
 [9,] 0.09159111    0    0 0.0000000    0    0    0    0    0 0.13738667 0.3209346
[10,] 0.09159111    0    0 0.0000000    0    0    0    0    0 0.18318222 0.0000000
[11,] 0.04579556    0    0 1.2837385    0    0    0    0    0 0.04579556 0.3209346
[12,] 0.00000000    0    0 0.6418693    0    0    0    0    0 0.09159111 0.3209346
[13,] 0.04579556    0    0 0.0000000    0    0    0    0    0 0.04579556 0.3209346
[14,] 0.09159111    0    0 0.0000000    0    0    0    0    0 0.04579556 0.3209346
[15,] 0.00000000    0    0 0.0000000    0    0    0    0    0 0.13738667 0.0000000
[16,] 0.04579556    0    0 0.6418693    0    0    0    0    0 0.22897778 0.3209346
[17,] 0.00000000    0    0 0.6418693    0    0    0    0    0 0.13738667 0.0000000
[18,] 0.04579556    0    0 0.6418693    0    0    0    0    0 0.13738667 0.0000000
[19,] 0.04579556    0    0 0.0000000    0    0    0    0    0 0.04579556 0.3209346
[20,] 0.04579556    0    0 0.6418693    0    0    0    0    0 0.09159111 0.3209346
[21,] 0.09159111    0    0 0.6418693    0    0    0    0    0 0.09159111 0.3209346
[22,] 0.04579556    0    0 0.6418693    0    0    0    0    0 0.09159111 0.6418693
[23,] 0.04579556    0    0 0.0000000    0    0    0    0    0 0.04579556 0.0000000
[24,] 0.04579556    0    0 0.6418693    0    0    0    0    0 0.04579556 0.3209346
[25,] 0.00000000    0    0 1.2837385    0    0    0    0    0 0.13738667 0.9628039
[26,] 0.00000000    0    0 1.2837385    0    0    0    0    0 0.13738667 0.3209346
[27,] 0.09159111    0    0 1.9256078    0    0    0    0    0 0.09159111 0.9628039
[28,] 0.04579556    0    0 1.2837385    0    0    0    0    0 0.13738667 0.3209346
[29,] 0.13738667    0    0 0.0000000    0    0    0    0    0 0.13738667 0.0000000
[30,] 0.09159111    0    0 1.2837385    0    0    0    0    0 0.09159111 0.0000000
[31,] 0.04579556    0    0 0.0000000    0    0    0    0    0 0.09159111 0.3209346
[32,] 0.04579556    0    0 0.0000000    0    0    0    0    0 0.00000000 0.9628039
[33,] 0.09159111    0    0 1.2837385    0    0    0    0    0 0.09159111 0.9628039
[34,] 0.09159111    0    0 1.2837385    0    0    0    0    0 0.09159111 0.0000000
[35,] 0.18318222    0    0 1.9256078    0    0    0    0    0 0.09159111 0.3209346
[36,] 0.09159111    0    0 0.6418693    0    0    0    0    0 0.04579556 0.6418693
[37,] 0.09159111    0    0 1.9256078    0    0    0    0    0 0.09159111 0.3209346
[38,] 0.00000000    0    0 0.6418693    0    0    0    0    0 0.09159111 0.3209346
[39,] 0.13738667    0    0 0.6418693    0    0    0    0    0 0.09159111 0.0000000
[40,] 0.04579556    0    0 0.6418693    0    0    0    0    0 0.09159111 0.0000000
[41,] 0.00000000    0    0 0.6418693    0    0    0    0    0 0.09159111 0.0000000
[42,] 0.00000000    0    0 0.6418693    0    0    0    0    0 0.18318222 0.6418693
[43,] 0.04579556    0    0 0.6418693    0    0    0    0    0 0.13738667 0.0000000
[44,] 0.04579556    0    0 1.9256078    0    0    0    0    0 0.09159111 0.0000000
[45,] 0.00000000    0    0 0.6418693    0    0    0    0    0 0.00000000 0.3209346
[46,] 0.00000000    0    0 0.6418693    0    0    0    0    0 0.13738667 0.3209346
[47,] 0.04579556    0    0 0.6418693    0    0    0    0    0 0.04579556 0.3209346
[48,] 0.13738667    0    0 1.2837385    0    0    0    0    0 0.09159111 0.0000000
[49,] 0.04579556    0    0 0.6418693    0    0    0    0    0 0.04579556 0.6418693
[50,] 0.00000000    0    0 0.6418693    0    0    0    0    0 0.18318222 0.0000000
      [,12]
 [1,]     0
 [2,]     0
 [3,]     0
 [4,]     0
 [5,]     0
 [6,]     0
 [7,]     0
 [8,]     0
 [9,]     0
[10,]     0
[11,]     0
[12,]     0
[13,]     0
[14,]     0
[15,]     0
[16,]     0
[17,]     0
[18,]     0
[19,]     0
[20,]     0
[21,]     0
[22,]     0
[23,]     0
[24,]     0
[25,]     0
[26,]     0
[27,]     0
[28,]     0
[29,]     0
[30,]     0
[31,]     0
[32,]     0
[33,]     0
[34,]     0
[35,]     0
[36,]     0
[37,]     0
[38,]     0
[39,]     0
[40,]     0
[41,]     0
[42,]     0
[43,]     0
[44,]     0
[45,]     0
[46,]     0
[47,]     0
[48,]     0
[49,]     0
[50,]     0

$Ndateboots
           [,1] [,2] [,3]     [,4] [,5] [,6] [,7] [,8] [,9]     [,10]     [,11] [,12]
 [1,]  8.888889    0    0 17.77778    0    0    0    0    0 17.777778  0.000000     0
 [2,] 17.777778    0    0 17.77778    0    0    0    0    0 26.666667 17.777778     0
 [3,]  8.888889    0    0 17.77778    0    0    0    0    0 26.666667 17.777778     0
 [4,]  8.888889    0    0  0.00000    0    0    0    0    0  8.888889  8.888889     0
 [5,]  0.000000    0    0 17.77778    0    0    0    0    0 17.777778  8.888889     0
 [6,]  0.000000    0    0  0.00000    0    0    0    0    0  0.000000  8.888889     0
 [7,] 17.777778    0    0 17.77778    0    0    0    0    0 26.666667  8.888889     0
 [8,]  0.000000    0    0 17.77778    0    0    0    0    0  8.888889  0.000000     0
 [9,] 17.777778    0    0  0.00000    0    0    0    0    0 26.666667  8.888889     0
[10,] 17.777778    0    0  0.00000    0    0    0    0    0 35.555556  0.000000     0
[11,]  8.888889    0    0 35.55556    0    0    0    0    0  8.888889  8.888889     0
[12,]  0.000000    0    0 17.77778    0    0    0    0    0 17.777778  8.888889     0
[13,]  8.888889    0    0  0.00000    0    0    0    0    0  8.888889  8.888889     0
[14,] 17.777778    0    0  0.00000    0    0    0    0    0  8.888889  8.888889     0
[15,]  0.000000    0    0  0.00000    0    0    0    0    0 26.666667  0.000000     0
[16,]  8.888889    0    0 17.77778    0    0    0    0    0 44.444444  8.888889     0
[17,]  0.000000    0    0 17.77778    0    0    0    0    0 26.666667  0.000000     0
[18,]  8.888889    0    0 17.77778    0    0    0    0    0 26.666667  0.000000     0
[19,]  8.888889    0    0  0.00000    0    0    0    0    0  8.888889  8.888889     0
[20,]  8.888889    0    0 17.77778    0    0    0    0    0 17.777778  8.888889     0
[21,] 17.777778    0    0 17.77778    0    0    0    0    0 17.777778  8.888889     0
[22,]  8.888889    0    0 17.77778    0    0    0    0    0 17.777778 17.777778     0
[23,]  8.888889    0    0  0.00000    0    0    0    0    0  8.888889  0.000000     0
[24,]  8.888889    0    0 17.77778    0    0    0    0    0  8.888889  8.888889     0
[25,]  0.000000    0    0 35.55556    0    0    0    0    0 26.666667 26.666667     0
[26,]  0.000000    0    0 35.55556    0    0    0    0    0 26.666667  8.888889     0
[27,] 17.777778    0    0 53.33333    0    0    0    0    0 17.777778 26.666667     0
[28,]  8.888889    0    0 35.55556    0    0    0    0    0 26.666667  8.888889     0
[29,] 26.666667    0    0  0.00000    0    0    0    0    0 26.666667  0.000000     0
[30,] 17.777778    0    0 35.55556    0    0    0    0    0 17.777778  0.000000     0
[31,]  8.888889    0    0  0.00000    0    0    0    0    0 17.777778  8.888889     0
[32,]  8.888889    0    0  0.00000    0    0    0    0    0  0.000000 26.666667     0
[33,] 17.777778    0    0 35.55556    0    0    0    0    0 17.777778 26.666667     0
[34,] 17.777778    0    0 35.55556    0    0    0    0    0 17.777778  0.000000     0
[35,] 35.555556    0    0 53.33333    0    0    0    0    0 17.777778  8.888889     0
[36,] 17.777778    0    0 17.77778    0    0    0    0    0  8.888889 17.777778     0
[37,] 17.777778    0    0 53.33333    0    0    0    0    0 17.777778  8.888889     0
[38,]  0.000000    0    0 17.77778    0    0    0    0    0 17.777778  8.888889     0
[39,] 26.666667    0    0 17.77778    0    0    0    0    0 17.777778  0.000000     0
[40,]  8.888889    0    0 17.77778    0    0    0    0    0 17.777778  0.000000     0
[41,]  0.000000    0    0 17.77778    0    0    0    0    0 17.777778  0.000000     0
[42,]  0.000000    0    0 17.77778    0    0    0    0    0 35.555556 17.777778     0
[43,]  8.888889    0    0 17.77778    0    0    0    0    0 26.666667  0.000000     0
[44,]  8.888889    0    0 53.33333    0    0    0    0    0 17.777778  0.000000     0
[45,]  0.000000    0    0 17.77778    0    0    0    0    0  0.000000  8.888889     0
[46,]  0.000000    0    0 17.77778    0    0    0    0    0 26.666667  8.888889     0
[47,]  8.888889    0    0 17.77778    0    0    0    0    0  8.888889  8.888889     0
[48,] 26.666667    0    0 35.55556    0    0    0    0    0 17.777778  0.000000     0
[49,]  8.888889    0    0 17.77778    0    0    0    0    0  8.888889 17.777778     0
[50,]  0.000000    0    0 17.77778    0    0    0    0    0 35.555556  0.000000     0

