$totdays
[1] 365

$Psampest
[1] 2.167014

$Pbootest
    Mean     2.5%      50%    97.5% 
2.210354 0.000000 2.167014 6.013464 

$Pboots
 [1] 4.334028 2.167014 0.000000 0.000000 2.167014 0.000000 2.167014 4.334028 2.167014
[10] 0.000000 0.000000 4.334028 2.167014 2.167014 2.167014 4.334028 2.167014 2.167014
[19] 2.167014 0.000000 0.000000 0.000000 2.167014 2.167014 0.000000 0.000000 2.167014
[28] 2.167014 2.167014 4.334028 4.334028 2.167014 2.167014 0.000000 2.167014 2.167014
[37] 0.000000 2.167014 4.334028 4.334028 0.000000 2.167014 4.334028 6.501042 4.334028
[46] 2.167014 2.167014 4.334028 0.000000 6.501042

$Bboots
 [1] 0.8057979 0.4028989 0.0000000 0.0000000 0.4028989 0.0000000 0.4028989 0.8057979
 [9] 0.4028989 0.0000000 0.0000000 0.8057979 0.4028989 0.4028989 0.4028989 0.8057979
[17] 0.4028989 0.4028989 0.4028989 0.0000000 0.0000000 0.0000000 0.4028989 0.4028989
[25] 0.0000000 0.0000000 0.4028989 0.4028989 0.4028989 0.8057979 0.8057979 0.4028989
[33] 0.4028989 0.0000000 0.4028989 0.4028989 0.0000000 0.4028989 0.8057979 0.8057979
[41] 0.0000000 0.4028989 0.8057979 1.2086968 0.8057979 0.4028989 0.4028989 0.8057979
[49] 0.0000000 1.2086968

$Nboots
 [1] 12.929293  6.464646  0.000000  0.000000  6.464646  0.000000  6.464646 12.929293
 [9]  6.464646  0.000000  0.000000 12.929293  6.464646  6.464646  6.464646 12.929293
[17]  6.464646  6.464646  6.464646  0.000000  0.000000  0.000000  6.464646  6.464646
[25]  0.000000  0.000000  6.464646  6.464646  6.464646 12.929293 12.929293  6.464646
[33]  6.464646  0.000000  6.464646  6.464646  0.000000  6.464646 12.929293 12.929293
[41]  0.000000  6.464646 12.929293 19.393939 12.929293  6.464646  6.464646 12.929293
[49]  0.000000 19.393939

$julians
 [1] 1760 1795 1844 1880 1902 1934 1955 1999 2026 2054 2089 2124

$intdays
 [1] 35 49 36 22 32 21 44 27 28 35 35  1

$Pintsampest
 [1] 0.0000000 0.0000000 0.0000000 0.0000000 0.0000000 0.0000000 0.0000000 1.1698048
 [9] 0.9972093 0.0000000 0.0000000 0.0000000

$Pintboots
      [,1] [,2] [,3] [,4] [,5] [,6] [,7]     [,8]      [,9] [,10] [,11] [,12]
 [1,]    0    0    0    0    0    0    0 2.339610 1.9944185     0     0     0
 [2,]    0    0    0    0    0    0    0 1.169805 0.9972093     0     0     0
 [3,]    0    0    0    0    0    0    0 0.000000 0.0000000     0     0     0
 [4,]    0    0    0    0    0    0    0 0.000000 0.0000000     0     0     0
 [5,]    0    0    0    0    0    0    0 1.169805 0.9972093     0     0     0
 [6,]    0    0    0    0    0    0    0 0.000000 0.0000000     0     0     0
 [7,]    0    0    0    0    0    0    0 1.169805 0.9972093     0     0     0
 [8,]    0    0    0    0    0    0    0 2.339610 1.9944185     0     0     0
 [9,]    0    0    0    0    0    0    0 1.169805 0.9972093     0     0     0
[10,]    0    0    0    0    0    0    0 0.000000 0.0000000     0     0     0
[11,]    0    0    0    0    0    0    0 0.000000 0.0000000     0     0     0
[12,]    0    0    0    0    0    0    0 2.339610 1.9944185     0     0     0
[13,]    0    0    0    0    0    0    0 1.169805 0.9972093     0     0     0
[14,]    0    0    0    0    0    0    0 1.169805 0.9972093     0     0     0
[15,]    0    0    0    0    0    0    0 1.169805 0.9972093     0     0     0
[16,]    0    0    0    0    0    0    0 2.339610 1.9944185     0     0     0
[17,]    0    0    0    0    0    0    0 1.169805 0.9972093     0     0     0
[18,]    0    0    0    0    0    0    0 1.169805 0.9972093     0     0     0
[19,]    0    0    0    0    0    0    0 1.169805 0.9972093     0     0     0
[20,]    0    0    0    0    0    0    0 0.000000 0.0000000     0     0     0
[21,]    0    0    0    0    0    0    0 0.000000 0.0000000     0     0     0
[22,]    0    0    0    0    0    0    0 0.000000 0.0000000     0     0     0
[23,]    0    0    0    0    0    0    0 1.169805 0.9972093     0     0     0
[24,]    0    0    0    0    0    0    0 1.169805 0.9972093     0     0     0
[25,]    0    0    0    0    0    0    0 0.000000 0.0000000     0     0     0
[26,]    0    0    0    0    0    0    0 0.000000 0.0000000     0     0     0
[27,]    0    0    0    0    0    0    0 1.169805 0.9972093     0     0     0
[28,]    0    0    0    0    0    0    0 1.169805 0.9972093     0     0     0
[29,]    0    0    0    0    0    0    0 1.169805 0.9972093     0     0     0
[30,]    0    0    0    0    0    0    0 2.339610 1.9944185     0     0     0
[31,]    0    0    0    0    0    0    0 2.339610 1.9944185     0     0     0
[32,]    0    0    0    0    0    0    0 1.169805 0.9972093     0     0     0
[33,]    0    0    0    0    0    0    0 1.169805 0.9972093     0     0     0
[34,]    0    0    0    0    0    0    0 0.000000 0.0000000     0     0     0
[35,]    0    0    0    0    0    0    0 1.169805 0.9972093     0     0     0
[36,]    0    0    0    0    0    0    0 1.169805 0.9972093     0     0     0
[37,]    0    0    0    0    0    0    0 0.000000 0.0000000     0     0     0
[38,]    0    0    0    0    0    0    0 1.169805 0.9972093     0     0     0
[39,]    0    0    0    0    0    0    0 2.339610 1.9944185     0     0     0
[40,]    0    0    0    0    0    0    0 2.339610 1.9944185     0     0     0
[41,]    0    0    0    0    0    0    0 0.000000 0.0000000     0     0     0
[42,]    0    0    0    0    0    0    0 1.169805 0.9972093     0     0     0
[43,]    0    0    0    0    0    0    0 2.339610 1.9944185     0     0     0
[44,]    0    0    0    0    0    0    0 3.509414 2.9916278     0     0     0
[45,]    0    0    0    0    0    0    0 2.339610 1.9944185     0     0     0
[46,]    0    0    0    0    0    0    0 1.169805 0.9972093     0     0     0
[47,]    0    0    0    0    0    0    0 1.169805 0.9972093     0     0     0
[48,]    0    0    0    0    0    0    0 2.339610 1.9944185     0     0     0
[49,]    0    0    0    0    0    0    0 0.000000 0.0000000     0     0     0
[50,]    0    0    0    0    0    0    0 3.509414 2.9916278     0     0     0

$Bdatesampinfo
       DATE JULIAN N     Mean    Stdev
1  10/26/10   1760 5 0.000000 0.000000
2  11/30/10   1795 5 0.000000 0.000000
3  01/18/11   1844 5 0.000000 0.000000
4  02/23/11   1880 5 0.000000 0.000000
5  03/17/11   1902 5 0.000000 0.000000
6  04/18/11   1934 5 0.000000 0.000000
7  05/09/11   1955 5 0.000000 0.000000
8  06/22/11   1999 5 0.000000 0.000000
9  07/19/11   2026 5 4.431888 9.910003
10 08/16/11   2054 5 0.000000 0.000000
11 09/20/11   2089 5 0.000000 0.000000
12 10/25/11   2124 5 0.000000 0.000000

$Ndatesampinfo
       DATE JULIAN N     Mean    Stdev
1  10/26/10   1760 5  0.00000   0.0000
2  11/30/10   1795 5  0.00000   0.0000
3  01/18/11   1844 5  0.00000   0.0000
4  02/23/11   1880 5  0.00000   0.0000
5  03/17/11   1902 5  0.00000   0.0000
6  04/18/11   1934 5  0.00000   0.0000
7  05/09/11   1955 5  0.00000   0.0000
8  06/22/11   1999 5  0.00000   0.0000
9  07/19/11   2026 5 71.11111 159.0093
10 08/16/11   2054 5  0.00000   0.0000
11 09/20/11   2089 5  0.00000   0.0000
12 10/25/11   2124 5  0.00000   0.0000

$Bdateboots
      [,1] [,2] [,3] [,4] [,5] [,6] [,7] [,8]      [,9] [,10] [,11] [,12]
 [1,]    0    0    0    0    0    0    0    0  8.863776     0     0     0
 [2,]    0    0    0    0    0    0    0    0  4.431888     0     0     0
 [3,]    0    0    0    0    0    0    0    0  0.000000     0     0     0
 [4,]    0    0    0    0    0    0    0    0  0.000000     0     0     0
 [5,]    0    0    0    0    0    0    0    0  4.431888     0     0     0
 [6,]    0    0    0    0    0    0    0    0  0.000000     0     0     0
 [7,]    0    0    0    0    0    0    0    0  4.431888     0     0     0
 [8,]    0    0    0    0    0    0    0    0  8.863776     0     0     0
 [9,]    0    0    0    0    0    0    0    0  4.431888     0     0     0
[10,]    0    0    0    0    0    0    0    0  0.000000     0     0     0
[11,]    0    0    0    0    0    0    0    0  0.000000     0     0     0
[12,]    0    0    0    0    0    0    0    0  8.863776     0     0     0
[13,]    0    0    0    0    0    0    0    0  4.431888     0     0     0
[14,]    0    0    0    0    0    0    0    0  4.431888     0     0     0
[15,]    0    0    0    0    0    0    0    0  4.431888     0     0     0
[16,]    0    0    0    0    0    0    0    0  8.863776     0     0     0
[17,]    0    0    0    0    0    0    0    0  4.431888     0     0     0
[18,]    0    0    0    0    0    0    0    0  4.431888     0     0     0
[19,]    0    0    0    0    0    0    0    0  4.431888     0     0     0
[20,]    0    0    0    0    0    0    0    0  0.000000     0     0     0
[21,]    0    0    0    0    0    0    0    0  0.000000     0     0     0
[22,]    0    0    0    0    0    0    0    0  0.000000     0     0     0
[23,]    0    0    0    0    0    0    0    0  4.431888     0     0     0
[24,]    0    0    0    0    0    0    0    0  4.431888     0     0     0
[25,]    0    0    0    0    0    0    0    0  0.000000     0     0     0
[26,]    0    0    0    0    0    0    0    0  0.000000     0     0     0
[27,]    0    0    0    0    0    0    0    0  4.431888     0     0     0
[28,]    0    0    0    0    0    0    0    0  4.431888     0     0     0
[29,]    0    0    0    0    0    0    0    0  4.431888     0     0     0
[30,]    0    0    0    0    0    0    0    0  8.863776     0     0     0
[31,]    0    0    0    0    0    0    0    0  8.863776     0     0     0
[32,]    0    0    0    0    0    0    0    0  4.431888     0     0     0
[33,]    0    0    0    0    0    0    0    0  4.431888     0     0     0
[34,]    0    0    0    0    0    0    0    0  0.000000     0     0     0
[35,]    0    0    0    0    0    0    0    0  4.431888     0     0     0
[36,]    0    0    0    0    0    0    0    0  4.431888     0     0     0
[37,]    0    0    0    0    0    0    0    0  0.000000     0     0     0
[38,]    0    0    0    0    0    0    0    0  4.431888     0     0     0
[39,]    0    0    0    0    0    0    0    0  8.863776     0     0     0
[40,]    0    0    0    0    0    0    0    0  8.863776     0     0     0
[41,]    0    0    0    0    0    0    0    0  0.000000     0     0     0
[42,]    0    0    0    0    0    0    0    0  4.431888     0     0     0
[43,]    0    0    0    0    0    0    0    0  8.863776     0     0     0
[44,]    0    0    0    0    0    0    0    0 13.295665     0     0     0
[45,]    0    0    0    0    0    0    0    0  8.863776     0     0     0
[46,]    0    0    0    0    0    0    0    0  4.431888     0     0     0
[47,]    0    0    0    0    0    0    0    0  4.431888     0     0     0
[48,]    0    0    0    0    0    0    0    0  8.863776     0     0     0
[49,]    0    0    0    0    0    0    0    0  0.000000     0     0     0
[50,]    0    0    0    0    0    0    0    0 13.295665     0     0     0

$Ndateboots
      [,1] [,2] [,3] [,4] [,5] [,6] [,7] [,8]      [,9] [,10] [,11] [,12]
 [1,]    0    0    0    0    0    0    0    0 142.22222     0     0     0
 [2,]    0    0    0    0    0    0    0    0  71.11111     0     0     0
 [3,]    0    0    0    0    0    0    0    0   0.00000     0     0     0
 [4,]    0    0    0    0    0    0    0    0   0.00000     0     0     0
 [5,]    0    0    0    0    0    0    0    0  71.11111     0     0     0
 [6,]    0    0    0    0    0    0    0    0   0.00000     0     0     0
 [7,]    0    0    0    0    0    0    0    0  71.11111     0     0     0
 [8,]    0    0    0    0    0    0    0    0 142.22222     0     0     0
 [9,]    0    0    0    0    0    0    0    0  71.11111     0     0     0
[10,]    0    0    0    0    0    0    0    0   0.00000     0     0     0
[11,]    0    0    0    0    0    0    0    0   0.00000     0     0     0
[12,]    0    0    0    0    0    0    0    0 142.22222     0     0     0
[13,]    0    0    0    0    0    0    0    0  71.11111     0     0     0
[14,]    0    0    0    0    0    0    0    0  71.11111     0     0     0
[15,]    0    0    0    0    0    0    0    0  71.11111     0     0     0
[16,]    0    0    0    0    0    0    0    0 142.22222     0     0     0
[17,]    0    0    0    0    0    0    0    0  71.11111     0     0     0
[18,]    0    0    0    0    0    0    0    0  71.11111     0     0     0
[19,]    0    0    0    0    0    0    0    0  71.11111     0     0     0
[20,]    0    0    0    0    0    0    0    0   0.00000     0     0     0
[21,]    0    0    0    0    0    0    0    0   0.00000     0     0     0
[22,]    0    0    0    0    0    0    0    0   0.00000     0     0     0
[23,]    0    0    0    0    0    0    0    0  71.11111     0     0     0
[24,]    0    0    0    0    0    0    0    0  71.11111     0     0     0
[25,]    0    0    0    0    0    0    0    0   0.00000     0     0     0
[26,]    0    0    0    0    0    0    0    0   0.00000     0     0     0
[27,]    0    0    0    0    0    0    0    0  71.11111     0     0     0
[28,]    0    0    0    0    0    0    0    0  71.11111     0     0     0
[29,]    0    0    0    0    0    0    0    0  71.11111     0     0     0
[30,]    0    0    0    0    0    0    0    0 142.22222     0     0     0
[31,]    0    0    0    0    0    0    0    0 142.22222     0     0     0
[32,]    0    0    0    0    0    0    0    0  71.11111     0     0     0
[33,]    0    0    0    0    0    0    0    0  71.11111     0     0     0
[34,]    0    0    0    0    0    0    0    0   0.00000     0     0     0
[35,]    0    0    0    0    0    0    0    0  71.11111     0     0     0
[36,]    0    0    0    0    0    0    0    0  71.11111     0     0     0
[37,]    0    0    0    0    0    0    0    0   0.00000     0     0     0
[38,]    0    0    0    0    0    0    0    0  71.11111     0     0     0
[39,]    0    0    0    0    0    0    0    0 142.22222     0     0     0
[40,]    0    0    0    0    0    0    0    0 142.22222     0     0     0
[41,]    0    0    0    0    0    0    0    0   0.00000     0     0     0
[42,]    0    0    0    0    0    0    0    0  71.11111     0     0     0
[43,]    0    0    0    0    0    0    0    0 142.22222     0     0     0
[44,]    0    0    0    0    0    0    0    0 213.33333     0     0     0
[45,]    0    0    0    0    0    0    0    0 142.22222     0     0     0
[46,]    0    0    0    0    0    0    0    0  71.11111     0     0     0
[47,]    0    0    0    0    0    0    0    0  71.11111     0     0     0
[48,]    0    0    0    0    0    0    0    0 142.22222     0     0     0
[49,]    0    0    0    0    0    0    0    0   0.00000     0     0     0
[50,]    0    0    0    0    0    0    0    0 213.33333     0     0     0

