$totdays
[1] 365

$Psampest
[1] 13.34543

$Pbootest
     Mean      2.5%       50%     97.5% 
 34.03262   0.00000  13.34543 127.77300 

$Pboots
 [1]  13.34543  72.29701  13.34543  13.34543  13.34543   0.00000  85.64244  26.69087
 [9]  72.29701  72.29701   0.00000  13.34543  13.34543  53.38174  13.34543  85.64244
[17]   0.00000   0.00000  26.69087   0.00000  40.03630   0.00000   0.00000   0.00000
[25]  50.48753  98.98788  13.34543   0.00000  13.34543  50.48753   0.00000  53.38174
[33]  40.03630  13.34543  40.03630  63.83297  13.34543 136.12997   0.00000  13.34543
[41]  85.64244  85.64244 149.47541  13.34543  13.34543  72.29701   0.00000   0.00000
[49]  26.69087  26.69087

$Bboots
 [1]  3.169980 22.189862  3.169980  3.169980  3.169980  0.000000 25.359842  6.339960
 [9] 22.189862 22.189862  0.000000  3.169980  3.169980 12.679921  3.169980 25.359842
[17]  0.000000  0.000000  6.339960  0.000000  9.509941  0.000000  0.000000  0.000000
[25] 22.189862 28.529822  3.169980  0.000000  3.169980 22.189862  0.000000 12.679921
[33]  9.509941  3.169980  9.509941 25.359842  3.169980 47.549703  0.000000  3.169980
[41] 25.359842 25.359842 50.719684  3.169980  3.169980 22.189862  0.000000  0.000000
[49]  6.339960  6.339960

$Nboots
 [1] 0.5952381 4.1666667 0.5952381 0.5952381 0.5952381 0.0000000 4.7619048 1.1904762
 [9] 4.1666667 4.1666667 0.0000000 0.5952381 0.5952381 2.3809524 0.5952381 4.7619048
[17] 0.0000000 0.0000000 1.1904762 0.0000000 1.7857143 0.0000000 0.0000000 0.0000000
[25] 4.1666667 5.3571429 0.5952381 0.0000000 0.5952381 4.1666667 0.0000000 2.3809524
[33] 1.7857143 0.5952381 1.7857143 4.7619048 0.5952381 8.9285714 0.0000000 0.5952381
[41] 4.7619048 4.7619048 9.5238095 0.5952381 0.5952381 4.1666667 0.0000000 0.0000000
[49] 1.1904762 1.1904762

$julians
[1] 2008 2040 2085 2141 2278 2283 2333 2362 2372

$intdays
[1]  32  45  56 137   5  50  29  10   1

$Pintsampest
[1] 0.000000 5.980010 7.365424 0.000000 0.000000 0.000000 0.000000 0.000000 0.000000

$Pintboots
          [,1]     [,2]      [,3] [,4]     [,5]     [,6] [,7] [,8]      [,9]
 [1,]  0.00000  5.98001  7.365424    0 0.000000  0.00000    0    0 0.0000000
 [2,] 29.96623 41.86007  0.000000    0 0.000000  0.00000    0    0 0.4707027
 [3,]  0.00000  5.98001  7.365424    0 0.000000  0.00000    0    0 0.0000000
 [4,]  0.00000  5.98001  7.365424    0 0.000000  0.00000    0    0 0.0000000
 [5,]  0.00000  5.98001  7.365424    0 0.000000  0.00000    0    0 0.0000000
 [6,]  0.00000  0.00000  0.000000    0 0.000000  0.00000    0    0 0.0000000
 [7,] 29.96623 47.84008  7.365424    0 0.000000  0.00000    0    0 0.4707027
 [8,]  0.00000 11.96002 14.730848    0 0.000000  0.00000    0    0 0.0000000
 [9,] 29.96623 41.86007  0.000000    0 0.000000  0.00000    0    0 0.4707027
[10,] 29.96623 41.86007  0.000000    0 0.000000  0.00000    0    0 0.4707027
[11,]  0.00000  0.00000  0.000000    0 0.000000  0.00000    0    0 0.0000000
[12,]  0.00000  5.98001  7.365424    0 0.000000  0.00000    0    0 0.0000000
[13,]  0.00000  5.98001  7.365424    0 0.000000  0.00000    0    0 0.0000000
[14,]  0.00000 23.92004 29.461695    0 0.000000  0.00000    0    0 0.0000000
[15,]  0.00000  5.98001  7.365424    0 0.000000  0.00000    0    0 0.0000000
[16,] 29.96623 47.84008  7.365424    0 0.000000  0.00000    0    0 0.4707027
[17,]  0.00000  0.00000  0.000000    0 0.000000  0.00000    0    0 0.0000000
[18,]  0.00000  0.00000  0.000000    0 0.000000  0.00000    0    0 0.0000000
[19,]  0.00000 11.96002 14.730848    0 0.000000  0.00000    0    0 0.0000000
[20,]  0.00000  0.00000  0.000000    0 0.000000  0.00000    0    0 0.0000000
[21,]  0.00000 17.94003 22.096272    0 0.000000  0.00000    0    0 0.0000000
[22,]  0.00000  0.00000  0.000000    0 0.000000  0.00000    0    0 0.0000000
[23,]  0.00000  0.00000  0.000000    0 0.000000  0.00000    0    0 0.0000000
[24,]  0.00000  0.00000  0.000000    0 0.000000  0.00000    0    0 0.0000000
[25,]  0.00000  0.00000  0.000000    0 4.587704 45.89983    0    0 0.0000000
[26,] 29.96623 53.82009 14.730848    0 0.000000  0.00000    0    0 0.4707027
[27,]  0.00000  5.98001  7.365424    0 0.000000  0.00000    0    0 0.0000000
[28,]  0.00000  0.00000  0.000000    0 0.000000  0.00000    0    0 0.0000000
[29,]  0.00000  5.98001  7.365424    0 0.000000  0.00000    0    0 0.0000000
[30,]  0.00000  0.00000  0.000000    0 4.587704 45.89983    0    0 0.0000000
[31,]  0.00000  0.00000  0.000000    0 0.000000  0.00000    0    0 0.0000000
[32,]  0.00000 23.92004 29.461695    0 0.000000  0.00000    0    0 0.0000000
[33,]  0.00000 17.94003 22.096272    0 0.000000  0.00000    0    0 0.0000000
[34,]  0.00000  5.98001  7.365424    0 0.000000  0.00000    0    0 0.0000000
[35,]  0.00000 17.94003 22.096272    0 0.000000  0.00000    0    0 0.0000000
[36,]  0.00000  5.98001  7.365424    0 4.587704 45.89983    0    0 0.0000000
[37,]  0.00000  5.98001  7.365424    0 0.000000  0.00000    0    0 0.0000000
[38,] 29.96623 47.84008  7.365424    0 4.587704 45.89983    0    0 0.4707027
[39,]  0.00000  0.00000  0.000000    0 0.000000  0.00000    0    0 0.0000000
[40,]  0.00000  5.98001  7.365424    0 0.000000  0.00000    0    0 0.0000000
[41,] 29.96623 47.84008  7.365424    0 0.000000  0.00000    0    0 0.4707027
[42,] 29.96623 47.84008  7.365424    0 0.000000  0.00000    0    0 0.4707027
[43,] 29.96623 53.82009 14.730848    0 4.587704 45.89983    0    0 0.4707027
[44,]  0.00000  5.98001  7.365424    0 0.000000  0.00000    0    0 0.0000000
[45,]  0.00000  5.98001  7.365424    0 0.000000  0.00000    0    0 0.0000000
[46,] 29.96623 41.86007  0.000000    0 0.000000  0.00000    0    0 0.4707027
[47,]  0.00000  0.00000  0.000000    0 0.000000  0.00000    0    0 0.0000000
[48,]  0.00000  0.00000  0.000000    0 0.000000  0.00000    0    0 0.0000000
[49,]  0.00000 11.96002 14.730848    0 0.000000  0.00000    0    0 0.0000000
[50,]  0.00000 11.96002 14.730848    0 0.000000  0.00000    0    0 0.0000000

$Bdatesampinfo
      DATE JULIAN N     Mean    Stdev
1 07/01/11   2008 3  0.00000  0.00000
2 08/02/11   2040 1  0.00000       NA
3 09/16/11   2085 7 25.35984 67.09583
4 11/11/11   2141 4  0.00000  0.00000
5 03/27/12   2278 3  0.00000  0.00000
6 04/01/12   2283 1  0.00000       NA
7 05/21/12   2333 2  0.00000  0.00000
8 06/19/12   2362 4  0.00000  0.00000
9 06/29/12   2372 6  0.00000  0.00000

$Ndatesampinfo
      DATE JULIAN N     Mean    Stdev
1 07/01/11   2008 3 0.000000  0.00000
2 08/02/11   2040 1 0.000000       NA
3 09/16/11   2085 7 4.761905 12.59882
4 11/11/11   2141 4 0.000000  0.00000
5 03/27/12   2278 3 0.000000  0.00000
6 04/01/12   2283 1 0.000000       NA
7 05/21/12   2333 2 0.000000  0.00000
8 06/19/12   2362 4 0.000000  0.00000
9 06/29/12   2372 6 0.000000  0.00000

$Bdateboots
      [,1]     [,2]      [,3] [,4] [,5]     [,6] [,7] [,8] [,9]
 [1,]    0   0.0000  25.35984    0    0   0.0000    0    0    0
 [2,]    0 177.5189   0.00000    0    0   0.0000    0    0    0
 [3,]    0   0.0000  25.35984    0    0   0.0000    0    0    0
 [4,]    0   0.0000  25.35984    0    0   0.0000    0    0    0
 [5,]    0   0.0000  25.35984    0    0   0.0000    0    0    0
 [6,]    0   0.0000   0.00000    0    0   0.0000    0    0    0
 [7,]    0 177.5189  25.35984    0    0   0.0000    0    0    0
 [8,]    0   0.0000  50.71968    0    0   0.0000    0    0    0
 [9,]    0 177.5189   0.00000    0    0   0.0000    0    0    0
[10,]    0 177.5189   0.00000    0    0   0.0000    0    0    0
[11,]    0   0.0000   0.00000    0    0   0.0000    0    0    0
[12,]    0   0.0000  25.35984    0    0   0.0000    0    0    0
[13,]    0   0.0000  25.35984    0    0   0.0000    0    0    0
[14,]    0   0.0000 101.43937    0    0   0.0000    0    0    0
[15,]    0   0.0000  25.35984    0    0   0.0000    0    0    0
[16,]    0 177.5189  25.35984    0    0   0.0000    0    0    0
[17,]    0   0.0000   0.00000    0    0   0.0000    0    0    0
[18,]    0   0.0000   0.00000    0    0   0.0000    0    0    0
[19,]    0   0.0000  50.71968    0    0   0.0000    0    0    0
[20,]    0   0.0000   0.00000    0    0   0.0000    0    0    0
[21,]    0   0.0000  76.07953    0    0   0.0000    0    0    0
[22,]    0   0.0000   0.00000    0    0   0.0000    0    0    0
[23,]    0   0.0000   0.00000    0    0   0.0000    0    0    0
[24,]    0   0.0000   0.00000    0    0   0.0000    0    0    0
[25,]    0   0.0000   0.00000    0    0 177.5189    0    0    0
[26,]    0 177.5189  50.71968    0    0   0.0000    0    0    0
[27,]    0   0.0000  25.35984    0    0   0.0000    0    0    0
[28,]    0   0.0000   0.00000    0    0   0.0000    0    0    0
[29,]    0   0.0000  25.35984    0    0   0.0000    0    0    0
[30,]    0   0.0000   0.00000    0    0 177.5189    0    0    0
[31,]    0   0.0000   0.00000    0    0   0.0000    0    0    0
[32,]    0   0.0000 101.43937    0    0   0.0000    0    0    0
[33,]    0   0.0000  76.07953    0    0   0.0000    0    0    0
[34,]    0   0.0000  25.35984    0    0   0.0000    0    0    0
[35,]    0   0.0000  76.07953    0    0   0.0000    0    0    0
[36,]    0   0.0000  25.35984    0    0 177.5189    0    0    0
[37,]    0   0.0000  25.35984    0    0   0.0000    0    0    0
[38,]    0 177.5189  25.35984    0    0 177.5189    0    0    0
[39,]    0   0.0000   0.00000    0    0   0.0000    0    0    0
[40,]    0   0.0000  25.35984    0    0   0.0000    0    0    0
[41,]    0 177.5189  25.35984    0    0   0.0000    0    0    0
[42,]    0 177.5189  25.35984    0    0   0.0000    0    0    0
[43,]    0 177.5189  50.71968    0    0 177.5189    0    0    0
[44,]    0   0.0000  25.35984    0    0   0.0000    0    0    0
[45,]    0   0.0000  25.35984    0    0   0.0000    0    0    0
[46,]    0 177.5189   0.00000    0    0   0.0000    0    0    0
[47,]    0   0.0000   0.00000    0    0   0.0000    0    0    0
[48,]    0   0.0000   0.00000    0    0   0.0000    0    0    0
[49,]    0   0.0000  50.71968    0    0   0.0000    0    0    0
[50,]    0   0.0000  50.71968    0    0   0.0000    0    0    0

$Ndateboots
      [,1]     [,2]      [,3] [,4] [,5]     [,6] [,7] [,8] [,9]
 [1,]    0  0.00000  4.761905    0    0  0.00000    0    0    0
 [2,]    0 33.33333  0.000000    0    0  0.00000    0    0    0
 [3,]    0  0.00000  4.761905    0    0  0.00000    0    0    0
 [4,]    0  0.00000  4.761905    0    0  0.00000    0    0    0
 [5,]    0  0.00000  4.761905    0    0  0.00000    0    0    0
 [6,]    0  0.00000  0.000000    0    0  0.00000    0    0    0
 [7,]    0 33.33333  4.761905    0    0  0.00000    0    0    0
 [8,]    0  0.00000  9.523810    0    0  0.00000    0    0    0
 [9,]    0 33.33333  0.000000    0    0  0.00000    0    0    0
[10,]    0 33.33333  0.000000    0    0  0.00000    0    0    0
[11,]    0  0.00000  0.000000    0    0  0.00000    0    0    0
[12,]    0  0.00000  4.761905    0    0  0.00000    0    0    0
[13,]    0  0.00000  4.761905    0    0  0.00000    0    0    0
[14,]    0  0.00000 19.047619    0    0  0.00000    0    0    0
[15,]    0  0.00000  4.761905    0    0  0.00000    0    0    0
[16,]    0 33.33333  4.761905    0    0  0.00000    0    0    0
[17,]    0  0.00000  0.000000    0    0  0.00000    0    0    0
[18,]    0  0.00000  0.000000    0    0  0.00000    0    0    0
[19,]    0  0.00000  9.523810    0    0  0.00000    0    0    0
[20,]    0  0.00000  0.000000    0    0  0.00000    0    0    0
[21,]    0  0.00000 14.285714    0    0  0.00000    0    0    0
[22,]    0  0.00000  0.000000    0    0  0.00000    0    0    0
[23,]    0  0.00000  0.000000    0    0  0.00000    0    0    0
[24,]    0  0.00000  0.000000    0    0  0.00000    0    0    0
[25,]    0  0.00000  0.000000    0    0 33.33333    0    0    0
[26,]    0 33.33333  9.523810    0    0  0.00000    0    0    0
[27,]    0  0.00000  4.761905    0    0  0.00000    0    0    0
[28,]    0  0.00000  0.000000    0    0  0.00000    0    0    0
[29,]    0  0.00000  4.761905    0    0  0.00000    0    0    0
[30,]    0  0.00000  0.000000    0    0 33.33333    0    0    0
[31,]    0  0.00000  0.000000    0    0  0.00000    0    0    0
[32,]    0  0.00000 19.047619    0    0  0.00000    0    0    0
[33,]    0  0.00000 14.285714    0    0  0.00000    0    0    0
[34,]    0  0.00000  4.761905    0    0  0.00000    0    0    0
[35,]    0  0.00000 14.285714    0    0  0.00000    0    0    0
[36,]    0  0.00000  4.761905    0    0 33.33333    0    0    0
[37,]    0  0.00000  4.761905    0    0  0.00000    0    0    0
[38,]    0 33.33333  4.761905    0    0 33.33333    0    0    0
[39,]    0  0.00000  0.000000    0    0  0.00000    0    0    0
[40,]    0  0.00000  4.761905    0    0  0.00000    0    0    0
[41,]    0 33.33333  4.761905    0    0  0.00000    0    0    0
[42,]    0 33.33333  4.761905    0    0  0.00000    0    0    0
[43,]    0 33.33333  9.523810    0    0 33.33333    0    0    0
[44,]    0  0.00000  4.761905    0    0  0.00000    0    0    0
[45,]    0  0.00000  4.761905    0    0  0.00000    0    0    0
[46,]    0 33.33333  0.000000    0    0  0.00000    0    0    0
[47,]    0  0.00000  0.000000    0    0  0.00000    0    0    0
[48,]    0  0.00000  0.000000    0    0  0.00000    0    0    0
[49,]    0  0.00000  9.523810    0    0  0.00000    0    0    0
[50,]    0  0.00000  9.523810    0    0  0.00000    0    0    0

