$totdays
[1] 365

$Psampest
[1] NA

$Pbootest
       Mean        2.5%         50%       97.5% 
0.004323442 0.000000000 0.000000000 0.033119569 

$Pboots
 [1] 0.018292450 0.000000000 0.000000000 0.000000000 0.000000000 0.000000000 0.032691950
 [8] 0.001297650 0.002376586 0.038420897 0.000000000 0.000000000 0.032691950 0.000000000
[15] 0.000000000 0.000000000 0.000000000 0.017643625 0.000275883 0.000000000 0.000000000
[22] 0.002595300 0.000000000 0.000000000 0.000000000 0.000000000 0.000000000 0.000000000
[29] 0.000000000 0.000000000 0.000000000 0.016621858 0.000000000 0.000000000 0.000000000
[36] 0.000000000 0.000000000 0.001188293 0.000000000 0.000000000 0.000000000 0.033243716
[43] 0.000000000 0.000000000 0.000000000 0.001188293 0.017643625 0.000000000 0.000000000
[50] 0.000000000

$Bboots
 [1] 0.083697601 0.000000000 0.000000000 0.000000000 0.000000000 0.000000000 0.015326834
 [8] 0.050689456 0.066016290 0.132032580 0.000000000 0.000000000 0.015326834 0.000000000
[15] 0.000000000 0.000000000 0.000000000 0.058352873 0.007663417 0.000000000 0.000000000
[22] 0.101378911 0.000000000 0.000000000 0.000000000 0.000000000 0.000000000 0.000000000
[29] 0.000000000 0.000000000 0.000000000 0.015326834 0.000000000 0.000000000 0.000000000
[36] 0.000000000 0.000000000 0.033008145 0.000000000 0.000000000 0.000000000 0.030653669
[43] 0.000000000 0.000000000 0.000000000 0.033008145 0.058352873 0.000000000 0.000000000
[50] 0.000000000

$Nboots
 [1] 1.2152778 0.0000000 0.0000000 0.0000000 0.0000000 0.0000000 0.3472222 0.6944444
 [9] 1.0416667 2.0833333 0.0000000 0.0000000 0.3472222 0.0000000 0.0000000 0.0000000
[17] 0.0000000 0.8680556 0.1736111 0.0000000 0.0000000 1.3888889 0.0000000 0.0000000
[25] 0.0000000 0.0000000 0.0000000 0.0000000 0.0000000 0.0000000 0.0000000 0.3472222
[33] 0.0000000 0.0000000 0.0000000 0.0000000 0.0000000 0.5208333 0.0000000 0.0000000
[41] 0.0000000 0.6944444 0.0000000 0.0000000 0.0000000 0.5208333 0.8680556 0.0000000
[49] 0.0000000 0.0000000

$julians
[1] 2008 2040 2085 2141 2278 2283 2333 2362 2372

$intdays
[1]  32  45  56 137   5  50  29  10   1

$Pintsampest
[1] NA NA NA NA NA NA NA NA NA

$Pintboots
            [,1]        [,2] [,3] [,4] [,5] [,6] [,7] [,8]        [,9]
 [1,] 0.01829245 0.000000000    0    0    0    0    0    0 0.000000000
 [2,] 0.00000000 0.000000000    0    0    0    0    0    0 0.000000000
 [3,] 0.00000000 0.000000000    0    0    0    0    0    0 0.000000000
 [4,] 0.00000000 0.000000000    0    0    0    0    0    0 0.000000000
 [5,] 0.00000000 0.000000000    0    0    0    0    0    0 0.000000000
 [6,] 0.00000000 0.000000000    0    0    0    0    0    0 0.000000000
 [7,] 0.03269195 0.000000000    0    0    0    0    0    0 0.000000000
 [8,] 0.00129765 0.000000000    0    0    0    0    0    0 0.000000000
 [9,] 0.00000000 0.002376586    0    0    0    0    0    0 0.000000000
[10,] 0.03398960 0.002376586    0    0    0    0    0    0 0.002054711
[11,] 0.00000000 0.000000000    0    0    0    0    0    0 0.000000000
[12,] 0.00000000 0.000000000    0    0    0    0    0    0 0.000000000
[13,] 0.03269195 0.000000000    0    0    0    0    0    0 0.000000000
[14,] 0.00000000 0.000000000    0    0    0    0    0    0 0.000000000
[15,] 0.00000000 0.000000000    0    0    0    0    0    0 0.000000000
[16,] 0.00000000 0.000000000    0    0    0    0    0    0 0.000000000
[17,] 0.00000000 0.000000000    0    0    0    0    0    0 0.000000000
[18,] 0.01764363 0.000000000    0    0    0    0    0    0 0.000000000
[19,] 0.00000000 0.000275883    0    0    0    0    0    0 0.000000000
[20,] 0.00000000 0.000000000    0    0    0    0    0    0 0.000000000
[21,] 0.00000000 0.000000000    0    0    0    0    0    0 0.000000000
[22,] 0.00259530 0.000000000    0    0    0    0    0    0 0.000000000
[23,] 0.00000000 0.000000000    0    0    0    0    0    0 0.000000000
[24,] 0.00000000 0.000000000    0    0    0    0    0    0 0.000000000
[25,] 0.00000000 0.000000000    0    0    0    0    0    0 0.000000000
[26,] 0.00000000 0.000000000    0    0    0    0    0    0 0.000000000
[27,] 0.00000000 0.000000000    0    0    0    0    0    0 0.000000000
[28,] 0.00000000 0.000000000    0    0    0    0    0    0 0.000000000
[29,] 0.00000000 0.000000000    0    0    0    0    0    0 0.000000000
[30,] 0.00000000 0.000000000    0    0    0    0    0    0 0.000000000
[31,] 0.00000000 0.000000000    0    0    0    0    0    0 0.000000000
[32,] 0.01634598 0.000275883    0    0    0    0    0    0 0.000000000
[33,] 0.00000000 0.000000000    0    0    0    0    0    0 0.000000000
[34,] 0.00000000 0.000000000    0    0    0    0    0    0 0.000000000
[35,] 0.00000000 0.000000000    0    0    0    0    0    0 0.000000000
[36,] 0.00000000 0.000000000    0    0    0    0    0    0 0.000000000
[37,] 0.00000000 0.000000000    0    0    0    0    0    0 0.000000000
[38,] 0.00000000 0.001188293    0    0    0    0    0    0 0.000000000
[39,] 0.00000000 0.000000000    0    0    0    0    0    0 0.000000000
[40,] 0.00000000 0.000000000    0    0    0    0    0    0 0.000000000
[41,] 0.00000000 0.000000000    0    0    0    0    0    0 0.000000000
[42,] 0.03269195 0.000551766    0    0    0    0    0    0 0.000000000
[43,] 0.00000000 0.000000000    0    0    0    0    0    0 0.000000000
[44,] 0.00000000 0.000000000    0    0    0    0    0    0 0.000000000
[45,] 0.00000000 0.000000000    0    0    0    0    0    0 0.000000000
[46,] 0.00000000 0.001188293    0    0    0    0    0    0 0.000000000
[47,] 0.01764363 0.000000000    0    0    0    0    0    0 0.000000000
[48,] 0.00000000 0.000000000    0    0    0    0    0    0 0.000000000
[49,] 0.00000000 0.000000000    0    0    0    0    0    0 0.000000000
[50,] 0.00000000 0.000000000    0    0    0    0    0    0 0.000000000

$Bdatesampinfo
      DATE JULIAN N Mean Stdev
1 07/01/11   2008 4   NA    NA
2 08/02/11   2040 4   NA    NA
3 09/16/11   2085 8   NA    NA
4 11/11/11   2141 5   NA    NA
5 03/27/12   2278 4   NA    NA
6 04/01/12   2283 2   NA    NA
7 05/21/12   2333 3   NA    NA
8 06/19/12   2362 5   NA    NA
9 06/29/12   2372 7   NA    NA

$Ndatesampinfo
      DATE JULIAN N Mean Stdev
1 07/01/11   2008 4   NA    NA
2 08/02/11   2040 4   NA    NA
3 09/16/11   2085 8   NA    NA
4 11/11/11   2141 5   NA    NA
5 03/27/12   2278 4   NA    NA
6 04/01/12   2283 2   NA    NA
7 05/21/12   2333 3   NA    NA
8 06/19/12   2362 5   NA    NA
9 06/29/12   2372 7   NA    NA

$Bdateboots
      [,1]      [,2] [,3] [,4] [,5] [,6] [,7] [,8] [,9]
 [1,]    0 1.3391616    0    0    0    0    0    0    0
 [2,]    0 0.0000000    0    0    0    0    0    0    0
 [3,]    0 0.0000000    0    0    0    0    0    0    0
 [4,]    0 0.0000000    0    0    0    0    0    0    0
 [5,]    0 0.0000000    0    0    0    0    0    0    0
 [6,]    0 0.0000000    0    0    0    0    0    0    0
 [7,]    0 0.2452293    0    0    0    0    0    0    0
 [8,]    0 0.8110313    0    0    0    0    0    0    0
 [9,]    0 1.0562606    0    0    0    0    0    0    0
[10,]    0 1.0562606    0    0    0    0    0    0    0
[11,]    0 0.0000000    0    0    0    0    0    0    0
[12,]    0 0.0000000    0    0    0    0    0    0    0
[13,]    0 0.2452293    0    0    0    0    0    0    0
[14,]    0 0.0000000    0    0    0    0    0    0    0
[15,]    0 0.0000000    0    0    0    0    0    0    0
[16,]    0 0.0000000    0    0    0    0    0    0    0
[17,]    0 0.0000000    0    0    0    0    0    0    0
[18,]    0 0.9336460    0    0    0    0    0    0    0
[19,]    0 0.1226147    0    0    0    0    0    0    0
[20,]    0 0.0000000    0    0    0    0    0    0    0
[21,]    0 0.0000000    0    0    0    0    0    0    0
[22,]    0 1.6220626    0    0    0    0    0    0    0
[23,]    0 0.0000000    0    0    0    0    0    0    0
[24,]    0 0.4055156    0    0    0    0    0    0    0
[25,]    0 0.0000000    0    0    0    0    0    0    0
[26,]    0 0.0000000    0    0    0    0    0    0    0
[27,]    0 0.5281303    0    0    0    0    0    0    0
[28,]    0 0.0000000    0    0    0    0    0    0    0
[29,]    0 0.0000000    0    0    0    0    0    0    0
[30,]    0 0.9336460    0    0    0    0    0    0    0
[31,]    0 0.0000000    0    0    0    0    0    0    0
[32,]    0 0.1226147    0    0    0    0    0    0    0
[33,]    0 0.7733597    0    0    0    0    0    0    0
[34,]    0 0.0000000    0    0    0    0    0    0    0
[35,]    0 0.0000000    0    0    0    0    0    0    0
[36,]    0 0.4055156    0    0    0    0    0    0    0
[37,]    0 0.0000000    0    0    0    0    0    0    0
[38,]    0 0.5281303    0    0    0    0    0    0    0
[39,]    0 1.0562606    0    0    0    0    0    0    0
[40,]    0 0.0000000    0    0    0    0    0    0    0
[41,]    0 0.0000000    0    0    0    0    0    0    0
[42,]    0 0.2452293    0    0    0    0    0    0    0
[43,]    0 0.0000000    0    0    0    0    0    0    0
[44,]    0 0.0000000    0    0    0    0    0    0    0
[45,]    0 0.0000000    0    0    0    0    0    0    0
[46,]    0 0.5281303    0    0    0    0    0    0    0
[47,]    0 0.9336460    0    0    0    0    0    0    0
[48,]    0 0.0000000    0    0    0    0    0    0    0
[49,]    0 0.9336460    0    0    0    0    0    0    0
[50,]    0 1.0562606    0    0    0    0    0    0    0

$Ndateboots
      [,1]      [,2] [,3] [,4] [,5] [,6] [,7] [,8] [,9]
 [1,]    0 19.444444    0    0    0    0    0    0    0
 [2,]    0  0.000000    0    0    0    0    0    0    0
 [3,]    0  0.000000    0    0    0    0    0    0    0
 [4,]    0  0.000000    0    0    0    0    0    0    0
 [5,]    0  0.000000    0    0    0    0    0    0    0
 [6,]    0  0.000000    0    0    0    0    0    0    0
 [7,]    0  5.555556    0    0    0    0    0    0    0
 [8,]    0 11.111111    0    0    0    0    0    0    0
 [9,]    0 16.666667    0    0    0    0    0    0    0
[10,]    0 16.666667    0    0    0    0    0    0    0
[11,]    0  0.000000    0    0    0    0    0    0    0
[12,]    0  0.000000    0    0    0    0    0    0    0
[13,]    0  5.555556    0    0    0    0    0    0    0
[14,]    0  0.000000    0    0    0    0    0    0    0
[15,]    0  0.000000    0    0    0    0    0    0    0
[16,]    0  0.000000    0    0    0    0    0    0    0
[17,]    0  0.000000    0    0    0    0    0    0    0
[18,]    0 13.888889    0    0    0    0    0    0    0
[19,]    0  2.777778    0    0    0    0    0    0    0
[20,]    0  0.000000    0    0    0    0    0    0    0
[21,]    0  0.000000    0    0    0    0    0    0    0
[22,]    0 22.222222    0    0    0    0    0    0    0
[23,]    0  0.000000    0    0    0    0    0    0    0
[24,]    0  5.555556    0    0    0    0    0    0    0
[25,]    0  0.000000    0    0    0    0    0    0    0
[26,]    0  0.000000    0    0    0    0    0    0    0
[27,]    0  8.333333    0    0    0    0    0    0    0
[28,]    0  0.000000    0    0    0    0    0    0    0
[29,]    0  0.000000    0    0    0    0    0    0    0
[30,]    0 13.888889    0    0    0    0    0    0    0
[31,]    0  0.000000    0    0    0    0    0    0    0
[32,]    0  2.777778    0    0    0    0    0    0    0
[33,]    0 13.888889    0    0    0    0    0    0    0
[34,]    0  0.000000    0    0    0    0    0    0    0
[35,]    0  0.000000    0    0    0    0    0    0    0
[36,]    0  5.555556    0    0    0    0    0    0    0
[37,]    0  0.000000    0    0    0    0    0    0    0
[38,]    0  8.333333    0    0    0    0    0    0    0
[39,]    0 16.666667    0    0    0    0    0    0    0
[40,]    0  0.000000    0    0    0    0    0    0    0
[41,]    0  0.000000    0    0    0    0    0    0    0
[42,]    0  5.555556    0    0    0    0    0    0    0
[43,]    0  0.000000    0    0    0    0    0    0    0
[44,]    0  0.000000    0    0    0    0    0    0    0
[45,]    0  0.000000    0    0    0    0    0    0    0
[46,]    0  8.333333    0    0    0    0    0    0    0
[47,]    0 13.888889    0    0    0    0    0    0    0
[48,]    0  0.000000    0    0    0    0    0    0    0
[49,]    0 13.888889    0    0    0    0    0    0    0
[50,]    0 16.666667    0    0    0    0    0    0    0

