$totdays
[1] 365

$Psampest
[1] NA

$Pbootest
     Mean      2.5%       50%     97.5% 
0.8791757 0.0000000 0.0000000 6.6748526 

$Pboots
 [1] 1.37116088 0.00000000 7.15437607 3.43223956 0.00000000 0.00000000 2.44600897
 [8] 2.76713936 0.00000000 0.00000000 0.00000000 0.52038575 0.00000000 5.02316048
[15] 0.00000000 0.03795552 0.00000000 3.74433140 0.00000000 0.00000000 1.07872702
[22] 0.00000000 0.00000000 0.00000000 0.00000000 0.00000000 0.00000000 0.00000000
[29] 0.00000000 0.00000000 0.00000000 4.00826836 0.00000000 0.00000000 0.00000000
[36] 0.00000000 0.00000000 1.04077150 0.00000000 8.16517288 0.00000000 0.00000000
[43] 0.00000000 0.00000000 0.00000000 0.00000000 0.00000000 3.16908831 0.00000000
[50] 0.00000000

$Bboots
 [1] 0.50769620 0.00000000 2.05032504 0.90975696 0.00000000 0.00000000 0.46030194
 [8] 0.73346403 0.00000000 0.00000000 0.00000000 0.04589832 0.00000000 1.50838141
[15] 0.00000000 0.09179664 0.00000000 0.99248061 0.00000000 0.00000000 0.18359329
[22] 0.00000000 0.00000000 0.00000000 0.00000000 0.00000000 0.00000000 0.00000000
[29] 0.00000000 0.00000000 0.00000000 1.06244038 0.00000000 0.00000000 0.00000000
[36] 0.00000000 0.00000000 0.09179664 0.00000000 2.20547181 0.00000000 0.00000000
[43] 0.00000000 0.00000000 0.00000000 0.00000000 0.00000000 0.84000541 0.00000000
[50] 0.00000000

$Nboots
 [1]  48.9087302   0.0000000 165.3769841  62.5744048   0.0000000   0.0000000  23.2638889
 [8]  44.8660714   0.0000000   0.0000000   0.0000000   0.1736111   0.0000000 109.9330357
[15]   0.0000000   0.3472222   0.0000000  61.2351190   0.0000000   0.0000000   0.6944444
[22]   0.0000000   0.0000000   0.0000000   0.0000000   0.0000000   0.0000000   0.0000000
[29]   0.0000000   0.0000000   0.0000000  74.8139881   0.0000000   0.0000000   0.0000000
[36]   0.0000000   0.0000000   0.3472222   0.0000000 137.5000000   0.0000000   0.0000000
[43]   0.0000000   0.0000000   0.0000000   0.0000000   0.0000000  50.3224206   0.0000000
[50]   0.0000000

$julians
[1] 2008 2040 2085 2141 2278 2283 2333 2362 2372

$intdays
[1]  32  45  56 137   5  50  29  10   1

$Pintsampest
[1] NA NA NA NA NA NA NA NA NA

$Pintboots
          [,1]     [,2]     [,3]      [,4]       [,5] [,6] [,7] [,8]       [,9]
 [1,] 1.371161 0.000000 0.000000 0.0000000 0.00000000    0    0    0 0.00000000
 [2,] 0.000000 0.000000 0.000000 0.0000000 0.00000000    0    0    0 0.00000000
 [3,] 2.107366 3.688422 1.358588 0.0000000 0.00000000    0    0    0 0.00000000
 [4,] 0.000000 3.432240 0.000000 0.0000000 0.00000000    0    0    0 0.00000000
 [5,] 0.000000 0.000000 0.000000 0.0000000 0.00000000    0    0    0 0.00000000
 [6,] 0.000000 0.000000 0.000000 0.0000000 0.00000000    0    0    0 0.00000000
 [7,] 0.000000 0.000000 1.925623 0.5203857 0.00000000    0    0    0 0.00000000
 [8,] 0.000000 2.767139 0.000000 0.0000000 0.00000000    0    0    0 0.00000000
 [9,] 0.000000 0.000000 0.000000 0.0000000 0.00000000    0    0    0 0.00000000
[10,] 0.000000 0.000000 0.000000 0.0000000 0.00000000    0    0    0 0.00000000
[11,] 0.000000 0.000000 0.000000 0.0000000 0.00000000    0    0    0 0.00000000
[12,] 0.000000 0.000000 0.000000 0.5203857 0.00000000    0    0    0 0.00000000
[13,] 0.000000 0.000000 0.000000 0.0000000 0.00000000    0    0    0 0.00000000
[14,] 1.681775 3.341385 0.000000 0.0000000 0.00000000    0    0    0 0.00000000
[15,] 0.000000 0.000000 0.000000 0.0000000 0.00000000    0    0    0 0.00000000
[16,] 0.000000 0.000000 0.000000 0.0000000 0.03795552    0    0    0 0.00000000
[17,] 0.000000 0.000000 0.000000 0.0000000 0.00000000    0    0    0 0.00000000
[18,] 0.000000 3.744331 0.000000 0.0000000 0.00000000    0    0    0 0.00000000
[19,] 0.000000 0.000000 0.000000 0.0000000 0.00000000    0    0    0 0.00000000
[20,] 0.000000 0.000000 0.000000 0.0000000 0.00000000    0    0    0 0.00000000
[21,] 0.000000 0.000000 0.000000 1.0407715 0.03795552    0    0    0 0.00000000
[22,] 0.000000 0.000000 0.000000 0.0000000 0.00000000    0    0    0 0.00000000
[23,] 0.000000 0.000000 0.000000 0.0000000 0.00000000    0    0    0 0.00000000
[24,] 0.000000 0.000000 0.000000 0.0000000 0.00000000    0    0    0 0.00000000
[25,] 0.000000 0.000000 0.000000 0.0000000 0.00000000    0    0    0 0.00000000
[26,] 0.000000 0.000000 0.000000 0.0000000 0.00000000    0    0    0 0.00000000
[27,] 0.000000 0.000000 0.000000 0.0000000 0.00000000    0    0    0 0.00000000
[28,] 0.000000 0.000000 0.000000 0.0000000 0.00000000    0    0    0 0.00000000
[29,] 0.000000 0.000000 0.000000 0.0000000 0.00000000    0    0    0 0.00000000
[30,] 0.000000 0.000000 0.000000 0.0000000 0.00000000    0    0    0 0.00000000
[31,] 0.000000 0.000000 0.000000 0.0000000 0.00000000    0    0    0 0.00000000
[32,] 0.000000 4.008268 0.000000 0.0000000 0.00000000    0    0    0 0.00000000
[33,] 0.000000 0.000000 0.000000 0.0000000 0.00000000    0    0    0 0.00000000
[34,] 0.000000 0.000000 0.000000 0.0000000 0.00000000    0    0    0 0.00000000
[35,] 0.000000 0.000000 0.000000 0.0000000 0.00000000    0    0    0 0.00000000
[36,] 0.000000 0.000000 0.000000 0.0000000 0.00000000    0    0    0 0.00000000
[37,] 0.000000 0.000000 0.000000 0.0000000 0.00000000    0    0    0 0.00000000
[38,] 0.000000 0.000000 0.000000 1.0407715 0.00000000    0    0    0 0.00000000
[39,] 0.000000 0.000000 0.000000 0.0000000 0.00000000    0    0    0 0.00000000
[40,] 1.637645 4.009146 2.492659 0.0000000 0.00000000    0    0    0 0.02572376
[41,] 0.000000 0.000000 0.000000 0.0000000 0.00000000    0    0    0 0.00000000
[42,] 0.000000 0.000000 0.000000 0.0000000 0.00000000    0    0    0 0.00000000
[43,] 0.000000 0.000000 0.000000 0.0000000 0.00000000    0    0    0 0.00000000
[44,] 0.000000 0.000000 0.000000 0.0000000 0.00000000    0    0    0 0.00000000
[45,] 0.000000 0.000000 0.000000 0.0000000 0.00000000    0    0    0 0.00000000
[46,] 0.000000 0.000000 0.000000 0.0000000 0.00000000    0    0    0 0.00000000
[47,] 0.000000 0.000000 0.000000 0.0000000 0.00000000    0    0    0 0.00000000
[48,] 0.000000 3.169088 0.000000 0.0000000 0.00000000    0    0    0 0.00000000
[49,] 0.000000 0.000000 0.000000 0.0000000 0.00000000    0    0    0 0.00000000
[50,] 0.000000 0.000000 0.000000 0.0000000 0.00000000    0    0    0 0.00000000

$Bdatesampinfo
      DATE JULIAN N Mean Stdev
1 07/01/11   2008 7   NA    NA
2 08/02/11   2040 7   NA    NA
3 09/16/11   2085 8   NA    NA
4 11/11/11   2141 5   NA    NA
5 03/27/12   2278 4   NA    NA
6 04/01/12   2283 2   NA    NA
7 05/21/12   2333 3   NA    NA
8 06/19/12   2362 5   NA    NA
9 06/29/12   2372 7   NA    NA

$Ndatesampinfo
      DATE JULIAN N Mean Stdev
1 07/01/11   2008 7   NA    NA
2 08/02/11   2040 7   NA    NA
3 09/16/11   2085 8   NA    NA
4 11/11/11   2141 5   NA    NA
5 03/27/12   2278 4   NA    NA
6 04/01/12   2283 2   NA    NA
7 05/21/12   2333 3   NA    NA
8 06/19/12   2362 5   NA    NA
9 06/29/12   2372 7   NA    NA

$Bdateboots
           [,1]      [,2]      [,3] [,4]      [,5] [,6] [,7] [,8] [,9]
 [1,] 0.5670710  7.556068  0.000000    0 0.0000000    0    0    0    0
 [2,] 0.0000000  0.000000  4.397634    0 0.7343732    0    0    0    0
 [3,] 1.5200375 10.964584  4.677997    0 0.0000000    0    0    0    0
 [4,] 0.0000000  3.740369 10.815742    0 0.0000000    0    0    0    0
 [5,] 0.7612356  0.000000  0.000000    0 0.0000000    0    0    0    0
 [6,] 0.2843130  0.000000  9.177180    0 0.0000000    0    0    0    0
 [7,] 0.8787270  0.000000  6.630458    0 0.7343732    0    0    0    0
 [8,] 0.0000000  2.579834  9.155591    0 0.7343732    0    0    0    0
 [9,] 1.6116700  0.000000  0.000000    0 0.0000000    0    0    0    0
[10,] 0.0000000 12.891145  0.000000    0 0.0000000    0    0    0    0
[11,] 0.0000000  0.000000  0.000000    0 0.0000000    0    0    0    0
[12,] 1.1465257  0.000000  0.000000    0 0.7343732    0    0    0    0
[13,] 0.0000000  0.000000  0.000000    0 0.0000000    0    0    0    0
[14,] 1.4159503  8.547354  5.623443    0 1.4687463    0    0    0    0
[15,] 0.0000000  0.000000  0.000000    0 0.0000000    0    0    0    0
[16,] 0.0000000  0.000000  0.000000    0 1.4687463    0    0    0    0
[17,] 0.0000000  0.000000 18.240865    0 0.7343732    0    0    0    0
[18,] 0.0000000 11.894809  3.984881    0 0.7343732    0    0    0    0
[19,] 0.2209022  0.000000  0.000000    0 0.0000000    0    0    0    0
[20,] 0.0000000  0.000000  0.000000    0 0.0000000    0    0    0    0
[21,] 0.0000000  0.000000  0.000000    0 1.4687463    0    0    0    0
[22,] 0.6860465  0.000000  0.000000    0 0.0000000    0    0    0    0
[23,] 0.0000000  0.000000  7.163150    0 0.0000000    0    0    0    0
[24,] 0.6844915  0.000000  0.000000    0 0.0000000    0    0    0    0
[25,] 0.0000000 11.548687  0.000000    0 0.0000000    0    0    0    0
[26,] 0.0000000  0.000000  0.000000    0 0.0000000    0    0    0    0
[27,] 0.8050929  0.000000  2.405194    0 0.7343732    0    0    0    0
[28,] 1.1449706  0.000000  0.000000    0 2.2031195    0    0    0    0
[29,] 0.0000000  0.000000  0.000000    0 0.0000000    0    0    0    0
[30,] 0.0000000  0.000000  0.000000    0 0.0000000    0    0    0    0
[31,] 0.5670710  0.000000  0.000000    0 0.0000000    0    0    0    0
[32,] 0.0000000 11.375603  5.623443    0 0.7343732    0    0    0    0
[33,] 0.0000000  0.000000  0.000000    0 0.7343732    0    0    0    0
[34,] 0.0000000  0.000000  3.944901    0 0.0000000    0    0    0    0
[35,] 0.0000000  0.000000  0.000000    0 0.0000000    0    0    0    0
[36,] 0.0000000  0.000000  0.000000    0 0.0000000    0    0    0    0
[37,] 0.3595021  0.000000  0.000000    0 0.0000000    0    0    0    0
[38,] 1.4010619  0.000000  0.000000    0 1.4687463    0    0    0    0
[39,] 0.0000000  0.000000  0.000000    0 0.0000000    0    0    0    0
[40,] 1.2820155  8.419848  8.582919    0 0.0000000    0    0    0    0
[41,] 0.0000000  0.000000  1.970852    0 0.7343732    0    0    0    0
[42,] 0.0000000  0.000000  0.000000    0 1.4687463    0    0    0    0
[43,] 0.0000000  0.000000  0.000000    0 2.2031195    0    0    0    0
[44,] 0.0000000  0.000000  8.823302    0 0.0000000    0    0    0    0
[45,] 0.8787270  0.000000  0.000000    0 0.0000000    0    0    0    0
[46,] 0.0000000  7.321970  0.000000    0 0.0000000    0    0    0    0
[47,] 0.7447922  0.000000 10.323029    0 0.0000000    0    0    0    0
[48,] 0.0000000 11.487626  1.952461    0 0.7343732    0    0    0    0
[49,] 0.6711581  0.000000  0.000000    0 0.0000000    0    0    0    0
[50,] 0.0000000  0.000000  0.000000    0 0.0000000    0    0    0    0

$Ndateboots
          [,1]      [,2]       [,3] [,4]     [,5] [,6] [,7] [,8] [,9]
 [1,] 47.61905  734.9206    0.00000    0 0.000000    0    0    0    0
 [2,]  0.00000    0.0000  222.22222    0 2.777778    0    0    0    0
 [3,] 63.49206 1019.0476  272.22222    0 0.000000    0    0    0    0
 [4,]  0.00000  387.3016  613.88889    0 0.000000    0    0    0    0
 [5,] 53.96825    0.0000    0.00000    0 0.000000    0    0    0    0
 [6,] 25.39683    0.0000  501.38889    0 0.000000    0    0    0    0
 [7,] 47.61905    0.0000  369.44444    0 2.777778    0    0    0    0
 [8,]  0.00000  209.5238  508.33333    0 2.777778    0    0    0    0
 [9,] 85.71429    0.0000    0.00000    0 0.000000    0    0    0    0
[10,]  0.00000  995.2381    0.00000    0 0.000000    0    0    0    0
[11,]  0.00000    0.0000    0.00000    0 0.000000    0    0    0    0
[12,] 60.31746    0.0000    0.00000    0 2.777778    0    0    0    0
[13,]  0.00000    0.0000    0.00000    0 0.000000    0    0    0    0
[14,] 76.19048  680.9524  320.83333    0 5.555556    0    0    0    0
[15,]  0.00000    0.0000    0.00000    0 0.000000    0    0    0    0
[16,]  0.00000    0.0000    0.00000    0 5.555556    0    0    0    0
[17,]  0.00000    0.0000 1054.16667    0 2.777778    0    0    0    0
[18,]  0.00000  771.4286  208.33333    0 2.777778    0    0    0    0
[19,] 19.04762    0.0000    0.00000    0 0.000000    0    0    0    0
[20,]  0.00000    0.0000    0.00000    0 0.000000    0    0    0    0
[21,]  0.00000    0.0000    0.00000    0 5.555556    0    0    0    0
[22,] 44.44444    0.0000    0.00000    0 0.000000    0    0    0    0
[23,]  0.00000    0.0000  404.16667    0 0.000000    0    0    0    0
[24,] 41.26984    0.0000    0.00000    0 0.000000    0    0    0    0
[25,]  0.00000  901.5873    0.00000    0 0.000000    0    0    0    0
[26,]  0.00000    0.0000    0.00000    0 0.000000    0    0    0    0
[27,] 41.26984    0.0000  118.05556    0 2.777778    0    0    0    0
[28,] 57.14286    0.0000    0.00000    0 8.333333    0    0    0    0
[29,]  0.00000    0.0000    0.00000    0 0.000000    0    0    0    0
[30,]  0.00000    0.0000    0.00000    0 0.000000    0    0    0    0
[31,] 47.61905    0.0000    0.00000    0 0.000000    0    0    0    0
[32,]  0.00000  876.1905  320.83333    0 2.777778    0    0    0    0
[33,]  0.00000    0.0000    0.00000    0 2.777778    0    0    0    0
[34,]  0.00000    0.0000  201.38889    0 0.000000    0    0    0    0
[35,]  0.00000    0.0000    0.00000    0 0.000000    0    0    0    0
[36,]  0.00000    0.0000    0.00000    0 0.000000    0    0    0    0
[37,] 34.92063    0.0000    0.00000    0 0.000000    0    0    0    0
[38,] 66.66667    0.0000    0.00000    0 5.555556    0    0    0    0
[39,]  0.00000    0.0000    0.00000    0 0.000000    0    0    0    0
[40,] 69.84127  598.4127  466.66667    0 0.000000    0    0    0    0
[41,]  0.00000    0.0000  111.11111    0 2.777778    0    0    0    0
[42,]  0.00000    0.0000    0.00000    0 5.555556    0    0    0    0
[43,]  0.00000    0.0000    0.00000    0 8.333333    0    0    0    0
[44,]  0.00000    0.0000  509.72222    0 0.000000    0    0    0    0
[45,] 47.61905    0.0000    0.00000    0 0.000000    0    0    0    0
[46,]  0.00000  696.8254    0.00000    0 0.000000    0    0    0    0
[47,] 41.26984    0.0000  586.11111    0 0.000000    0    0    0    0
[48,]  0.00000  707.9365   97.22222    0 2.777778    0    0    0    0
[49,] 34.92063    0.0000    0.00000    0 0.000000    0    0    0    0
[50,]  0.00000    0.0000    0.00000    0 0.000000    0    0    0    0

