$totdays
[1] 365

$Psampest
[1] NA

$Pbootest
      Mean       2.5%        50%      97.5% 
0.05548357 0.00000000 0.00000000 0.82537383 

$Pboots
 [1] 0.000000000 0.000000000 0.008528803 0.000000000 0.000000000 0.000000000 0.000000000
 [8] 0.000000000 0.000000000 0.000000000 0.000000000 0.000000000 0.000000000 0.000000000
[15] 0.000000000 0.000000000 0.000000000 0.000000000 0.000000000 0.000000000 0.008528803
[22] 0.000000000 0.000000000 0.000000000 0.000000000 0.000000000 0.000000000 0.000000000
[29] 0.008528803 0.000000000 0.000000000 0.008528803 0.000000000 0.000000000 0.892187802
[36] 0.819054617 0.000000000 0.000000000 0.000000000 0.000000000 0.827208439 0.000000000
[43] 0.201612451 0.000000000 0.000000000 0.000000000 0.000000000 0.000000000 0.000000000
[50] 0.000000000

$Bboots
 [1] 0.000000000 0.000000000 0.003616488 0.000000000 0.000000000 0.000000000 0.000000000
 [8] 0.000000000 0.000000000 0.000000000 0.000000000 0.000000000 0.000000000 0.000000000
[15] 0.000000000 0.000000000 0.000000000 0.000000000 0.000000000 0.000000000 0.003616488
[22] 0.000000000 0.000000000 0.000000000 0.000000000 0.000000000 0.000000000 0.000000000
[29] 0.003616488 0.000000000 0.000000000 0.003616488 0.000000000 0.000000000 0.067645185
[36] 0.064074643 0.000000000 0.000000000 0.000000000 0.000000000 0.066815235 0.000000000
[43] 0.031559595 0.000000000 0.000000000 0.000000000 0.000000000 0.000000000 0.000000000
[50] 0.000000000

$Nboots
 [1] 0.0000000 0.0000000 0.1736111 0.0000000 0.0000000 0.0000000 0.0000000 0.0000000
 [9] 0.0000000 0.0000000 0.0000000 0.0000000 0.0000000 0.0000000 0.0000000 0.0000000
[17] 0.0000000 0.0000000 0.0000000 0.0000000 0.1736111 0.0000000 0.0000000 0.0000000
[25] 0.0000000 0.0000000 0.0000000 0.0000000 0.1736111 0.0000000 0.0000000 0.1736111
[33] 0.0000000 0.0000000 7.9861111 6.5972222 0.0000000 0.0000000 0.0000000 0.0000000
[41] 6.5972222 0.0000000 1.9097222 0.0000000 0.0000000 0.0000000 0.0000000 0.0000000
[49] 0.0000000 0.0000000

$julians
[1] 2008 2040 2085 2141 2278 2283 2333 2362 2372

$intdays
[1]  32  45  56 137   5  50  29  10   1

$Pintsampest
[1] NA NA NA NA NA NA NA NA NA

$Pintboots
           [,1]      [,2]        [,3] [,4] [,5] [,6] [,7] [,8] [,9]
 [1,] 0.0000000 0.0000000 0.000000000    0    0    0    0    0    0
 [2,] 0.0000000 0.0000000 0.000000000    0    0    0    0    0    0
 [3,] 0.0000000 0.0000000 0.008528803    0    0    0    0    0    0
 [4,] 0.0000000 0.0000000 0.000000000    0    0    0    0    0    0
 [5,] 0.0000000 0.0000000 0.000000000    0    0    0    0    0    0
 [6,] 0.0000000 0.0000000 0.000000000    0    0    0    0    0    0
 [7,] 0.0000000 0.0000000 0.000000000    0    0    0    0    0    0
 [8,] 0.0000000 0.0000000 0.000000000    0    0    0    0    0    0
 [9,] 0.0000000 0.0000000 0.000000000    0    0    0    0    0    0
[10,] 0.0000000 0.0000000 0.000000000    0    0    0    0    0    0
[11,] 0.0000000 0.0000000 0.000000000    0    0    0    0    0    0
[12,] 0.0000000 0.0000000 0.000000000    0    0    0    0    0    0
[13,] 0.0000000 0.0000000 0.000000000    0    0    0    0    0    0
[14,] 0.0000000 0.0000000 0.000000000    0    0    0    0    0    0
[15,] 0.0000000 0.0000000 0.000000000    0    0    0    0    0    0
[16,] 0.0000000 0.0000000 0.000000000    0    0    0    0    0    0
[17,] 0.0000000 0.0000000 0.000000000    0    0    0    0    0    0
[18,] 0.0000000 0.0000000 0.000000000    0    0    0    0    0    0
[19,] 0.0000000 0.0000000 0.000000000    0    0    0    0    0    0
[20,] 0.0000000 0.0000000 0.000000000    0    0    0    0    0    0
[21,] 0.0000000 0.0000000 0.008528803    0    0    0    0    0    0
[22,] 0.0000000 0.0000000 0.000000000    0    0    0    0    0    0
[23,] 0.0000000 0.0000000 0.000000000    0    0    0    0    0    0
[24,] 0.0000000 0.0000000 0.000000000    0    0    0    0    0    0
[25,] 0.0000000 0.0000000 0.000000000    0    0    0    0    0    0
[26,] 0.0000000 0.0000000 0.000000000    0    0    0    0    0    0
[27,] 0.0000000 0.0000000 0.000000000    0    0    0    0    0    0
[28,] 0.0000000 0.0000000 0.000000000    0    0    0    0    0    0
[29,] 0.0000000 0.0000000 0.008528803    0    0    0    0    0    0
[30,] 0.0000000 0.0000000 0.000000000    0    0    0    0    0    0
[31,] 0.0000000 0.0000000 0.000000000    0    0    0    0    0    0
[32,] 0.0000000 0.0000000 0.008528803    0    0    0    0    0    0
[33,] 0.0000000 0.0000000 0.000000000    0    0    0    0    0    0
[34,] 0.0000000 0.0000000 0.000000000    0    0    0    0    0    0
[35,] 0.8921878 0.0000000 0.000000000    0    0    0    0    0    0
[36,] 0.0000000 0.8190546 0.000000000    0    0    0    0    0    0
[37,] 0.0000000 0.0000000 0.000000000    0    0    0    0    0    0
[38,] 0.0000000 0.0000000 0.000000000    0    0    0    0    0    0
[39,] 0.0000000 0.0000000 0.000000000    0    0    0    0    0    0
[40,] 0.0000000 0.0000000 0.000000000    0    0    0    0    0    0
[41,] 0.0000000 0.8272084 0.000000000    0    0    0    0    0    0
[42,] 0.0000000 0.0000000 0.000000000    0    0    0    0    0    0
[43,] 0.0000000 0.1674972 0.034115210    0    0    0    0    0    0
[44,] 0.0000000 0.0000000 0.000000000    0    0    0    0    0    0
[45,] 0.0000000 0.0000000 0.000000000    0    0    0    0    0    0
[46,] 0.0000000 0.0000000 0.000000000    0    0    0    0    0    0
[47,] 0.0000000 0.0000000 0.000000000    0    0    0    0    0    0
[48,] 0.0000000 0.0000000 0.000000000    0    0    0    0    0    0
[49,] 0.0000000 0.0000000 0.000000000    0    0    0    0    0    0
[50,] 0.0000000 0.0000000 0.000000000    0    0    0    0    0    0

$Bdatesampinfo
      DATE JULIAN N Mean Stdev
1 07/01/11   2008 4   NA    NA
2 08/02/11   2040 4   NA    NA
3 09/16/11   2085 8   NA    NA
4 11/11/11   2141 5   NA    NA
5 03/27/12   2278 4   NA    NA
6 04/01/12   2283 2   NA    NA
7 05/21/12   2333 3   NA    NA
8 06/19/12   2362 5   NA    NA
9 06/29/12   2372 7   NA    NA

$Ndatesampinfo
      DATE JULIAN N Mean Stdev
1 07/01/11   2008 4   NA    NA
2 08/02/11   2040 4   NA    NA
3 09/16/11   2085 8   NA    NA
4 11/11/11   2141 5   NA    NA
5 03/27/12   2278 4   NA    NA
6 04/01/12   2283 2   NA    NA
7 05/21/12   2333 3   NA    NA
8 06/19/12   2362 5   NA    NA
9 06/29/12   2372 7   NA    NA

$Bdateboots
            [,1]       [,2]       [,3] [,4] [,5] [,6] [,7] [,8] [,9]
 [1,] 0.00000000 0.00000000 0.00000000    0    0    0    0    0    0
 [2,] 2.02738973 0.00000000 0.00000000    0    0    0    0    0    0
 [3,] 0.00000000 0.00000000 0.05786381    0    0    0    0    0    0
 [4,] 0.67579658 0.00000000 0.00000000    0    0    0    0    0    0
 [5,] 0.04742867 0.00000000 0.05786381    0    0    0    0    0    0
 [6,] 0.00000000 0.54062582 0.00000000    0    0    0    0    0    0
 [7,] 0.74693959 0.00000000 0.00000000    0    0    0    0    0    0
 [8,] 0.00000000 0.00000000 0.17359144    0    0    0    0    0    0
 [9,] 0.00000000 0.00000000 0.00000000    0    0    0    0    0    0
[10,] 0.00000000 0.00000000 0.05786381    0    0    0    0    0    0
[11,] 0.00000000 0.00000000 0.00000000    0    0    0    0    0    0
[12,] 0.00000000 0.00000000 0.00000000    0    0    0    0    0    0
[13,] 0.00000000 0.00000000 0.00000000    0    0    0    0    0    0
[14,] 0.00000000 0.00000000 0.17359144    0    0    0    0    0    0
[15,] 0.00000000 0.51259714 0.00000000    0    0    0    0    0    0
[16,] 1.37530749 0.00000000 0.00000000    0    0    0    0    0    0
[17,] 0.00000000 0.00000000 0.00000000    0    0    0    0    0    0
[18,] 0.00000000 0.00000000 0.00000000    0    0    0    0    0    0
[19,] 0.00000000 1.49574841 0.00000000    0    0    0    0    0    0
[20,] 0.00000000 0.00000000 0.00000000    0    0    0    0    0    0
[21,] 0.04742867 0.00000000 0.05786381    0    0    0    0    0    0
[22,] 0.74693959 0.00000000 0.00000000    0    0    0    0    0    0
[23,] 0.00000000 0.00000000 0.00000000    0    0    0    0    0    0
[24,] 0.00000000 0.00000000 0.00000000    0    0    0    0    0    0
[25,] 0.00000000 0.00000000 0.00000000    0    0    0    0    0    0
[26,] 0.00000000 0.02802867 0.00000000    0    0    0    0    0    0
[27,] 0.00000000 0.00000000 0.00000000    0    0    0    0    0    0
[28,] 0.00000000 0.99716561 0.00000000    0    0    0    0    0    0
[29,] 1.39902183 0.00000000 0.05786381    0    0    0    0    0    0
[30,] 0.00000000 0.00000000 0.00000000    0    0    0    0    0    0
[31,] 1.35159316 0.00000000 0.00000000    0    0    0    0    0    0
[32,] 0.72322525 0.00000000 0.05786381    0    0    0    0    0    0
[33,] 0.04742867 0.00000000 0.00000000    0    0    0    0    0    0
[34,] 0.00000000 0.00000000 0.00000000    0    0    0    0    0    0
[35,] 0.07114301 1.01117994 0.00000000    0    0    0    0    0    0
[36,] 0.00000000 1.02519428 0.00000000    0    0    0    0    0    0
[37,] 0.00000000 0.00000000 0.00000000    0    0    0    0    0    0
[38,] 0.69951092 0.00000000 0.00000000    0    0    0    0    0    0
[39,] 0.00000000 0.51259714 0.00000000    0    0    0    0    0    0
[40,] 0.00000000 0.00000000 0.00000000    0    0    0    0    0    0
[41,] 0.00000000 1.01117994 0.05786381    0    0    0    0    0    0
[42,] 0.00000000 0.00000000 0.11572763    0    0    0    0    0    0
[43,] 0.00000000 0.04204301 0.23145526    0    0    0    0    0    0
[44,] 0.00000000 0.00000000 0.00000000    0    0    0    0    0    0
[45,] 0.00000000 0.00000000 0.00000000    0    0    0    0    0    0
[46,] 0.00000000 0.00000000 0.00000000    0    0    0    0    0    0
[47,] 0.00000000 0.02802867 0.00000000    0    0    0    0    0    0
[48,] 0.00000000 0.52661148 0.00000000    0    0    0    0    0    0
[49,] 0.00000000 0.00000000 0.00000000    0    0    0    0    0    0
[50,] 0.00000000 0.00000000 0.05786381    0    0    0    0    0    0

$Ndateboots
           [,1]       [,2]      [,3] [,4] [,5] [,6] [,7] [,8] [,9]
 [1,]   0.00000   0.000000  0.000000    0    0    0    0    0    0
 [2,] 283.33333   0.000000  0.000000    0    0    0    0    0    0
 [3,]   0.00000   0.000000  2.777778    0    0    0    0    0    0
 [4,]  94.44444   0.000000  0.000000    0    0    0    0    0    0
 [5,]  16.66667   0.000000  2.777778    0    0    0    0    0    0
 [6,]   0.00000  58.333333  0.000000    0    0    0    0    0    0
 [7,] 119.44444   0.000000  0.000000    0    0    0    0    0    0
 [8,]   0.00000   0.000000  8.333333    0    0    0    0    0    0
 [9,]   0.00000   0.000000  0.000000    0    0    0    0    0    0
[10,]   0.00000   0.000000  2.777778    0    0    0    0    0    0
[11,]   0.00000   0.000000  0.000000    0    0    0    0    0    0
[12,]   0.00000   0.000000  0.000000    0    0    0    0    0    0
[13,]   0.00000   0.000000  0.000000    0    0    0    0    0    0
[14,]   0.00000   0.000000  8.333333    0    0    0    0    0    0
[15,]   0.00000  52.777778  0.000000    0    0    0    0    0    0
[16,] 197.22222   0.000000  0.000000    0    0    0    0    0    0
[17,]   0.00000   0.000000  0.000000    0    0    0    0    0    0
[18,]   0.00000   0.000000  0.000000    0    0    0    0    0    0
[19,]   0.00000 150.000000  0.000000    0    0    0    0    0    0
[20,]   0.00000   0.000000  0.000000    0    0    0    0    0    0
[21,]  16.66667   0.000000  2.777778    0    0    0    0    0    0
[22,] 119.44444   0.000000  0.000000    0    0    0    0    0    0
[23,]   0.00000   0.000000  0.000000    0    0    0    0    0    0
[24,]   0.00000   0.000000  0.000000    0    0    0    0    0    0
[25,]   0.00000   0.000000  0.000000    0    0    0    0    0    0
[26,]   0.00000   5.555556  0.000000    0    0    0    0    0    0
[27,]   0.00000   0.000000  0.000000    0    0    0    0    0    0
[28,]   0.00000 100.000000  0.000000    0    0    0    0    0    0
[29,] 205.55556   0.000000  2.777778    0    0    0    0    0    0
[30,]   0.00000   0.000000  0.000000    0    0    0    0    0    0
[31,] 188.88889   0.000000  0.000000    0    0    0    0    0    0
[32,] 111.11111   0.000000  2.777778    0    0    0    0    0    0
[33,]  16.66667   0.000000  0.000000    0    0    0    0    0    0
[34,]   0.00000   0.000000  0.000000    0    0    0    0    0    0
[35,]  25.00000 102.777778  0.000000    0    0    0    0    0    0
[36,]   0.00000 105.555556  0.000000    0    0    0    0    0    0
[37,]   0.00000   0.000000  0.000000    0    0    0    0    0    0
[38,] 102.77778   0.000000  0.000000    0    0    0    0    0    0
[39,]   0.00000  52.777778  0.000000    0    0    0    0    0    0
[40,]   0.00000   0.000000  0.000000    0    0    0    0    0    0
[41,]   0.00000 102.777778  2.777778    0    0    0    0    0    0
[42,]   0.00000   0.000000  5.555556    0    0    0    0    0    0
[43,]   0.00000   8.333333 11.111111    0    0    0    0    0    0
[44,]   0.00000   0.000000  0.000000    0    0    0    0    0    0
[45,]   0.00000   0.000000  0.000000    0    0    0    0    0    0
[46,]   0.00000   0.000000  0.000000    0    0    0    0    0    0
[47,]   0.00000   5.555556  0.000000    0    0    0    0    0    0
[48,]   0.00000  55.555556  0.000000    0    0    0    0    0    0
[49,]   0.00000   0.000000  0.000000    0    0    0    0    0    0
[50,]   0.00000   0.000000  2.777778    0    0    0    0    0    0

