$totdays
[1] 365

$Psampest
[1] NA

$Pbootest
       Mean        2.5%         50%       97.5% 
116.6478878   0.0000000   0.8211496 854.0637473 

$Pboots
 [1]   65.240318    0.000000   68.110268    0.000000   56.743873    0.000000    0.000000
 [8]   40.108648    0.000000    0.000000   56.511167    0.000000   88.520052  886.007102
[15]    6.000610    0.000000    0.000000  118.497675    0.000000    0.000000    6.000610
[22]    0.000000    0.000000  735.707415    0.000000   43.873984    0.000000    0.000000
[29]    0.000000    0.000000  173.355202  113.930143    1.642299  113.366476  152.770793
[36]    0.000000  161.972909  130.635725    0.000000    0.000000    0.000000    0.000000
[43]   58.187764    0.000000 1069.812146   88.668105  701.574056    0.000000  744.036638
[50]  151.120410

$Bboots
 [1]  77.371049   0.000000  41.531013   0.000000  11.449224   0.000000   0.000000
 [8]  44.272992   0.000000   0.000000  23.501221   0.000000  36.812795 315.709808
[15]   0.529250   0.000000   0.000000  72.364444   0.000000   0.000000   0.529250
[22]   0.000000   0.000000 250.643528   0.000000   9.441690   0.000000   0.000000
[29]   0.000000   0.000000  45.947917  30.197556   3.971772  30.048176  56.936279
[36]   0.000000  40.926275  48.367310   0.000000   0.000000   0.000000   0.000000
[43]  24.198713   0.000000 400.523620  23.501789 259.757547   0.000000 268.123783
[50]  55.951398

$Nboots
 [1] 34.3253968  0.0000000 20.8506944  0.0000000  7.1527778  0.0000000  0.0000000
 [8] 21.4682540  0.0000000  0.0000000  9.2129630  0.0000000 16.0185185 77.3065476
[15]  0.2777778  0.0000000  0.0000000 31.9708995  0.0000000  0.0000000  0.2777778
[22]  0.0000000  0.0000000 71.0193452  0.0000000  5.0694444  0.0000000  0.0000000
[29]  0.0000000  0.0000000 21.5153770 15.6498016  0.6944444 15.5753968 19.6296296
[36]  0.0000000 21.3988095 16.3070437  0.0000000  0.0000000  0.0000000  0.0000000
[43] 13.6111111  0.0000000 89.4973545 15.5009921 54.2658730  0.0000000 62.9092262
[50] 16.6542659

$julians
[1] 2008 2040 2085 2141 2278 2283 2333 2362 2372

$intdays
[1]  32  45  56 137   5  50  29  10   1

$Pintsampest
[1] NA NA NA NA NA NA NA NA NA

$Pintboots
          [,1]      [,2]     [,3]     [,4]     [,5]     [,6]     [,7]     [,8] [,9]
 [1,]   0.0000   0.00000  0.00000 0.000000 0.000000  0.00000  0.00000 65.24032    0
 [2,]   0.0000   0.00000  0.00000 0.000000 0.000000  0.00000  0.00000  0.00000    0
 [3,]   0.0000   0.00000 40.42665 0.000000 0.000000  0.00000  0.00000 27.68362    0
 [4,]   0.0000   0.00000  0.00000 0.000000 0.000000  0.00000  0.00000  0.00000    0
 [5,]   0.0000   0.00000 50.74326 6.000610 0.000000  0.00000  0.00000  0.00000    0
 [6,]   0.0000   0.00000  0.00000 0.000000 0.000000  0.00000  0.00000  0.00000    0
 [7,]   0.0000   0.00000  0.00000 0.000000 0.000000  0.00000  0.00000  0.00000    0
 [8,]   0.0000   0.00000  0.00000 3.000305 0.000000  0.00000  0.00000 37.10834    0
 [9,]   0.0000   0.00000  0.00000 0.000000 0.000000  0.00000  0.00000  0.00000    0
[10,]   0.0000   0.00000  0.00000 0.000000 0.000000  0.00000  0.00000  0.00000    0
[11,]   0.0000   0.00000  0.00000 0.000000 0.000000  0.00000 56.51117  0.00000    0
[12,]   0.0000   0.00000  0.00000 0.000000 0.000000  0.00000  0.00000  0.00000    0
[13,]   0.0000   0.00000  0.00000 0.000000 0.000000  0.00000 88.52005  0.00000    0
[14,] 768.7658 117.24132  0.00000 0.000000 0.000000  0.00000  0.00000  0.00000    0
[15,]   0.0000   0.00000  0.00000 6.000610 0.000000  0.00000  0.00000  0.00000    0
[16,]   0.0000   0.00000  0.00000 0.000000 0.000000  0.00000  0.00000  0.00000    0
[17,]   0.0000   0.00000  0.00000 0.000000 0.000000  0.00000  0.00000  0.00000    0
[18,]   0.0000   0.00000  0.00000 0.000000 0.000000  0.00000 88.52005 29.97762    0
[19,]   0.0000   0.00000  0.00000 0.000000 0.000000  0.00000  0.00000  0.00000    0
[20,]   0.0000   0.00000  0.00000 0.000000 0.000000  0.00000  0.00000  0.00000    0
[21,]   0.0000   0.00000  0.00000 6.000610 0.000000  0.00000  0.00000  0.00000    0
[22,]   0.0000   0.00000  0.00000 0.000000 0.000000  0.00000  0.00000  0.00000    0
[23,]   0.0000   0.00000  0.00000 0.000000 0.000000  0.00000  0.00000  0.00000    0
[24,] 528.9447 206.76273  0.00000 0.000000 0.000000  0.00000  0.00000  0.00000    0
[25,]   0.0000   0.00000  0.00000 0.000000 0.000000  0.00000  0.00000  0.00000    0
[26,]   0.0000   0.00000 43.87398 0.000000 0.000000  0.00000  0.00000  0.00000    0
[27,]   0.0000   0.00000  0.00000 0.000000 0.000000  0.00000  0.00000  0.00000    0
[28,]   0.0000   0.00000  0.00000 0.000000 0.000000  0.00000  0.00000  0.00000    0
[29,]   0.0000   0.00000  0.00000 0.000000 0.000000  0.00000  0.00000  0.00000    0
[30,]   0.0000   0.00000  0.00000 0.000000 0.000000  0.00000  0.00000  0.00000    0
[31,]   0.0000 173.35520  0.00000 0.000000 0.000000  0.00000  0.00000  0.00000    0
[32,]   0.0000 113.93014  0.00000 0.000000 0.000000  0.00000  0.00000  0.00000    0
[33,]   0.0000   0.00000  0.00000 0.000000 1.642299  0.00000  0.00000  0.00000    0
[34,]   0.0000 113.36648  0.00000 0.000000 0.000000  0.00000  0.00000  0.00000    0
[35,]   0.0000   0.00000  0.00000 3.000305 1.642299 51.11798 97.01021  0.00000    0
[36,]   0.0000   0.00000  0.00000 0.000000 0.000000  0.00000  0.00000  0.00000    0
[37,]   0.0000 121.75304 40.21987 0.000000 0.000000  0.00000  0.00000  0.00000    0
[38,] 130.6357   0.00000  0.00000 0.000000 0.000000  0.00000  0.00000  0.00000    0
[39,]   0.0000   0.00000  0.00000 0.000000 0.000000  0.00000  0.00000  0.00000    0
[40,]   0.0000   0.00000  0.00000 0.000000 0.000000  0.00000  0.00000  0.00000    0
[41,]   0.0000   0.00000  0.00000 0.000000 0.000000  0.00000  0.00000  0.00000    0
[42,]   0.0000   0.00000  0.00000 0.000000 0.000000  0.00000  0.00000  0.00000    0
[43,]   0.0000   0.00000  0.00000 0.000000 0.000000  0.00000 58.18776  0.00000    0
[44,]   0.0000   0.00000  0.00000 0.000000 0.000000  0.00000  0.00000  0.00000    0
[45,] 972.8019   0.00000  0.00000 0.000000 0.000000  0.00000 97.01021  0.00000    0
[46,]   0.0000  88.66811  0.00000 0.000000 0.000000  0.00000  0.00000  0.00000    0
[47,] 701.5741   0.00000  0.00000 0.000000 0.000000  0.00000  0.00000  0.00000    0
[48,]   0.0000   0.00000  0.00000 0.000000 0.000000  0.00000  0.00000  0.00000    0
[49,] 674.1096  69.92699  0.00000 0.000000 0.000000  0.00000  0.00000  0.00000    0
[50,] 151.1204   0.00000  0.00000 0.000000 0.000000  0.00000  0.00000  0.00000    0

$Bdatesampinfo
      DATE JULIAN N Mean Stdev
1 07/01/11   2008 8   NA    NA
2 08/02/11   2040 7   NA    NA
3 09/16/11   2085 8   NA    NA
4 11/11/11   2141 5   NA    NA
5 03/27/12   2278 4   NA    NA
6 04/01/12   2283 2   NA    NA
7 05/21/12   2333 3   NA    NA
8 06/19/12   2362 5   NA    NA
9 06/29/12   2372 7   NA    NA

$Ndatesampinfo
      DATE JULIAN N Mean Stdev
1 07/01/11   2008 8   NA    NA
2 08/02/11   2040 7   NA    NA
3 09/16/11   2085 8   NA    NA
4 11/11/11   2141 5   NA    NA
5 03/27/12   2278 4   NA    NA
6 04/01/12   2283 2   NA    NA
7 05/21/12   2333 3   NA    NA
8 06/19/12   2362 5   NA    NA
9 06/29/12   2372 7   NA    NA

$Bdateboots
           [,1]     [,2]     [,3]   [,4] [,5]     [,6]      [,7]      [,8]      [,9]
 [1,] 1048.2723   0.0000   0.0000  4.234    0  0.00000   0.00000 1055.3032 182.63362
 [2,]    0.0000 551.9517   0.0000  0.000    0 63.54835   0.00000  511.3430   0.00000
 [3,]    0.0000   0.0000 139.1974  0.000    0  0.00000   0.00000  325.7017 199.59709
 [4,]    0.0000 136.5148   0.0000  0.000    0  0.00000   0.00000    0.0000   0.00000
 [5,]    0.0000   0.0000 166.2516  8.468    0  0.00000   0.00000    0.0000   0.00000
 [6,]    0.0000   0.0000   0.0000  0.000    0  0.00000   0.00000    0.0000   0.00000
 [7,]    0.0000   0.0000 120.0867  0.000    0  0.00000   0.00000    0.0000   0.00000
 [8,] 3845.5132   0.0000   0.0000  4.234    0  0.00000   0.00000  531.4969 172.63700
 [9,]    0.0000   0.0000   0.0000  4.234    0  0.00000  77.66168    0.0000 186.11978
[10,] 3577.0098   0.0000   0.0000  0.000    0  0.00000   0.00000    0.0000 131.91372
[11,]    0.0000   0.0000   0.0000  4.234    0  0.00000  77.66168  298.3578   0.00000
[12,]    0.0000 350.4533   0.0000  0.000    0  0.00000   0.00000    0.0000   0.00000
[13,]    0.0000 385.6841   0.0000 12.702    0  0.00000  77.66168  511.3430   0.00000
[14,] 4169.1143 385.0425 112.1575  0.000    0  0.00000 134.15336    0.0000   0.00000
[15,]    0.0000 157.4069   0.0000  8.468    0  0.00000   0.00000    0.0000   0.00000
[16,]    0.0000 219.4165   0.0000  4.234    0  0.00000   0.00000    0.0000   0.00000
[17,] 2352.4396   0.0000 114.6162  0.000    0  0.00000   0.00000    0.0000  72.59929
[18,] 3988.9888   0.0000   0.0000  8.468    0  0.00000  77.66168  511.3430  57.48334
[19,]    0.0000 736.1935   0.0000  0.000    0  0.00000   0.00000  173.1780   0.00000
[20,]    0.0000   0.0000   0.0000  0.000    0 63.54835   0.00000    0.0000 219.85976
[21,]    0.0000   0.0000   0.0000  8.468    0  0.00000   0.00000    0.0000   0.00000
[22,]    0.0000 391.2182   0.0000  0.000    0  0.00000   0.00000  696.9843   0.00000
[23,]    0.0000 302.1408   0.0000  0.000    0  0.00000   0.00000    0.0000   0.00000
[24,] 2368.5845 764.8710 111.9700  0.000    0  0.00000   0.00000    0.0000 149.16307
[25,]    0.0000 208.2846   0.0000  0.000    0  0.00000   0.00000    0.0000 144.48370
[26,]    0.0000   0.0000 134.1310 16.936    0  0.00000 190.64504    0.0000   0.00000
[27,]    0.0000   0.0000   0.0000  0.000    0 63.54835   0.00000  345.8556   0.00000
[28,] 3913.4333   0.0000   0.0000  4.234    0  0.00000   0.00000    0.0000   0.00000
[29,]    0.0000 926.9126   0.0000  0.000    0  0.00000   0.00000    0.0000   0.00000
[30,]  277.8504   0.0000 133.7269  0.000    0  0.00000  77.66168    0.0000   0.00000
[31,]    0.0000 604.4902 130.6765  0.000    0  0.00000   0.00000    0.0000 118.44189
[32,]    0.0000 343.9249 139.2360  0.000    0  0.00000  21.17000    0.0000   0.00000
[33,]    0.0000   0.0000   0.0000  0.000    0 63.54835   0.00000    0.0000 192.16288
[34,]    0.0000 373.9106 106.8602  0.000    0  0.00000 190.64504    0.0000   0.00000
[35,]    0.0000   0.0000   0.0000  4.234    0 63.54835 134.15336  511.3430   0.00000
[36,]    0.0000   0.0000   0.0000  0.000    0  0.00000  77.66168    0.0000  79.10974
[37,]    0.0000 390.5517 125.7833 12.702    0  0.00000   0.00000    0.0000 106.33379
[38,]  409.7265 364.1505   0.0000  0.000    0  0.00000   0.00000    0.0000   0.00000
[39,]    0.0000   0.0000 110.8921  0.000    0  0.00000   0.00000    0.0000   0.00000
[40,]    0.0000   0.0000 142.0312  0.000    0  0.00000 134.15336    0.0000   0.00000
[41,]    0.0000 766.5318   0.0000  0.000    0  0.00000  77.66168    0.0000 209.40674
[42,]    0.0000   0.0000   0.0000  4.234    0  0.00000   0.00000    0.0000 116.79777
[43,] 3868.1209   0.0000 109.5113  0.000    0  0.00000  21.17000  366.0094   0.00000
[44,]    0.0000   0.0000   0.0000  0.000    0  0.00000   0.00000    0.0000 141.45942
[45,] 5513.4793 249.4022   0.0000  0.000    0  0.00000 134.15336  511.3430   0.00000
[46,]    0.0000 228.8877 147.1409  0.000    0  0.00000   0.00000  345.8556   0.00000
[47,] 3999.9970 156.1237   0.0000  0.000    0  0.00000   0.00000  373.1995   0.00000
[48,]    0.0000   0.0000 179.1125  0.000    0 63.54835   0.00000  305.5479   0.00000
[49,] 3821.6826 171.7457 124.8067  0.000    0  0.00000  21.17000    0.0000 130.73149
[50,]  730.0051 165.2173   0.0000  0.000    0  0.00000   0.00000    0.0000   0.00000

$Ndateboots
            [,1]     [,2]      [,3]     [,4] [,5]     [,6]     [,7]     [,8]      [,9]
 [1,]  295.83333   0.0000   0.00000 2.222222    0  0.00000  0.00000 466.6667  82.53968
 [2,]    0.00000 244.4444   0.00000 0.000000    0 11.11111  0.00000 237.7778   0.00000
 [3,]    0.00000   0.0000  84.72222 0.000000    0  0.00000  0.00000 148.8889 100.00000
 [4,]    0.00000 101.5873   0.00000 0.000000    0  0.00000  0.00000   0.0000   0.00000
 [5,]    0.00000   0.0000 105.55556 4.444444    0  0.00000  0.00000   0.0000   0.00000
 [6,]    0.00000   0.0000   0.00000 0.000000    0  0.00000  0.00000   0.0000   0.00000
 [7,]    0.00000   0.0000  65.27778 0.000000    0  0.00000  0.00000   0.0000   0.00000
 [8,]  719.44444   0.0000   0.00000 2.222222    0  0.00000  0.00000 266.6667  74.60317
 [9,]    0.00000   0.0000   0.00000 2.222222    0  0.00000 18.51852   0.0000  85.71429
[10,]  638.88889   0.0000   0.00000 0.000000    0  0.00000  0.00000   0.0000  61.90476
[11,]    0.00000   0.0000   0.00000 2.222222    0  0.00000 18.51852 128.8889   0.00000
[12,]    0.00000 180.9524   0.00000 0.000000    0  0.00000  0.00000   0.0000   0.00000
[13,]    0.00000 200.0000   0.00000 6.666667    0  0.00000 18.51852 237.7778   0.00000
[14,]  775.00000 203.1746  55.55556 0.000000    0  0.00000 25.92593   0.0000   0.00000
[15,]    0.00000 117.4603   0.00000 4.444444    0  0.00000  0.00000   0.0000   0.00000
[16,]    0.00000 155.5556   0.00000 2.222222    0  0.00000  0.00000   0.0000   0.00000
[17,]  444.44444   0.0000  51.38889 0.000000    0  0.00000  0.00000   0.0000  28.57143
[18,]  763.88889   0.0000   0.00000 4.444444    0  0.00000 18.51852 237.7778  17.46032
[19,]    0.00000 311.1111   0.00000 0.000000    0  0.00000  0.00000 126.6667   0.00000
[20,]    0.00000   0.0000   0.00000 0.000000    0 11.11111  0.00000   0.0000  98.41270
[21,]    0.00000   0.0000   0.00000 4.444444    0  0.00000  0.00000   0.0000   0.00000
[22,]    0.00000 206.3492   0.00000 0.000000    0  0.00000  0.00000 326.6667   0.00000
[23,]    0.00000 149.2063   0.00000 0.000000    0  0.00000  0.00000   0.0000   0.00000
[24,]  451.38889 317.4603  50.00000 0.000000    0  0.00000  0.00000   0.0000  52.38095
[25,]    0.00000 146.0317   0.00000 0.000000    0  0.00000  0.00000   0.0000  63.49206
[26,]    0.00000   0.0000  72.22222 8.888889    0  0.00000 33.33333   0.0000   0.00000
[27,]    0.00000   0.0000   0.00000 0.000000    0 11.11111  0.00000 177.7778   0.00000
[28,]  718.05556   0.0000   0.00000 2.222222    0  0.00000  0.00000   0.0000   0.00000
[29,]    0.00000 361.9048   0.00000 0.000000    0  0.00000  0.00000   0.0000   0.00000
[30,]   69.44444   0.0000  70.83333 0.000000    0  0.00000 18.51852   0.0000   0.00000
[31,]    0.00000 276.1905  68.05556 0.000000    0  0.00000  0.00000   0.0000  44.44444
[32,]    0.00000 180.9524  69.44444 0.000000    0  0.00000 11.11111   0.0000   0.00000
[33,]    0.00000   0.0000   0.00000 0.000000    0 11.11111  0.00000   0.0000  92.06349
[34,]    0.00000 193.6508  55.55556 0.000000    0  0.00000 33.33333   0.0000   0.00000
[35,]    0.00000   0.0000   0.00000 2.222222    0 11.11111 25.92593 237.7778   0.00000
[36,]    0.00000   0.0000   0.00000 0.000000    0  0.00000 18.51852   0.0000  33.33333
[37,]    0.00000 196.8254  69.44444 6.666667    0  0.00000  0.00000   0.0000  44.44444
[38,]   73.61111 187.3016   0.00000 0.000000    0  0.00000  0.00000   0.0000   0.00000
[39,]    0.00000   0.0000  75.00000 0.000000    0  0.00000  0.00000   0.0000   0.00000
[40,]    0.00000   0.0000  91.66667 0.000000    0  0.00000 25.92593   0.0000   0.00000
[41,]    0.00000 320.6349   0.00000 0.000000    0  0.00000 18.51852   0.0000  85.71429
[42,]    0.00000   0.0000   0.00000 2.222222    0  0.00000  0.00000   0.0000  50.79365
[43,]  740.27778   0.0000  54.16667 0.000000    0  0.00000 11.11111 206.6667   0.00000
[44,]    0.00000   0.0000   0.00000 0.000000    0  0.00000  0.00000   0.0000  61.90476
[45,] 1000.00000 168.2540   0.00000 0.000000    0  0.00000 25.92593 237.7778   0.00000
[46,]    0.00000 161.9048  86.11111 0.000000    0  0.00000  0.00000 177.7778   0.00000
[47,]  744.44444 123.8095   0.00000 0.000000    0  0.00000  0.00000 197.7778   0.00000
[48,]    0.00000   0.0000  98.61111 0.000000    0 11.11111  0.00000 120.0000   0.00000
[49,]  715.27778 120.6349  50.00000 0.000000    0  0.00000 11.11111   0.0000  69.84127
[50,]  145.83333 120.6349   0.00000 0.000000    0  0.00000  0.00000   0.0000   0.00000

