$totdays
[1] 365

$Psampest
[1] NA

$Pbootest
    Mean     2.5%      50%    97.5% 
1.863213 0.000000 0.000000 9.416683 

$Pboots
 [1]  0.00000000  7.01229600  0.12950308  4.59877181  0.00000000  0.00000000  0.00000000
 [8]  0.00000000  0.05270974  0.00000000  2.34733967  0.00000000  2.21732159  0.00000000
[15]  0.00000000  2.58114169  0.00000000  7.01229600  0.00000000  7.01229600  0.00000000
[22]  1.28559939  0.00000000  0.00000000 16.85552374  2.57765282  0.00000000  0.00000000
[29]  7.79913451  2.57765282  1.97555731  0.00000000  2.58114169  0.00000000  0.00000000
[36]  0.00000000  0.00000000  3.02685929  1.54559488  0.00000000  0.00000000  2.06986193
[43]  0.00000000  0.00000000  0.00000000  1.36415267  0.00000000  6.65196477  9.88629368
[50]  0.00000000

$Bboots
 [1] 0.00000000 2.14396328 0.04795076 1.13275311 0.00000000 0.00000000 0.00000000
 [8] 0.00000000 0.01951670 0.00000000 0.63866388 0.00000000 0.53599082 0.00000000
[15] 0.00000000 0.22765556 0.00000000 2.14396328 0.00000000 2.14396328 0.00000000
[22] 0.34076314 0.00000000 0.00000000 2.33127898 1.07198164 0.00000000 0.00000000
[29] 0.70359405 1.07198164 0.42514624 0.00000000 0.22765556 0.00000000 0.00000000
[36] 0.00000000 0.00000000 0.65138847 0.40967771 0.00000000 0.00000000 0.56258091
[43] 0.00000000 0.00000000 0.00000000 0.36491156 0.00000000 1.60797246 1.25929734
[50] 0.00000000

$Nboots
 [1] 0.0000000 0.9259259 1.3888889 1.9907407 0.0000000 0.0000000 0.0000000 0.0000000
 [9] 0.6944444 0.0000000 4.8263889 0.0000000 0.2314815 0.0000000 0.0000000 0.1388889
[17] 0.0000000 0.9259259 0.0000000 0.9259259 0.0000000 2.1354167 0.0000000 0.0000000
[25] 1.0879630 0.4629630 0.0000000 0.0000000 0.8333333 0.4629630 1.0069444 0.0000000
[33] 0.1388889 0.0000000 0.0000000 0.0000000 0.0000000 1.0590278 2.0486111 0.0000000
[41] 0.0000000 3.8715278 0.0000000 0.0000000 0.0000000 1.9618056 0.0000000 0.6944444
[49] 0.6250000 0.0000000

$julians
[1] 2008 2040 2085 2141 2278 2283 2333 2362 2372

$intdays
[1]  32  45  56 137   5  50  29  10   1

$Pintsampest
[1] NA NA NA NA NA NA NA NA NA

$Pintboots
            [,1]     [,2]     [,3]      [,4]      [,5]     [,6]     [,7] [,8] [,9]
 [1,] 0.00000000 0.000000 0.000000  0.000000 0.0000000 0.000000 0.000000    0    0
 [2,] 0.00000000 0.000000 0.000000  0.000000 0.0000000 4.434643 2.577653    0    0
 [3,] 0.12950308 0.000000 0.000000  0.000000 0.0000000 0.000000 0.000000    0    0
 [4,] 0.16412863 0.000000 0.000000  0.000000 0.0000000 4.434643 0.000000    0    0
 [5,] 0.00000000 0.000000 0.000000  0.000000 0.0000000 0.000000 0.000000    0    0
 [6,] 0.00000000 0.000000 0.000000  0.000000 0.0000000 0.000000 0.000000    0    0
 [7,] 0.00000000 0.000000 0.000000  0.000000 0.0000000 0.000000 0.000000    0    0
 [8,] 0.00000000 0.000000 0.000000  0.000000 0.0000000 0.000000 0.000000    0    0
 [9,] 0.05270974 0.000000 0.000000  0.000000 0.0000000 0.000000 0.000000    0    0
[10,] 0.00000000 0.000000 0.000000  0.000000 0.0000000 0.000000 0.000000    0    0
[11,] 0.15658640 2.190753 0.000000  0.000000 0.0000000 0.000000 0.000000    0    0
[12,] 0.00000000 0.000000 0.000000  0.000000 0.0000000 0.000000 0.000000    0    0
[13,] 0.00000000 0.000000 0.000000  0.000000 0.0000000 2.217322 0.000000    0    0
[14,] 0.00000000 0.000000 0.000000  0.000000 0.0000000 0.000000 0.000000    0    0
[15,] 0.00000000 0.000000 0.000000  0.000000 0.0000000 0.000000 0.000000    0    0
[16,] 0.00000000 0.000000 0.000000  2.581142 0.0000000 0.000000 0.000000    0    0
[17,] 0.00000000 0.000000 0.000000  0.000000 0.0000000 0.000000 0.000000    0    0
[18,] 0.00000000 0.000000 0.000000  0.000000 0.0000000 4.434643 2.577653    0    0
[19,] 0.00000000 0.000000 0.000000  0.000000 0.0000000 0.000000 0.000000    0    0
[20,] 0.00000000 0.000000 0.000000  0.000000 0.0000000 4.434643 2.577653    0    0
[21,] 0.00000000 0.000000 0.000000  0.000000 0.0000000 0.000000 0.000000    0    0
[22,] 0.00000000 1.285599 0.000000  0.000000 0.0000000 0.000000 0.000000    0    0
[23,] 0.00000000 0.000000 0.000000  0.000000 0.0000000 0.000000 0.000000    0    0
[24,] 0.00000000 0.000000 0.000000  0.000000 0.0000000 0.000000 0.000000    0    0
[25,] 0.00000000 0.000000 0.000000 14.277871 0.0000000 0.000000 2.577653    0    0
[26,] 0.00000000 0.000000 0.000000  0.000000 0.0000000 0.000000 2.577653    0    0
[27,] 0.00000000 0.000000 0.000000  0.000000 0.0000000 0.000000 0.000000    0    0
[28,] 0.00000000 0.000000 0.000000  0.000000 0.0000000 0.000000 0.000000    0    0
[29,] 0.05570945 0.000000 0.000000  7.743425 0.0000000 0.000000 0.000000    0    0
[30,] 0.00000000 0.000000 0.000000  0.000000 0.0000000 0.000000 2.577653    0    0
[31,] 0.00000000 0.000000 1.975557  0.000000 0.0000000 0.000000 0.000000    0    0
[32,] 0.00000000 0.000000 0.000000  0.000000 0.0000000 0.000000 0.000000    0    0
[33,] 0.00000000 0.000000 0.000000  2.581142 0.0000000 0.000000 0.000000    0    0
[34,] 0.00000000 0.000000 0.000000  0.000000 0.0000000 0.000000 0.000000    0    0
[35,] 0.00000000 0.000000 0.000000  0.000000 0.0000000 0.000000 0.000000    0    0
[36,] 0.00000000 0.000000 0.000000  0.000000 0.0000000 0.000000 0.000000    0    0
[37,] 0.00000000 0.000000 0.000000  0.000000 0.0000000 0.000000 0.000000    0    0
[38,] 0.00000000 0.000000 3.026859  0.000000 0.0000000 0.000000 0.000000    0    0
[39,] 0.00000000 1.545595 0.000000  0.000000 0.0000000 0.000000 0.000000    0    0
[40,] 0.00000000 0.000000 0.000000  0.000000 0.0000000 0.000000 0.000000    0    0
[41,] 0.00000000 0.000000 0.000000  0.000000 0.0000000 0.000000 0.000000    0    0
[42,] 0.13250279 1.937359 0.000000  0.000000 0.0000000 0.000000 0.000000    0    0
[43,] 0.00000000 0.000000 0.000000  0.000000 0.0000000 0.000000 0.000000    0    0
[44,] 0.00000000 0.000000 0.000000  0.000000 0.0000000 0.000000 0.000000    0    0
[45,] 0.00000000 0.000000 0.000000  0.000000 0.0000000 0.000000 0.000000    0    0
[46,] 0.03162584 1.332527 0.000000  0.000000 0.0000000 0.000000 0.000000    0    0
[47,] 0.00000000 0.000000 0.000000  0.000000 0.0000000 0.000000 0.000000    0    0
[48,] 0.00000000 0.000000 0.000000  0.000000 0.0000000 6.651965 0.000000    0    0
[49,] 0.00000000 0.000000 0.000000  9.720077 0.1662165 0.000000 0.000000    0    0
[50,] 0.00000000 0.000000 0.000000  0.000000 0.0000000 0.000000 0.000000    0    0

$Bdatesampinfo
      DATE JULIAN N Mean Stdev
1 07/01/11   2008 4   NA    NA
2 08/02/11   2040 5   NA    NA
3 09/16/11   2085 8   NA    NA
4 11/11/11   2141 5   NA    NA
5 03/27/12   2278 4   NA    NA
6 04/01/12   2283 2   NA    NA
7 05/21/12   2333 3   NA    NA
8 06/19/12   2362 5   NA    NA
9 06/29/12   2372 7   NA    NA

$Ndatesampinfo
      DATE JULIAN N Mean Stdev
1 07/01/11   2008 4   NA    NA
2 08/02/11   2040 5   NA    NA
3 09/16/11   2085 8   NA    NA
4 11/11/11   2141 5   NA    NA
5 03/27/12   2278 4   NA    NA
6 04/01/12   2283 2   NA    NA
7 05/21/12   2333 3   NA    NA
8 06/19/12   2362 5   NA    NA
9 06/29/12   2372 7   NA    NA

$Bdateboots
      [,1]      [,2]     [,3]      [,4]     [,5] [,6]      [,7] [,8] [,9]
 [1,]    0 0.0000000 1.765968  0.000000  0.00000    0  0.000000    0    0
 [2,]    0 0.4371740 0.000000  0.000000  0.00000    0 17.151706    0    0
 [3,]    0 0.7672122 0.000000  0.000000  0.00000    0  0.000000    0    0
 [4,]    0 0.9723435 0.000000  0.000000  0.00000    0 17.151706    0    0
 [5,]    0 0.0000000 0.000000  3.642489  0.00000    0  0.000000    0    0
 [6,]    0 0.0000000 0.000000  0.000000  0.00000    0 17.151706    0    0
 [7,]    0 0.0000000 5.986071  0.000000  6.43189    0  0.000000    0    0
 [8,]    0 0.0000000 0.000000  0.000000 12.86378    0  0.000000    0    0
 [9,]    0 0.3122671 0.000000  0.000000  0.00000    0  0.000000    0    0
[10,]    0 0.8118946 0.000000  0.000000  0.00000    0  0.000000    0    0
[11,]    0 0.9276611 8.363300  0.000000  0.00000    0  0.000000    0    0
[12,]    0 0.0000000 0.000000  0.000000  0.00000    0  0.000000    0    0
[13,]    0 0.0000000 7.835019  0.000000  0.00000    0  8.575853    0    0
[14,]    0 0.0000000 0.000000  0.000000  0.00000    0  0.000000    0    0
[15,]    0 0.0000000 5.880477  0.000000  0.00000    0  0.000000    0    0
[16,]    0 0.0000000 0.000000  3.642489  0.00000    0  0.000000    0    0
[17,]    0 0.0000000 5.931851  0.000000  0.00000    0  0.000000    0    0
[18,]    0 0.0000000 0.000000  0.000000  0.00000    0 17.151706    0    0
[19,]    0 0.0000000 0.000000  0.000000  0.00000    0  0.000000    0    0
[20,]    0 0.0000000 4.553734  0.000000  0.00000    0 17.151706    0    0
[21,]    0 0.0000000 3.159851  0.000000  0.00000    0  0.000000    0    0
[22,]    0 0.5173984 4.934812  0.000000  0.00000    0  0.000000    0    0
[23,]    0 0.7849832 0.000000  0.000000  0.00000    0  0.000000    0    0
[24,]    0 0.0000000 0.000000  7.284978  0.00000    0  0.000000    0    0
[25,]    0 0.0000000 0.000000  7.284978 12.86378    0 17.151706    0    0
[26,]    0 0.0000000 0.000000  0.000000 12.86378    0 17.151706    0    0
[27,]    0 0.0000000 6.104586  0.000000  0.00000    0  0.000000    0    0
[28,]    0 0.0000000 0.000000  0.000000  0.00000    0  0.000000    0    0
[29,]    0 0.3300382 0.000000 10.927467  0.00000    0 25.727559    0    0
[30,]    0 0.0000000 6.447210  0.000000  0.00000    0 17.151706    0    0
[31,]    0 0.0000000 3.159851  3.642489  0.00000    0  0.000000    0    0
[32,]    0 0.0000000 0.000000  3.642489  0.00000    0  0.000000    0    0
[33,]    0 0.0000000 0.000000  3.642489  0.00000    0  0.000000    0    0
[34,]    0 0.0000000 0.000000  0.000000 12.86378    0  0.000000    0    0
[35,]    0 0.0000000 0.000000 14.569956  0.00000    0  0.000000    0    0
[36,]    0 0.0000000 0.000000  0.000000  6.43189    0 17.151706    0    0
[37,]    0 0.0000000 0.000000  0.000000  0.00000    0  0.000000    0    0
[38,]    0 0.0000000 3.137238  7.284978  0.00000    0  0.000000    0    0
[39,]    0 0.5173984 6.037445  0.000000  6.43189    0 17.151706    0    0
[40,]    0 0.0000000 0.000000  0.000000  0.00000    0  0.000000    0    0
[41,]    0 0.0000000 2.563657  0.000000  0.00000    0  0.000000    0    0
[42,]    0 0.7849832 7.431328  0.000000  0.00000    0  8.575853    0    0
[43,]    0 0.0000000 0.000000 14.569956  0.00000    0  0.000000    0    0
[44,]    0 0.0000000 0.000000  0.000000 12.86378    0  0.000000    0    0
[45,]    0 0.0000000 0.000000  3.642489  0.00000    0  0.000000    0    0
[46,]    0 0.1873603 5.463864  0.000000  0.00000    0  0.000000    0    0
[47,]    0 0.0000000 0.000000  0.000000  0.00000    0 25.727559    0    0
[48,]    0 0.0000000 0.000000  0.000000  0.00000    0 25.727559    0    0
[49,]    0 0.0000000 0.000000  7.284978  6.43189    0  0.000000    0    0
[50,]    0 0.0000000 0.000000  3.642489  0.00000    0 17.151706    0    0

$Ndateboots
      [,1]      [,2]      [,3]     [,4]     [,5] [,6]      [,7] [,8] [,9]
 [1,]    0  0.000000  6.944444 0.000000 0.000000    0  0.000000    0    0
 [2,]    0 15.555556  0.000000 0.000000 0.000000    0  7.407407    0    0
 [3,]    0 22.222222  0.000000 0.000000 0.000000    0  0.000000    0    0
 [4,]    0 24.444444  0.000000 0.000000 0.000000    0  7.407407    0    0
 [5,]    0  0.000000  0.000000 2.222222 0.000000    0  0.000000    0    0
 [6,]    0  0.000000  0.000000 0.000000 0.000000    0  7.407407    0    0
 [7,]    0  0.000000 22.222222 0.000000 2.777778    0  0.000000    0    0
 [8,]    0  0.000000  0.000000 0.000000 5.555556    0  0.000000    0    0
 [9,]    0 11.111111  0.000000 0.000000 0.000000    0  0.000000    0    0
[10,]    0 28.888889  0.000000 0.000000 0.000000    0  0.000000    0    0
[11,]    0 17.777778 41.666667 0.000000 0.000000    0  0.000000    0    0
[12,]    0  0.000000  0.000000 0.000000 0.000000    0  0.000000    0    0
[13,]    0  0.000000 27.777778 0.000000 0.000000    0  3.703704    0    0
[14,]    0  0.000000  0.000000 0.000000 0.000000    0  0.000000    0    0
[15,]    0  0.000000 22.222222 0.000000 0.000000    0  0.000000    0    0
[16,]    0  0.000000  0.000000 2.222222 0.000000    0  0.000000    0    0
[17,]    0  0.000000 19.444444 0.000000 0.000000    0  0.000000    0    0
[18,]    0  0.000000  0.000000 0.000000 0.000000    0  7.407407    0    0
[19,]    0  0.000000  0.000000 0.000000 0.000000    0  0.000000    0    0
[20,]    0  0.000000 20.833333 0.000000 0.000000    0  7.407407    0    0
[21,]    0  0.000000 13.888889 0.000000 0.000000    0  0.000000    0    0
[22,]    0 13.333333 20.833333 0.000000 0.000000    0  0.000000    0    0
[23,]    0 17.777778  0.000000 0.000000 0.000000    0  0.000000    0    0
[24,]    0  0.000000  0.000000 4.444444 0.000000    0  0.000000    0    0
[25,]    0  0.000000  0.000000 4.444444 5.555556    0  7.407407    0    0
[26,]    0  0.000000  0.000000 0.000000 5.555556    0  7.407407    0    0
[27,]    0  0.000000 25.000000 0.000000 0.000000    0  0.000000    0    0
[28,]    0  0.000000  0.000000 0.000000 0.000000    0  0.000000    0    0
[29,]    0  6.666667  0.000000 6.666667 0.000000    0 11.111111    0    0
[30,]    0  0.000000 30.555556 0.000000 0.000000    0  7.407407    0    0
[31,]    0  0.000000 13.888889 2.222222 0.000000    0  0.000000    0    0
[32,]    0  0.000000  0.000000 2.222222 0.000000    0  0.000000    0    0
[33,]    0  0.000000  0.000000 2.222222 0.000000    0  0.000000    0    0
[34,]    0  0.000000  0.000000 0.000000 5.555556    0  0.000000    0    0
[35,]    0  0.000000  0.000000 8.888889 0.000000    0  0.000000    0    0
[36,]    0  0.000000  0.000000 0.000000 2.777778    0  7.407407    0    0
[37,]    0  0.000000  0.000000 0.000000 0.000000    0  0.000000    0    0
[38,]    0  0.000000 12.500000 4.444444 0.000000    0  0.000000    0    0
[39,]    0 13.333333 19.444444 0.000000 2.777778    0  7.407407    0    0
[40,]    0  0.000000  0.000000 0.000000 0.000000    0  0.000000    0    0
[41,]    0  0.000000 11.111111 0.000000 0.000000    0  0.000000    0    0
[42,]    0 17.777778 26.388889 0.000000 0.000000    0  3.703704    0    0
[43,]    0  0.000000  0.000000 8.888889 0.000000    0  0.000000    0    0
[44,]    0  0.000000  0.000000 0.000000 5.555556    0  0.000000    0    0
[45,]    0  0.000000  0.000000 2.222222 0.000000    0  0.000000    0    0
[46,]    0  6.666667 18.055556 0.000000 0.000000    0  0.000000    0    0
[47,]    0  0.000000  0.000000 0.000000 0.000000    0 11.111111    0    0
[48,]    0  0.000000  0.000000 0.000000 0.000000    0 11.111111    0    0
[49,]    0  0.000000  0.000000 4.444444 2.777778    0  0.000000    0    0
[50,]    0  0.000000  0.000000 2.222222 0.000000    0  7.407407    0    0

