$totdays
[1] 365

$Psampest
[1] 5.113018

$Pbootest
     Mean      2.5%       50%     97.5% 
 9.597450  2.191294  5.843449 29.956345 

$Pboots
 [1]  7.304312  2.921725 27.584842  5.113018  5.113018  0.000000 23.145074  2.921725
 [9] 24.663117  6.573881 17.358805  2.921725  5.113018 20.280530  6.573881 10.956468
[17]  8.034743  5.843449  4.382587  5.843449  5.113018 30.449386  2.191294 23.467316
[25]  5.113018 12.122253 31.672352  2.921725  4.382587  5.843449  5.113018  2.191294
[33]  5.113018 26.123980 10.956468  2.191294  2.921725 10.226037  7.304312  5.113018
[41]  9.495605  8.034743  5.113018  2.191294  8.034743  8.034743  8.765174  2.921725
[49]  5.843449 28.258092

$Bboots
 [1]  4.440087  1.776035 11.544226  3.108061  3.108061  0.000000  7.104139  1.776035
 [9]  9.768191  3.996078  5.328104  1.776035  3.108061  7.104139  3.996078  6.660130
[17]  4.884095  3.552069  2.664052  3.552069  3.108061 11.544226  1.332026 11.544226
[25]  3.108061  5.328104 11.988234  1.776035  2.664052  3.552069  3.108061  1.332026
[33]  3.108061 10.656208  6.660130  1.332026  1.776035  6.216122  4.440087  3.108061
[41]  5.772113  4.884095  3.108061  1.332026  4.884095  4.884095  5.328104  1.776035
[49]  3.552069 10.212200

$Nboots
 [1] 3.472222 1.388889 9.027778 2.430556 2.430556 0.000000 5.555556 1.388889 7.638889
[10] 3.125000 4.166667 1.388889 2.430556 5.555556 3.125000 5.208333 3.819444 2.777778
[19] 2.083333 2.777778 2.430556 9.027778 1.041667 9.027778 2.430556 4.166667 9.375000
[28] 1.388889 2.083333 2.777778 2.430556 1.041667 2.430556 8.333333 5.208333 1.041667
[37] 1.388889 4.861111 3.472222 2.430556 4.513889 3.819444 2.430556 1.041667 3.819444
[46] 3.819444 4.166667 1.388889 2.777778 7.986111

$julians
[1] 2008 2040 2085 2141 2278 2283 2333 2362 2372

$intdays
[1]  32  45  56 137   5  50  29  10   1

$Pintsampest
[1] 0.00000000 0.00000000 0.00000000 0.00000000 0.00000000 0.00000000 3.73673940
[8] 1.31035191 0.06592698

$Pintboots
          [,1]     [,2] [,3] [,4]     [,5]     [,6]     [,7]      [,8]       [,9]
 [1,] 0.000000  0.00000    0    0 0.000000  0.00000 5.338199 1.8719313 0.09418139
 [2,] 0.000000  0.00000    0    0 0.000000  0.00000 2.135280 0.7487725 0.03767256
 [3,] 7.195015 10.05077    0    0 0.000000  0.00000 7.473479 2.6207038 0.24487162
 [4,] 0.000000  0.00000    0    0 0.000000  0.00000 3.736739 1.3103519 0.06592698
 [5,] 0.000000  0.00000    0    0 0.000000  0.00000 3.736739 1.3103519 0.06592698
 [6,] 0.000000  0.00000    0    0 0.000000  0.00000 0.000000 0.0000000 0.00000000
 [7,] 9.593354 13.40103    0    0 0.000000  0.00000 0.000000 0.0000000 0.15069023
 [8,] 0.000000  0.00000    0    0 0.000000  0.00000 2.135280 0.7487725 0.03767256
 [9,] 7.195015 10.05077    0    0 0.000000  0.00000 5.338199 1.8719313 0.20719907
[10,] 0.000000  0.00000    0    0 0.000000  0.00000 4.804379 1.6847382 0.08476325
[11,] 7.195015 10.05077    0    0 0.000000  0.00000 0.000000 0.0000000 0.11301767
[12,] 0.000000  0.00000    0    0 0.000000  0.00000 2.135280 0.7487725 0.03767256
[13,] 0.000000  0.00000    0    0 0.000000  0.00000 3.736739 1.3103519 0.06592698
[14,] 7.195015 10.05077    0    0 0.000000  0.00000 2.135280 0.7487725 0.15069023
[15,] 0.000000  0.00000    0    0 0.000000  0.00000 4.804379 1.6847382 0.08476325
[16,] 0.000000  0.00000    0    0 0.000000  0.00000 8.007299 2.8078970 0.14127209
[17,] 0.000000  0.00000    0    0 0.000000  0.00000 5.872019 2.0591244 0.10359953
[18,] 0.000000  0.00000    0    0 0.000000  0.00000 4.270559 1.4975450 0.07534512
[19,] 0.000000  0.00000    0    0 0.000000  0.00000 3.202919 1.1231588 0.05650884
[20,] 0.000000  0.00000    0    0 0.000000  0.00000 4.270559 1.4975450 0.07534512
[21,] 0.000000  0.00000    0    0 0.000000  0.00000 3.736739 1.3103519 0.06592698
[22,] 9.593354 13.40103    0    0 0.000000  0.00000 5.338199 1.8719313 0.24487162
[23,] 0.000000  0.00000    0    0 0.000000  0.00000 1.601460 0.5615794 0.02825442
[24,] 0.000000  0.00000    0    0 1.468701 14.69430 5.338199 1.8719313 0.09418139
[25,] 0.000000  0.00000    0    0 0.000000  0.00000 3.736739 1.3103519 0.06592698
[26,] 0.000000  0.00000    0    0 1.101525 11.02073 0.000000 0.0000000 0.00000000
[27,] 7.195015 10.05077    0    0 1.101525 11.02073 1.601460 0.5615794 0.14127209
[28,] 0.000000  0.00000    0    0 0.000000  0.00000 2.135280 0.7487725 0.03767256
[29,] 0.000000  0.00000    0    0 0.000000  0.00000 3.202919 1.1231588 0.05650884
[30,] 0.000000  0.00000    0    0 0.000000  0.00000 4.270559 1.4975450 0.07534512
[31,] 0.000000  0.00000    0    0 0.000000  0.00000 3.736739 1.3103519 0.06592698
[32,] 0.000000  0.00000    0    0 0.000000  0.00000 1.601460 0.5615794 0.02825442
[33,] 0.000000  0.00000    0    0 0.000000  0.00000 3.736739 1.3103519 0.06592698
[34,] 7.195015 10.05077    0    0 0.000000  0.00000 6.405839 2.2463176 0.22603535
[35,] 0.000000  0.00000    0    0 0.000000  0.00000 8.007299 2.8078970 0.14127209
[36,] 0.000000  0.00000    0    0 0.000000  0.00000 1.601460 0.5615794 0.02825442
[37,] 0.000000  0.00000    0    0 0.000000  0.00000 2.135280 0.7487725 0.03767256
[38,] 0.000000  0.00000    0    0 0.000000  0.00000 7.473479 2.6207038 0.13185395
[39,] 0.000000  0.00000    0    0 0.000000  0.00000 5.338199 1.8719313 0.09418139
[40,] 0.000000  0.00000    0    0 0.000000  0.00000 3.736739 1.3103519 0.06592698
[41,] 0.000000  0.00000    0    0 0.000000  0.00000 6.939659 2.4335107 0.12243581
[42,] 0.000000  0.00000    0    0 0.000000  0.00000 5.872019 2.0591244 0.10359953
[43,] 0.000000  0.00000    0    0 0.000000  0.00000 3.736739 1.3103519 0.06592698
[44,] 0.000000  0.00000    0    0 0.000000  0.00000 1.601460 0.5615794 0.02825442
[45,] 0.000000  0.00000    0    0 0.000000  0.00000 5.872019 2.0591244 0.10359953
[46,] 0.000000  0.00000    0    0 0.000000  0.00000 5.872019 2.0591244 0.10359953
[47,] 0.000000  0.00000    0    0 0.000000  0.00000 6.405839 2.2463176 0.11301767
[48,] 0.000000  0.00000    0    0 0.000000  0.00000 2.135280 0.7487725 0.03767256
[49,] 0.000000  0.00000    0    0 0.000000  0.00000 4.270559 1.4975450 0.07534512
[50,] 9.593354 13.40103    0    0 0.000000  0.00000 3.736739 1.3103519 0.21661721

$Bdatesampinfo
      DATE JULIAN N     Mean    Stdev
1 07/01/11   2008 3  0.00000  0.00000
2 08/02/11   2040 1  0.00000       NA
3 09/16/11   2085 7  0.00000  0.00000
4 11/11/11   2141 4  0.00000  0.00000
5 03/27/12   2278 3  0.00000  0.00000
6 04/01/12   2283 1  0.00000       NA
7 05/21/12   2333 2  0.00000  0.00000
8 06/19/12   2362 4 24.86449 29.29112
9 06/29/12   2372 6  0.00000  0.00000

$Ndatesampinfo
      DATE JULIAN N     Mean    Stdev
1 07/01/11   2008 3  0.00000  0.00000
2 08/02/11   2040 1  0.00000       NA
3 09/16/11   2085 7  0.00000  0.00000
4 11/11/11   2141 4  0.00000  0.00000
5 03/27/12   2278 3  0.00000  0.00000
6 04/01/12   2283 1  0.00000       NA
7 05/21/12   2333 2  0.00000  0.00000
8 06/19/12   2362 4 19.44444 22.90614
9 06/29/12   2372 6  0.00000  0.00000

$Bdateboots
      [,1]     [,2] [,3] [,4] [,5]     [,6] [,7]     [,8] [,9]
 [1,]    0  0.00000    0    0    0  0.00000    0 35.52069    0
 [2,]    0  0.00000    0    0    0  0.00000    0 14.20828    0
 [3,]    0 42.62483    0    0    0  0.00000    0 49.72897    0
 [4,]    0  0.00000    0    0    0  0.00000    0 24.86449    0
 [5,]    0  0.00000    0    0    0  0.00000    0 24.86449    0
 [6,]    0  0.00000    0    0    0  0.00000    0  0.00000    0
 [7,]    0 56.83311    0    0    0  0.00000    0  0.00000    0
 [8,]    0  0.00000    0    0    0  0.00000    0 14.20828    0
 [9,]    0 42.62483    0    0    0  0.00000    0 35.52069    0
[10,]    0  0.00000    0    0    0  0.00000    0 31.96862    0
[11,]    0 42.62483    0    0    0  0.00000    0  0.00000    0
[12,]    0  0.00000    0    0    0  0.00000    0 14.20828    0
[13,]    0  0.00000    0    0    0  0.00000    0 24.86449    0
[14,]    0 42.62483    0    0    0  0.00000    0 14.20828    0
[15,]    0  0.00000    0    0    0  0.00000    0 31.96862    0
[16,]    0  0.00000    0    0    0  0.00000    0 53.28104    0
[17,]    0  0.00000    0    0    0  0.00000    0 39.07276    0
[18,]    0  0.00000    0    0    0  0.00000    0 28.41656    0
[19,]    0  0.00000    0    0    0  0.00000    0 21.31242    0
[20,]    0  0.00000    0    0    0  0.00000    0 28.41656    0
[21,]    0  0.00000    0    0    0  0.00000    0 24.86449    0
[22,]    0 56.83311    0    0    0  0.00000    0 35.52069    0
[23,]    0  0.00000    0    0    0  0.00000    0 10.65621    0
[24,]    0  0.00000    0    0    0 56.83311    0 35.52069    0
[25,]    0  0.00000    0    0    0  0.00000    0 24.86449    0
[26,]    0  0.00000    0    0    0 42.62483    0  0.00000    0
[27,]    0 42.62483    0    0    0 42.62483    0 10.65621    0
[28,]    0  0.00000    0    0    0  0.00000    0 14.20828    0
[29,]    0  0.00000    0    0    0  0.00000    0 21.31242    0
[30,]    0  0.00000    0    0    0  0.00000    0 28.41656    0
[31,]    0  0.00000    0    0    0  0.00000    0 24.86449    0
[32,]    0  0.00000    0    0    0  0.00000    0 10.65621    0
[33,]    0  0.00000    0    0    0  0.00000    0 24.86449    0
[34,]    0 42.62483    0    0    0  0.00000    0 42.62483    0
[35,]    0  0.00000    0    0    0  0.00000    0 53.28104    0
[36,]    0  0.00000    0    0    0  0.00000    0 10.65621    0
[37,]    0  0.00000    0    0    0  0.00000    0 14.20828    0
[38,]    0  0.00000    0    0    0  0.00000    0 49.72897    0
[39,]    0  0.00000    0    0    0  0.00000    0 35.52069    0
[40,]    0  0.00000    0    0    0  0.00000    0 24.86449    0
[41,]    0  0.00000    0    0    0  0.00000    0 46.17690    0
[42,]    0  0.00000    0    0    0  0.00000    0 39.07276    0
[43,]    0  0.00000    0    0    0  0.00000    0 24.86449    0
[44,]    0  0.00000    0    0    0  0.00000    0 10.65621    0
[45,]    0  0.00000    0    0    0  0.00000    0 39.07276    0
[46,]    0  0.00000    0    0    0  0.00000    0 39.07276    0
[47,]    0  0.00000    0    0    0  0.00000    0 42.62483    0
[48,]    0  0.00000    0    0    0  0.00000    0 14.20828    0
[49,]    0  0.00000    0    0    0  0.00000    0 28.41656    0
[50,]    0 56.83311    0    0    0  0.00000    0 24.86449    0

$Ndateboots
      [,1]     [,2] [,3] [,4] [,5]     [,6] [,7]      [,8] [,9]
 [1,]    0  0.00000    0    0    0  0.00000    0 27.777778    0
 [2,]    0  0.00000    0    0    0  0.00000    0 11.111111    0
 [3,]    0 33.33333    0    0    0  0.00000    0 38.888889    0
 [4,]    0  0.00000    0    0    0  0.00000    0 19.444444    0
 [5,]    0  0.00000    0    0    0  0.00000    0 19.444444    0
 [6,]    0  0.00000    0    0    0  0.00000    0  0.000000    0
 [7,]    0 44.44444    0    0    0  0.00000    0  0.000000    0
 [8,]    0  0.00000    0    0    0  0.00000    0 11.111111    0
 [9,]    0 33.33333    0    0    0  0.00000    0 27.777778    0
[10,]    0  0.00000    0    0    0  0.00000    0 25.000000    0
[11,]    0 33.33333    0    0    0  0.00000    0  0.000000    0
[12,]    0  0.00000    0    0    0  0.00000    0 11.111111    0
[13,]    0  0.00000    0    0    0  0.00000    0 19.444444    0
[14,]    0 33.33333    0    0    0  0.00000    0 11.111111    0
[15,]    0  0.00000    0    0    0  0.00000    0 25.000000    0
[16,]    0  0.00000    0    0    0  0.00000    0 41.666667    0
[17,]    0  0.00000    0    0    0  0.00000    0 30.555556    0
[18,]    0  0.00000    0    0    0  0.00000    0 22.222222    0
[19,]    0  0.00000    0    0    0  0.00000    0 16.666667    0
[20,]    0  0.00000    0    0    0  0.00000    0 22.222222    0
[21,]    0  0.00000    0    0    0  0.00000    0 19.444444    0
[22,]    0 44.44444    0    0    0  0.00000    0 27.777778    0
[23,]    0  0.00000    0    0    0  0.00000    0  8.333333    0
[24,]    0  0.00000    0    0    0 44.44444    0 27.777778    0
[25,]    0  0.00000    0    0    0  0.00000    0 19.444444    0
[26,]    0  0.00000    0    0    0 33.33333    0  0.000000    0
[27,]    0 33.33333    0    0    0 33.33333    0  8.333333    0
[28,]    0  0.00000    0    0    0  0.00000    0 11.111111    0
[29,]    0  0.00000    0    0    0  0.00000    0 16.666667    0
[30,]    0  0.00000    0    0    0  0.00000    0 22.222222    0
[31,]    0  0.00000    0    0    0  0.00000    0 19.444444    0
[32,]    0  0.00000    0    0    0  0.00000    0  8.333333    0
[33,]    0  0.00000    0    0    0  0.00000    0 19.444444    0
[34,]    0 33.33333    0    0    0  0.00000    0 33.333333    0
[35,]    0  0.00000    0    0    0  0.00000    0 41.666667    0
[36,]    0  0.00000    0    0    0  0.00000    0  8.333333    0
[37,]    0  0.00000    0    0    0  0.00000    0 11.111111    0
[38,]    0  0.00000    0    0    0  0.00000    0 38.888889    0
[39,]    0  0.00000    0    0    0  0.00000    0 27.777778    0
[40,]    0  0.00000    0    0    0  0.00000    0 19.444444    0
[41,]    0  0.00000    0    0    0  0.00000    0 36.111111    0
[42,]    0  0.00000    0    0    0  0.00000    0 30.555556    0
[43,]    0  0.00000    0    0    0  0.00000    0 19.444444    0
[44,]    0  0.00000    0    0    0  0.00000    0  8.333333    0
[45,]    0  0.00000    0    0    0  0.00000    0 30.555556    0
[46,]    0  0.00000    0    0    0  0.00000    0 30.555556    0
[47,]    0  0.00000    0    0    0  0.00000    0 33.333333    0
[48,]    0  0.00000    0    0    0  0.00000    0 11.111111    0
[49,]    0  0.00000    0    0    0  0.00000    0 22.222222    0
[50,]    0 44.44444    0    0    0  0.00000    0 19.444444    0

