$totdays
[1] 365

$Psampest
[1] 0.003252372

$Pbootest
       Mean        2.5%         50%       97.5% 
0.008950784 0.000000000 0.006504744 0.024124019 

$Pboots
 [1] 0.003252372 0.000000000 0.039680537 0.003252372 0.000000000 0.012304146 0.006504744
 [8] 0.000000000 0.003252372 0.000000000 0.006504744 0.009757116 0.003252372 0.020871647
[15] 0.006504744 0.000000000 0.003252372 0.012304146 0.024124019 0.003252372 0.006504744
[22] 0.022061262 0.000000000 0.020871647 0.003252372 0.003252372 0.000000000 0.020871647
[29] 0.015556518 0.016261860 0.006504744 0.024124019 0.015556518 0.020871647 0.000000000
[36] 0.000000000 0.018808890 0.000000000 0.003252372 0.003252372 0.006504744 0.024124019
[43] 0.013009488 0.009757116 0.000000000 0.003252372 0.003252372 0.003252372 0.015556518
[50] 0.009757116

$Bboots
 [1] 0.0007725871 0.0000000000 0.0131339806 0.0007725871 0.0000000000 0.0054081097
 [7] 0.0015451742 0.0000000000 0.0007725871 0.0000000000 0.0015451742 0.0023177613
[13] 0.0007725871 0.0061806968 0.0015451742 0.0000000000 0.0007725871 0.0054081097
[19] 0.0069532838 0.0007725871 0.0015451742 0.0077258709 0.0000000000 0.0061806968
[25] 0.0007725871 0.0007725871 0.0000000000 0.0061806968 0.0061806968 0.0038629355
[31] 0.0015451742 0.0069532838 0.0061806968 0.0061806968 0.0000000000 0.0000000000
[37] 0.0069532838 0.0000000000 0.0007725871 0.0007725871 0.0015451742 0.0069532838
[43] 0.0030903484 0.0023177613 0.0000000000 0.0007725871 0.0007725871 0.0007725871
[49] 0.0061806968 0.0023177613

$Nboots
 [1]  2.579365  0.000000 43.849206  2.579365  0.000000 18.055556  5.158730  0.000000
 [9]  2.579365  0.000000  5.158730  7.738095  2.579365 20.634921  5.158730  0.000000
[17]  2.579365 18.055556 23.214286  2.579365  5.158730 25.793651  0.000000 20.634921
[25]  2.579365  2.579365  0.000000 20.634921 20.634921 12.896825  5.158730 23.214286
[33] 20.634921 20.634921  0.000000  0.000000 23.214286  0.000000  2.579365  2.579365
[41]  5.158730 23.214286 10.317460  7.738095  0.000000  2.579365  2.579365  2.579365
[49] 20.634921  7.738095

$julians
[1] 2008 2040 2085 2141 2278 2283 2333 2362 2372

$intdays
[1]  32  45  56 137   5  50  29  10   1

$Pintsampest
[1] 0.000000000 0.001457369 0.001795003 0.000000000 0.000000000 0.000000000 0.000000000
[8] 0.000000000 0.000000000

$Pintboots
             [,1]        [,2]        [,3] [,4]        [,5]       [,6] [,7] [,8]
 [1,] 0.000000000 0.001457369 0.001795003    0 0.000000000 0.00000000    0    0
 [2,] 0.000000000 0.000000000 0.000000000    0 0.000000000 0.00000000    0    0
 [3,] 0.007302977 0.014573692 0.005385009    0 0.001118054 0.01118609    0    0
 [4,] 0.000000000 0.001457369 0.001795003    0 0.000000000 0.00000000    0    0
 [5,] 0.000000000 0.000000000 0.000000000    0 0.000000000 0.00000000    0    0
 [6,] 0.000000000 0.000000000 0.000000000    0 0.001118054 0.01118609    0    0
 [7,] 0.000000000 0.002914738 0.003590006    0 0.000000000 0.00000000    0    0
 [8,] 0.000000000 0.000000000 0.000000000    0 0.000000000 0.00000000    0    0
 [9,] 0.000000000 0.001457369 0.001795003    0 0.000000000 0.00000000    0    0
[10,] 0.000000000 0.000000000 0.000000000    0 0.000000000 0.00000000    0    0
[11,] 0.000000000 0.002914738 0.003590006    0 0.000000000 0.00000000    0    0
[12,] 0.000000000 0.004372108 0.005385009    0 0.000000000 0.00000000    0    0
[13,] 0.000000000 0.001457369 0.001795003    0 0.000000000 0.00000000    0    0
[14,] 0.007302977 0.011658954 0.001795003    0 0.000000000 0.00000000    0    0
[15,] 0.000000000 0.002914738 0.003590006    0 0.000000000 0.00000000    0    0
[16,] 0.000000000 0.000000000 0.000000000    0 0.000000000 0.00000000    0    0
[17,] 0.000000000 0.001457369 0.001795003    0 0.000000000 0.00000000    0    0
[18,] 0.000000000 0.000000000 0.000000000    0 0.001118054 0.01118609    0    0
[19,] 0.007302977 0.013116323 0.003590006    0 0.000000000 0.00000000    0    0
[20,] 0.000000000 0.001457369 0.001795003    0 0.000000000 0.00000000    0    0
[21,] 0.000000000 0.002914738 0.003590006    0 0.000000000 0.00000000    0    0
[22,] 0.000000000 0.004372108 0.005385009    0 0.001118054 0.01118609    0    0
[23,] 0.000000000 0.000000000 0.000000000    0 0.000000000 0.00000000    0    0
[24,] 0.007302977 0.011658954 0.001795003    0 0.000000000 0.00000000    0    0
[25,] 0.000000000 0.001457369 0.001795003    0 0.000000000 0.00000000    0    0
[26,] 0.000000000 0.001457369 0.001795003    0 0.000000000 0.00000000    0    0
[27,] 0.000000000 0.000000000 0.000000000    0 0.000000000 0.00000000    0    0
[28,] 0.007302977 0.011658954 0.001795003    0 0.000000000 0.00000000    0    0
[29,] 0.000000000 0.001457369 0.001795003    0 0.001118054 0.01118609    0    0
[30,] 0.000000000 0.007286846 0.008975014    0 0.000000000 0.00000000    0    0
[31,] 0.000000000 0.002914738 0.003590006    0 0.000000000 0.00000000    0    0
[32,] 0.007302977 0.013116323 0.003590006    0 0.000000000 0.00000000    0    0
[33,] 0.000000000 0.001457369 0.001795003    0 0.001118054 0.01118609    0    0
[34,] 0.007302977 0.011658954 0.001795003    0 0.000000000 0.00000000    0    0
[35,] 0.000000000 0.000000000 0.000000000    0 0.000000000 0.00000000    0    0
[36,] 0.000000000 0.000000000 0.000000000    0 0.000000000 0.00000000    0    0
[37,] 0.000000000 0.002914738 0.003590006    0 0.001118054 0.01118609    0    0
[38,] 0.000000000 0.000000000 0.000000000    0 0.000000000 0.00000000    0    0
[39,] 0.000000000 0.001457369 0.001795003    0 0.000000000 0.00000000    0    0
[40,] 0.000000000 0.001457369 0.001795003    0 0.000000000 0.00000000    0    0
[41,] 0.000000000 0.002914738 0.003590006    0 0.000000000 0.00000000    0    0
[42,] 0.007302977 0.013116323 0.003590006    0 0.000000000 0.00000000    0    0
[43,] 0.000000000 0.005829477 0.007180011    0 0.000000000 0.00000000    0    0
[44,] 0.000000000 0.004372108 0.005385009    0 0.000000000 0.00000000    0    0
[45,] 0.000000000 0.000000000 0.000000000    0 0.000000000 0.00000000    0    0
[46,] 0.000000000 0.001457369 0.001795003    0 0.000000000 0.00000000    0    0
[47,] 0.000000000 0.001457369 0.001795003    0 0.000000000 0.00000000    0    0
[48,] 0.000000000 0.001457369 0.001795003    0 0.000000000 0.00000000    0    0
[49,] 0.000000000 0.001457369 0.001795003    0 0.001118054 0.01118609    0    0
[50,] 0.000000000 0.004372108 0.005385009    0 0.000000000 0.00000000    0    0
              [,9]
 [1,] 0.0000000000
 [2,] 0.0000000000
 [3,] 0.0001147135
 [4,] 0.0000000000
 [5,] 0.0000000000
 [6,] 0.0000000000
 [7,] 0.0000000000
 [8,] 0.0000000000
 [9,] 0.0000000000
[10,] 0.0000000000
[11,] 0.0000000000
[12,] 0.0000000000
[13,] 0.0000000000
[14,] 0.0001147135
[15,] 0.0000000000
[16,] 0.0000000000
[17,] 0.0000000000
[18,] 0.0000000000
[19,] 0.0001147135
[20,] 0.0000000000
[21,] 0.0000000000
[22,] 0.0000000000
[23,] 0.0000000000
[24,] 0.0001147135
[25,] 0.0000000000
[26,] 0.0000000000
[27,] 0.0000000000
[28,] 0.0001147135
[29,] 0.0000000000
[30,] 0.0000000000
[31,] 0.0000000000
[32,] 0.0001147135
[33,] 0.0000000000
[34,] 0.0001147135
[35,] 0.0000000000
[36,] 0.0000000000
[37,] 0.0000000000
[38,] 0.0000000000
[39,] 0.0000000000
[40,] 0.0000000000
[41,] 0.0000000000
[42,] 0.0001147135
[43,] 0.0000000000
[44,] 0.0000000000
[45,] 0.0000000000
[46,] 0.0000000000
[47,] 0.0000000000
[48,] 0.0000000000
[49,] 0.0000000000
[50,] 0.0000000000

$Bdatesampinfo
      DATE JULIAN N        Mean      Stdev
1 07/01/11   2008 3 0.000000000 0.00000000
2 08/02/11   2040 1 0.000000000         NA
3 09/16/11   2085 7 0.006180697 0.01635259
4 11/11/11   2141 4 0.000000000 0.00000000
5 03/27/12   2278 3 0.000000000 0.00000000
6 04/01/12   2283 1 0.000000000         NA
7 05/21/12   2333 2 0.000000000 0.00000000
8 06/19/12   2362 4 0.000000000 0.00000000
9 06/29/12   2372 6 0.000000000 0.00000000

$Ndatesampinfo
      DATE JULIAN N     Mean    Stdev
1 07/01/11   2008 3  0.00000  0.00000
2 08/02/11   2040 1  0.00000       NA
3 09/16/11   2085 7 20.63492 54.59487
4 11/11/11   2141 4  0.00000  0.00000
5 03/27/12   2278 3  0.00000  0.00000
6 04/01/12   2283 1  0.00000       NA
7 05/21/12   2333 2  0.00000  0.00000
8 06/19/12   2362 4  0.00000  0.00000
9 06/29/12   2372 6  0.00000  0.00000

$Bdateboots
      [,1]       [,2]        [,3] [,4] [,5]       [,6] [,7] [,8] [,9]
 [1,]    0 0.00000000 0.006180697    0    0 0.00000000    0    0    0
 [2,]    0 0.00000000 0.000000000    0    0 0.00000000    0    0    0
 [3,]    0 0.04326488 0.018542090    0    0 0.04326488    0    0    0
 [4,]    0 0.00000000 0.006180697    0    0 0.00000000    0    0    0
 [5,]    0 0.00000000 0.000000000    0    0 0.00000000    0    0    0
 [6,]    0 0.00000000 0.000000000    0    0 0.04326488    0    0    0
 [7,]    0 0.00000000 0.012361394    0    0 0.00000000    0    0    0
 [8,]    0 0.00000000 0.000000000    0    0 0.00000000    0    0    0
 [9,]    0 0.00000000 0.006180697    0    0 0.00000000    0    0    0
[10,]    0 0.00000000 0.000000000    0    0 0.00000000    0    0    0
[11,]    0 0.00000000 0.012361394    0    0 0.00000000    0    0    0
[12,]    0 0.00000000 0.018542090    0    0 0.00000000    0    0    0
[13,]    0 0.00000000 0.006180697    0    0 0.00000000    0    0    0
[14,]    0 0.04326488 0.006180697    0    0 0.00000000    0    0    0
[15,]    0 0.00000000 0.012361394    0    0 0.00000000    0    0    0
[16,]    0 0.00000000 0.000000000    0    0 0.00000000    0    0    0
[17,]    0 0.00000000 0.006180697    0    0 0.00000000    0    0    0
[18,]    0 0.00000000 0.000000000    0    0 0.04326488    0    0    0
[19,]    0 0.04326488 0.012361394    0    0 0.00000000    0    0    0
[20,]    0 0.00000000 0.006180697    0    0 0.00000000    0    0    0
[21,]    0 0.00000000 0.012361394    0    0 0.00000000    0    0    0
[22,]    0 0.00000000 0.018542090    0    0 0.04326488    0    0    0
[23,]    0 0.00000000 0.000000000    0    0 0.00000000    0    0    0
[24,]    0 0.04326488 0.006180697    0    0 0.00000000    0    0    0
[25,]    0 0.00000000 0.006180697    0    0 0.00000000    0    0    0
[26,]    0 0.00000000 0.006180697    0    0 0.00000000    0    0    0
[27,]    0 0.00000000 0.000000000    0    0 0.00000000    0    0    0
[28,]    0 0.04326488 0.006180697    0    0 0.00000000    0    0    0
[29,]    0 0.00000000 0.006180697    0    0 0.04326488    0    0    0
[30,]    0 0.00000000 0.030903484    0    0 0.00000000    0    0    0
[31,]    0 0.00000000 0.012361394    0    0 0.00000000    0    0    0
[32,]    0 0.04326488 0.012361394    0    0 0.00000000    0    0    0
[33,]    0 0.00000000 0.006180697    0    0 0.04326488    0    0    0
[34,]    0 0.04326488 0.006180697    0    0 0.00000000    0    0    0
[35,]    0 0.00000000 0.000000000    0    0 0.00000000    0    0    0
[36,]    0 0.00000000 0.000000000    0    0 0.00000000    0    0    0
[37,]    0 0.00000000 0.012361394    0    0 0.04326488    0    0    0
[38,]    0 0.00000000 0.000000000    0    0 0.00000000    0    0    0
[39,]    0 0.00000000 0.006180697    0    0 0.00000000    0    0    0
[40,]    0 0.00000000 0.006180697    0    0 0.00000000    0    0    0
[41,]    0 0.00000000 0.012361394    0    0 0.00000000    0    0    0
[42,]    0 0.04326488 0.012361394    0    0 0.00000000    0    0    0
[43,]    0 0.00000000 0.024722787    0    0 0.00000000    0    0    0
[44,]    0 0.00000000 0.018542090    0    0 0.00000000    0    0    0
[45,]    0 0.00000000 0.000000000    0    0 0.00000000    0    0    0
[46,]    0 0.00000000 0.006180697    0    0 0.00000000    0    0    0
[47,]    0 0.00000000 0.006180697    0    0 0.00000000    0    0    0
[48,]    0 0.00000000 0.006180697    0    0 0.00000000    0    0    0
[49,]    0 0.00000000 0.006180697    0    0 0.04326488    0    0    0
[50,]    0 0.00000000 0.018542090    0    0 0.00000000    0    0    0

$Ndateboots
      [,1]     [,2]      [,3] [,4] [,5]     [,6] [,7] [,8] [,9]
 [1,]    0   0.0000  20.63492    0    0   0.0000    0    0    0
 [2,]    0   0.0000   0.00000    0    0   0.0000    0    0    0
 [3,]    0 144.4444  61.90476    0    0 144.4444    0    0    0
 [4,]    0   0.0000  20.63492    0    0   0.0000    0    0    0
 [5,]    0   0.0000   0.00000    0    0   0.0000    0    0    0
 [6,]    0   0.0000   0.00000    0    0 144.4444    0    0    0
 [7,]    0   0.0000  41.26984    0    0   0.0000    0    0    0
 [8,]    0   0.0000   0.00000    0    0   0.0000    0    0    0
 [9,]    0   0.0000  20.63492    0    0   0.0000    0    0    0
[10,]    0   0.0000   0.00000    0    0   0.0000    0    0    0
[11,]    0   0.0000  41.26984    0    0   0.0000    0    0    0
[12,]    0   0.0000  61.90476    0    0   0.0000    0    0    0
[13,]    0   0.0000  20.63492    0    0   0.0000    0    0    0
[14,]    0 144.4444  20.63492    0    0   0.0000    0    0    0
[15,]    0   0.0000  41.26984    0    0   0.0000    0    0    0
[16,]    0   0.0000   0.00000    0    0   0.0000    0    0    0
[17,]    0   0.0000  20.63492    0    0   0.0000    0    0    0
[18,]    0   0.0000   0.00000    0    0 144.4444    0    0    0
[19,]    0 144.4444  41.26984    0    0   0.0000    0    0    0
[20,]    0   0.0000  20.63492    0    0   0.0000    0    0    0
[21,]    0   0.0000  41.26984    0    0   0.0000    0    0    0
[22,]    0   0.0000  61.90476    0    0 144.4444    0    0    0
[23,]    0   0.0000   0.00000    0    0   0.0000    0    0    0
[24,]    0 144.4444  20.63492    0    0   0.0000    0    0    0
[25,]    0   0.0000  20.63492    0    0   0.0000    0    0    0
[26,]    0   0.0000  20.63492    0    0   0.0000    0    0    0
[27,]    0   0.0000   0.00000    0    0   0.0000    0    0    0
[28,]    0 144.4444  20.63492    0    0   0.0000    0    0    0
[29,]    0   0.0000  20.63492    0    0 144.4444    0    0    0
[30,]    0   0.0000 103.17460    0    0   0.0000    0    0    0
[31,]    0   0.0000  41.26984    0    0   0.0000    0    0    0
[32,]    0 144.4444  41.26984    0    0   0.0000    0    0    0
[33,]    0   0.0000  20.63492    0    0 144.4444    0    0    0
[34,]    0 144.4444  20.63492    0    0   0.0000    0    0    0
[35,]    0   0.0000   0.00000    0    0   0.0000    0    0    0
[36,]    0   0.0000   0.00000    0    0   0.0000    0    0    0
[37,]    0   0.0000  41.26984    0    0 144.4444    0    0    0
[38,]    0   0.0000   0.00000    0    0   0.0000    0    0    0
[39,]    0   0.0000  20.63492    0    0   0.0000    0    0    0
[40,]    0   0.0000  20.63492    0    0   0.0000    0    0    0
[41,]    0   0.0000  41.26984    0    0   0.0000    0    0    0
[42,]    0 144.4444  41.26984    0    0   0.0000    0    0    0
[43,]    0   0.0000  82.53968    0    0   0.0000    0    0    0
[44,]    0   0.0000  61.90476    0    0   0.0000    0    0    0
[45,]    0   0.0000   0.00000    0    0   0.0000    0    0    0
[46,]    0   0.0000  20.63492    0    0   0.0000    0    0    0
[47,]    0   0.0000  20.63492    0    0   0.0000    0    0    0
[48,]    0   0.0000  20.63492    0    0   0.0000    0    0    0
[49,]    0   0.0000  20.63492    0    0 144.4444    0    0    0
[50,]    0   0.0000  61.90476    0    0   0.0000    0    0    0

