$totdays
[1] 365

$Psampest
[1] NA

$Pbootest
        Mean         2.5%          50%        97.5% 
0.0009725404 0.0000000000 0.0000000000 0.0073896434 

$Pboots
 [1] 0.000000000 0.000000000 0.002264929 0.007772634 0.000000000 0.000000000 0.000000000
 [8] 0.000000000 0.000000000 0.000000000 0.002264929 0.000000000 0.000000000 0.000000000
[15] 0.002264929 0.000000000 0.000000000 0.006890899 0.000000000 0.000000000 0.003242776
[22] 0.000000000 0.000000000 0.002264929 0.000000000 0.000000000 0.006794788 0.000000000
[29] 0.000000000 0.000000000 0.000000000 0.005710379 0.000000000 0.000000000 0.001621388
[36] 0.000000000 0.000000000 0.000000000 0.000000000 0.000000000 0.000000000 0.007534440
[43] 0.000000000 0.000000000 0.000000000 0.000000000 0.000000000 0.000000000 0.000000000
[50] 0.000000000

$Bboots
 [1] 0.0000000000 0.0000000000 0.0006003472 0.0024013889 0.0000000000 0.0000000000
 [7] 0.0000000000 0.0000000000 0.0000000000 0.0000000000 0.0006003472 0.0000000000
[13] 0.0000000000 0.0000000000 0.0006003472 0.0000000000 0.0000000000 0.0025514757
[19] 0.0000000000 0.0000000000 0.0012006944 0.0000000000 0.0000000000 0.0006003472
[25] 0.0000000000 0.0000000000 0.0018010417 0.0000000000 0.0000000000 0.0000000000
[31] 0.0000000000 0.0018760851 0.0000000000 0.0000000000 0.0006003472 0.0000000000
[37] 0.0000000000 0.0000000000 0.0000000000 0.0000000000 0.0000000000 0.0025514757
[43] 0.0000000000 0.0000000000 0.0000000000 0.0000000000 0.0000000000 0.0000000000
[49] 0.0000000000 0.0000000000

$Nboots
 [1] 0.0000000 0.0000000 0.4629630 1.8518519 0.0000000 0.0000000 0.0000000 0.0000000
 [9] 0.0000000 0.0000000 0.4629630 0.0000000 0.0000000 0.0000000 0.4629630 0.0000000
[17] 0.0000000 1.6203704 0.0000000 0.0000000 0.9259259 0.0000000 0.0000000 0.4629630
[25] 0.0000000 0.0000000 1.3888889 0.0000000 0.0000000 0.0000000 0.0000000 1.2731481
[33] 0.0000000 0.0000000 0.4629630 0.0000000 0.0000000 0.0000000 0.0000000 0.0000000
[41] 0.0000000 1.6203704 0.0000000 0.0000000 0.0000000 0.0000000 0.0000000 0.0000000
[49] 0.0000000 0.0000000

$julians
[1] 2008 2040 2085 2141 2278 2283 2333 2362 2372

$intdays
[1]  32  45  56 137   5  50  29  10   1

$Pintsampest
[1] NA NA NA NA NA NA NA NA NA

$Pintboots
             [,1]        [,2] [,3] [,4] [,5] [,6] [,7] [,8] [,9]
 [1,] 0.000000000 0.000000000    0    0    0    0    0    0    0
 [2,] 0.000000000 0.000000000    0    0    0    0    0    0    0
 [3,] 0.000000000 0.002264929    0    0    0    0    0    0    0
 [4,] 0.003242776 0.004529858    0    0    0    0    0    0    0
 [5,] 0.000000000 0.000000000    0    0    0    0    0    0    0
 [6,] 0.000000000 0.000000000    0    0    0    0    0    0    0
 [7,] 0.000000000 0.000000000    0    0    0    0    0    0    0
 [8,] 0.000000000 0.000000000    0    0    0    0    0    0    0
 [9,] 0.000000000 0.000000000    0    0    0    0    0    0    0
[10,] 0.000000000 0.000000000    0    0    0    0    0    0    0
[11,] 0.000000000 0.002264929    0    0    0    0    0    0    0
[12,] 0.000000000 0.000000000    0    0    0    0    0    0    0
[13,] 0.000000000 0.000000000    0    0    0    0    0    0    0
[14,] 0.000000000 0.000000000    0    0    0    0    0    0    0
[15,] 0.000000000 0.002264929    0    0    0    0    0    0    0
[16,] 0.000000000 0.000000000    0    0    0    0    0    0    0
[17,] 0.000000000 0.000000000    0    0    0    0    0    0    0
[18,] 0.006890899 0.000000000    0    0    0    0    0    0    0
[19,] 0.000000000 0.000000000    0    0    0    0    0    0    0
[20,] 0.000000000 0.000000000    0    0    0    0    0    0    0
[21,] 0.003242776 0.000000000    0    0    0    0    0    0    0
[22,] 0.000000000 0.000000000    0    0    0    0    0    0    0
[23,] 0.000000000 0.000000000    0    0    0    0    0    0    0
[24,] 0.000000000 0.002264929    0    0    0    0    0    0    0
[25,] 0.000000000 0.000000000    0    0    0    0    0    0    0
[26,] 0.000000000 0.000000000    0    0    0    0    0    0    0
[27,] 0.000000000 0.006794788    0    0    0    0    0    0    0
[28,] 0.000000000 0.000000000    0    0    0    0    0    0    0
[29,] 0.000000000 0.000000000    0    0    0    0    0    0    0
[30,] 0.000000000 0.000000000    0    0    0    0    0    0    0
[31,] 0.000000000 0.000000000    0    0    0    0    0    0    0
[32,] 0.003445449 0.002264929    0    0    0    0    0    0    0
[33,] 0.000000000 0.000000000    0    0    0    0    0    0    0
[34,] 0.000000000 0.000000000    0    0    0    0    0    0    0
[35,] 0.001621388 0.000000000    0    0    0    0    0    0    0
[36,] 0.000000000 0.000000000    0    0    0    0    0    0    0
[37,] 0.000000000 0.000000000    0    0    0    0    0    0    0
[38,] 0.000000000 0.000000000    0    0    0    0    0    0    0
[39,] 0.000000000 0.000000000    0    0    0    0    0    0    0
[40,] 0.000000000 0.000000000    0    0    0    0    0    0    0
[41,] 0.000000000 0.000000000    0    0    0    0    0    0    0
[42,] 0.005269511 0.002264929    0    0    0    0    0    0    0
[43,] 0.000000000 0.000000000    0    0    0    0    0    0    0
[44,] 0.000000000 0.000000000    0    0    0    0    0    0    0
[45,] 0.000000000 0.000000000    0    0    0    0    0    0    0
[46,] 0.000000000 0.000000000    0    0    0    0    0    0    0
[47,] 0.000000000 0.000000000    0    0    0    0    0    0    0
[48,] 0.000000000 0.000000000    0    0    0    0    0    0    0
[49,] 0.000000000 0.000000000    0    0    0    0    0    0    0
[50,] 0.000000000 0.000000000    0    0    0    0    0    0    0

$Bdatesampinfo
      DATE JULIAN N Mean Stdev
1 07/01/11   2008 4   NA    NA
2 08/02/11   2040 3   NA    NA
3 09/16/11   2085 8   NA    NA
4 11/11/11   2141 5   NA    NA
5 03/27/12   2278 4   NA    NA
6 04/01/12   2283 2   NA    NA
7 05/21/12   2333 3   NA    NA
8 06/19/12   2362 5   NA    NA
9 06/29/12   2372 7   NA    NA

$Ndatesampinfo
      DATE JULIAN N Mean Stdev
1 07/01/11   2008 4   NA    NA
2 08/02/11   2040 3   NA    NA
3 09/16/11   2085 8   NA    NA
4 11/11/11   2141 5   NA    NA
5 03/27/12   2278 4   NA    NA
6 04/01/12   2283 2   NA    NA
7 05/21/12   2333 3   NA    NA
8 06/19/12   2362 5   NA    NA
9 06/29/12   2372 7   NA    NA

$Bdateboots
            [,1]        [,2] [,3] [,4] [,5] [,6] [,7] [,8] [,9]
 [1,] 0.01080625 0.000000000    0    0    0    0    0    0    0
 [2,] 0.00000000 0.000000000    0    0    0    0    0    0    0
 [3,] 0.00000000 0.009605556    0    0    0    0    0    0    0
 [4,] 0.00000000 0.019211111    0    0    0    0    0    0    0
 [5,] 0.00000000 0.000000000    0    0    0    0    0    0    0
 [6,] 0.00000000 0.000000000    0    0    0    0    0    0    0
 [7,] 0.00000000 0.009605556    0    0    0    0    0    0    0
 [8,] 0.00000000 0.000000000    0    0    0    0    0    0    0
 [9,] 0.02161250 0.000000000    0    0    0    0    0    0    0
[10,] 0.00000000 0.000000000    0    0    0    0    0    0    0
[11,] 0.00000000 0.009605556    0    0    0    0    0    0    0
[12,] 0.00000000 0.000000000    0    0    0    0    0    0    0
[13,] 0.00000000 0.000000000    0    0    0    0    0    0    0
[14,] 0.00000000 0.000000000    0    0    0    0    0    0    0
[15,] 0.00000000 0.009605556    0    0    0    0    0    0    0
[16,] 0.00000000 0.000000000    0    0    0    0    0    0    0
[17,] 0.00000000 0.000000000    0    0    0    0    0    0    0
[18,] 0.02161250 0.019211111    0    0    0    0    0    0    0
[19,] 0.00000000 0.000000000    0    0    0    0    0    0    0
[20,] 0.00000000 0.000000000    0    0    0    0    0    0    0
[21,] 0.00000000 0.019211111    0    0    0    0    0    0    0
[22,] 0.00000000 0.000000000    0    0    0    0    0    0    0
[23,] 0.00000000 0.000000000    0    0    0    0    0    0    0
[24,] 0.00000000 0.009605556    0    0    0    0    0    0    0
[25,] 0.00000000 0.000000000    0    0    0    0    0    0    0
[26,] 0.00000000 0.000000000    0    0    0    0    0    0    0
[27,] 0.00000000 0.028816667    0    0    0    0    0    0    0
[28,] 0.00000000 0.000000000    0    0    0    0    0    0    0
[29,] 0.00000000 0.000000000    0    0    0    0    0    0    0
[30,] 0.02161250 0.000000000    0    0    0    0    0    0    0
[31,] 0.00000000 0.000000000    0    0    0    0    0    0    0
[32,] 0.01080625 0.009605556    0    0    0    0    0    0    0
[33,] 0.00000000 0.000000000    0    0    0    0    0    0    0
[34,] 0.00000000 0.000000000    0    0    0    0    0    0    0
[35,] 0.00000000 0.009605556    0    0    0    0    0    0    0
[36,] 0.00000000 0.000000000    0    0    0    0    0    0    0
[37,] 0.01080625 0.000000000    0    0    0    0    0    0    0
[38,] 0.00000000 0.000000000    0    0    0    0    0    0    0
[39,] 0.00000000 0.000000000    0    0    0    0    0    0    0
[40,] 0.00000000 0.019211111    0    0    0    0    0    0    0
[41,] 0.00000000 0.000000000    0    0    0    0    0    0    0
[42,] 0.02161250 0.009605556    0    0    0    0    0    0    0
[43,] 0.01080625 0.000000000    0    0    0    0    0    0    0
[44,] 0.00000000 0.009605556    0    0    0    0    0    0    0
[45,] 0.02161250 0.000000000    0    0    0    0    0    0    0
[46,] 0.01080625 0.000000000    0    0    0    0    0    0    0
[47,] 0.00000000 0.000000000    0    0    0    0    0    0    0
[48,] 0.00000000 0.000000000    0    0    0    0    0    0    0
[49,] 0.00000000 0.019211111    0    0    0    0    0    0    0
[50,] 0.00000000 0.000000000    0    0    0    0    0    0    0

$Ndateboots
           [,1]      [,2] [,3] [,4] [,5] [,6] [,7] [,8] [,9]
 [1,]  5.555556  0.000000    0    0    0    0    0    0    0
 [2,]  0.000000  0.000000    0    0    0    0    0    0    0
 [3,]  0.000000  7.407407    0    0    0    0    0    0    0
 [4,]  0.000000 14.814815    0    0    0    0    0    0    0
 [5,]  0.000000  0.000000    0    0    0    0    0    0    0
 [6,]  0.000000  0.000000    0    0    0    0    0    0    0
 [7,]  0.000000  7.407407    0    0    0    0    0    0    0
 [8,]  0.000000  0.000000    0    0    0    0    0    0    0
 [9,] 11.111111  0.000000    0    0    0    0    0    0    0
[10,]  0.000000  0.000000    0    0    0    0    0    0    0
[11,]  0.000000  7.407407    0    0    0    0    0    0    0
[12,]  0.000000  0.000000    0    0    0    0    0    0    0
[13,]  0.000000  0.000000    0    0    0    0    0    0    0
[14,]  0.000000  0.000000    0    0    0    0    0    0    0
[15,]  0.000000  7.407407    0    0    0    0    0    0    0
[16,]  0.000000  0.000000    0    0    0    0    0    0    0
[17,]  0.000000  0.000000    0    0    0    0    0    0    0
[18,] 11.111111 14.814815    0    0    0    0    0    0    0
[19,]  0.000000  0.000000    0    0    0    0    0    0    0
[20,]  0.000000  0.000000    0    0    0    0    0    0    0
[21,]  0.000000 14.814815    0    0    0    0    0    0    0
[22,]  0.000000  0.000000    0    0    0    0    0    0    0
[23,]  0.000000  0.000000    0    0    0    0    0    0    0
[24,]  0.000000  7.407407    0    0    0    0    0    0    0
[25,]  0.000000  0.000000    0    0    0    0    0    0    0
[26,]  0.000000  0.000000    0    0    0    0    0    0    0
[27,]  0.000000 22.222222    0    0    0    0    0    0    0
[28,]  0.000000  0.000000    0    0    0    0    0    0    0
[29,]  0.000000  0.000000    0    0    0    0    0    0    0
[30,] 11.111111  0.000000    0    0    0    0    0    0    0
[31,]  0.000000  0.000000    0    0    0    0    0    0    0
[32,]  5.555556  7.407407    0    0    0    0    0    0    0
[33,]  0.000000  0.000000    0    0    0    0    0    0    0
[34,]  0.000000  0.000000    0    0    0    0    0    0    0
[35,]  0.000000  7.407407    0    0    0    0    0    0    0
[36,]  0.000000  0.000000    0    0    0    0    0    0    0
[37,]  5.555556  0.000000    0    0    0    0    0    0    0
[38,]  0.000000  0.000000    0    0    0    0    0    0    0
[39,]  0.000000  0.000000    0    0    0    0    0    0    0
[40,]  0.000000 14.814815    0    0    0    0    0    0    0
[41,]  0.000000  0.000000    0    0    0    0    0    0    0
[42,] 11.111111  7.407407    0    0    0    0    0    0    0
[43,]  5.555556  0.000000    0    0    0    0    0    0    0
[44,]  0.000000  7.407407    0    0    0    0    0    0    0
[45,] 11.111111  0.000000    0    0    0    0    0    0    0
[46,]  5.555556  0.000000    0    0    0    0    0    0    0
[47,]  0.000000  0.000000    0    0    0    0    0    0    0
[48,]  0.000000  0.000000    0    0    0    0    0    0    0
[49,]  0.000000 14.814815    0    0    0    0    0    0    0
[50,]  0.000000  0.000000    0    0    0    0    0    0    0

