$totdays
[1] 365

$Psampest
[1] NA

$Pbootest
     Mean      2.5%       50%     97.5% 
0.5087346 0.0000000 0.0000000 3.5354525 

$Pboots
 [1] 0.00000000 0.00000000 0.00000000 0.08244695 0.00000000 0.74243644 0.00000000
 [8] 0.00000000 0.00000000 2.83306544 1.94628126 0.00000000 0.00000000 0.00000000
[15] 0.00000000 2.18590320 0.00000000 0.00000000 0.00000000 0.00000000 0.00000000
[22] 0.00000000 0.00000000 0.00000000 0.00000000 5.24840186 0.00000000 0.00000000
[29] 1.34146291 0.00000000 0.00000000 0.00000000 0.00000000 0.00000000 0.00000000
[36] 0.00000000 1.92812646 0.00000000 0.00000000 0.00000000 0.00000000 2.12232277
[43] 0.00000000 0.00000000 3.56188806 0.00000000 0.00000000 0.00000000 3.44439670
[50] 0.00000000

$Bboots
 [1] 0.0000000 0.0000000 0.0000000 0.3881999 0.0000000 0.1957049 0.0000000 0.0000000
 [9] 0.0000000 1.1336905 0.4412637 0.0000000 0.0000000 0.0000000 0.0000000 0.5601486
[17] 0.0000000 0.0000000 0.0000000 0.0000000 0.0000000 0.0000000 0.0000000 0.0000000
[25] 0.0000000 1.2437960 0.0000000 0.0000000 0.9325454 0.0000000 0.0000000 0.0000000
[33] 0.0000000 0.0000000 0.0000000 0.0000000 1.1968062 0.0000000 0.0000000 0.0000000
[41] 0.0000000 0.9128883 0.0000000 0.0000000 0.8546976 0.0000000 0.0000000 0.0000000
[49] 1.4790699 0.0000000

$Nboots
 [1]  0.000000  0.000000  0.000000 10.416667  0.000000  5.972222  0.000000  0.000000
 [9]  0.000000 38.593750 14.861111  0.000000  0.000000  0.000000  0.000000 17.777778
[17]  0.000000  0.000000  0.000000  0.000000  0.000000  0.000000  0.000000  0.000000
[25]  0.000000 41.666667  0.000000  0.000000 27.465278  0.000000  0.000000  0.000000
[33]  0.000000  0.000000  0.000000  0.000000 34.670139  0.000000  0.000000  0.000000
[41]  0.000000 29.861111  0.000000  0.000000 28.333333  0.000000  0.000000  0.000000
[49] 45.243056  0.000000

$julians
[1] 2008 2040 2085 2141 2278 2283 2333 2362 2372

$intdays
[1]  32  45  56 137   5  50  29  10   1

$Pintsampest
[1] NA NA NA NA NA NA NA NA NA

$Pintboots
           [,1]     [,2]       [,3] [,4] [,5] [,6] [,7] [,8]       [,9]
 [1,] 0.0000000 0.000000 0.00000000    0    0    0    0    0 0.00000000
 [2,] 0.0000000 0.000000 0.00000000    0    0    0    0    0 0.00000000
 [3,] 0.0000000 0.000000 0.00000000    0    0    0    0    0 0.00000000
 [4,] 0.0000000 0.000000 0.08244695    0    0    0    0    0 0.00000000
 [5,] 0.0000000 0.000000 0.00000000    0    0    0    0    0 0.00000000
 [6,] 0.7424364 0.000000 0.00000000    0    0    0    0    0 0.00000000
 [7,] 0.0000000 0.000000 0.00000000    0    0    0    0    0 0.00000000
 [8,] 0.0000000 0.000000 0.00000000    0    0    0    0    0 0.00000000
 [9,] 0.0000000 0.000000 0.00000000    0    0    0    0    0 0.00000000
[10,] 0.0000000 2.833065 0.00000000    0    0    0    0    0 0.00000000
[11,] 1.8976021 0.000000 0.00000000    0    0    0    0    0 0.04867914
[12,] 0.0000000 0.000000 0.00000000    0    0    0    0    0 0.00000000
[13,] 0.0000000 0.000000 0.00000000    0    0    0    0    0 0.00000000
[14,] 0.0000000 0.000000 0.00000000    0    0    0    0    0 0.00000000
[15,] 0.0000000 0.000000 0.00000000    0    0    0    0    0 0.00000000
[16,] 2.1859032 0.000000 0.00000000    0    0    0    0    0 0.00000000
[17,] 0.0000000 0.000000 0.00000000    0    0    0    0    0 0.00000000
[18,] 0.0000000 0.000000 0.00000000    0    0    0    0    0 0.00000000
[19,] 0.0000000 0.000000 0.00000000    0    0    0    0    0 0.00000000
[20,] 0.0000000 0.000000 0.00000000    0    0    0    0    0 0.00000000
[21,] 0.0000000 0.000000 0.00000000    0    0    0    0    0 0.00000000
[22,] 0.0000000 0.000000 0.00000000    0    0    0    0    0 0.00000000
[23,] 0.0000000 0.000000 0.00000000    0    0    0    0    0 0.00000000
[24,] 0.0000000 0.000000 0.00000000    0    0    0    0    0 0.00000000
[25,] 0.0000000 0.000000 0.00000000    0    0    0    0    0 0.00000000
[26,] 5.2484019 0.000000 0.00000000    0    0    0    0    0 0.00000000
[27,] 0.0000000 0.000000 0.00000000    0    0    0    0    0 0.00000000
[28,] 0.0000000 0.000000 0.00000000    0    0    0    0    0 0.00000000
[29,] 0.0000000 1.301620 0.03984249    0    0    0    0    0 0.00000000
[30,] 0.0000000 0.000000 0.00000000    0    0    0    0    0 0.00000000
[31,] 0.0000000 0.000000 0.00000000    0    0    0    0    0 0.00000000
[32,] 0.0000000 0.000000 0.00000000    0    0    0    0    0 0.00000000
[33,] 0.0000000 0.000000 0.00000000    0    0    0    0    0 0.00000000
[34,] 0.0000000 0.000000 0.00000000    0    0    0    0    0 0.00000000
[35,] 0.0000000 0.000000 0.00000000    0    0    0    0    0 0.00000000
[36,] 0.0000000 0.000000 0.00000000    0    0    0    0    0 0.00000000
[37,] 0.0000000 1.928126 0.00000000    0    0    0    0    0 0.00000000
[38,] 0.0000000 0.000000 0.00000000    0    0    0    0    0 0.00000000
[39,] 0.0000000 0.000000 0.00000000    0    0    0    0    0 0.00000000
[40,] 0.0000000 0.000000 0.00000000    0    0    0    0    0 0.00000000
[41,] 0.0000000 0.000000 0.00000000    0    0    0    0    0 0.00000000
[42,] 0.0000000 2.122323 0.00000000    0    0    0    0    0 0.00000000
[43,] 0.0000000 0.000000 0.00000000    0    0    0    0    0 0.00000000
[44,] 0.0000000 0.000000 0.00000000    0    0    0    0    0 0.00000000
[45,] 3.5618881 0.000000 0.00000000    0    0    0    0    0 0.00000000
[46,] 0.0000000 0.000000 0.00000000    0    0    0    0    0 0.00000000
[47,] 0.0000000 0.000000 0.00000000    0    0    0    0    0 0.00000000
[48,] 0.0000000 0.000000 0.00000000    0    0    0    0    0 0.00000000
[49,] 2.0420514 1.354364 0.04798088    0    0    0    0    0 0.00000000
[50,] 0.0000000 0.000000 0.00000000    0    0    0    0    0 0.00000000

$Bdatesampinfo
      DATE JULIAN N Mean Stdev
1 07/01/11   2008 5   NA    NA
2 08/02/11   2040 5   NA    NA
3 09/16/11   2085 8   NA    NA
4 11/11/11   2141 5   NA    NA
5 03/27/12   2278 4   NA    NA
6 04/01/12   2283 2   NA    NA
7 05/21/12   2333 3   NA    NA
8 06/19/12   2362 5   NA    NA
9 06/29/12   2372 7   NA    NA

$Ndatesampinfo
      DATE JULIAN N Mean Stdev
1 07/01/11   2008 5   NA    NA
2 08/02/11   2040 5   NA    NA
3 09/16/11   2085 8   NA    NA
4 11/11/11   2141 5   NA    NA
5 03/27/12   2278 4   NA    NA
6 04/01/12   2283 2   NA    NA
7 05/21/12   2333 3   NA    NA
8 06/19/12   2362 5   NA    NA
9 06/29/12   2372 7   NA    NA

$Bdateboots
           [,1]      [,2]      [,3] [,4] [,5] [,6] [,7] [,8] [,9]
 [1,] 0.0000000  0.000000  0.000000    0    0    0    0    0    0
 [2,] 0.0000000  0.000000  0.000000    0    0    0    0    0    0
 [3,] 0.7112465  0.000000  0.000000    0    0    0    0    0    0
 [4,] 0.0000000  0.000000  6.211198    0    0    0    0    0    0
 [5,] 0.0000000  0.000000  0.000000    0    0    0    0    0    0
 [6,] 1.1282178  2.003060  0.000000    0    0    0    0    0    0
 [7,] 0.5906568  0.000000  0.000000    0    0    0    0    0    0
 [8,] 0.0000000  0.000000  0.000000    0    0    0    0    0    0
 [9,] 0.0000000  0.000000  0.000000    0    0    0    0    0    0
[10,] 0.0000000 16.528981  1.610068    0    0    0    0    0    0
[11,] 1.0526239  6.007595  0.000000    0    0    0    0    0    0
[12,] 1.1507157  0.000000  6.148324    0    0    0    0    0    0
[13,] 0.0000000  2.301821  0.000000    0    0    0    0    0    0
[14,] 0.0000000  0.000000  0.000000    0    0    0    0    0    0
[15,] 0.0000000  0.000000  4.228173    0    0    0    0    0    0
[16,] 0.4424660  8.519912  0.000000    0    0    0    0    0    0
[17,] 0.9575291  0.000000  0.000000    0    0    0    0    0    0
[18,] 0.0000000  0.000000  0.000000    0    0    0    0    0    0
[19,] 0.0000000  0.000000  0.000000    0    0    0    0    0    0
[20,] 0.0000000  0.000000  0.000000    0    0    0    0    0    0
[21,] 0.0000000  0.000000  0.000000    0    0    0    0    0    0
[22,] 0.0000000  0.000000  0.000000    0    0    0    0    0    0
[23,] 0.0000000  0.000000  0.000000    0    0    0    0    0    0
[24,] 0.0000000  0.000000  0.000000    0    0    0    0    0    0
[25,] 0.7112465  0.000000  4.228173    0    0    0    0    0    0
[26,] 0.8594373 19.041298  0.000000    0    0    0    0    0    0
[27,] 0.0000000 11.417668  0.000000    0    0    0    0    0    0
[28,] 0.0000000  0.000000  0.000000    0    0    0    0    0    0
[29,] 0.0000000  7.114373  3.903177    0    0    0    0    0    0
[30,] 0.9800270  0.000000  1.285072    0    0    0    0    0    0
[31,] 0.0000000  0.000000  0.324996    0    0    0    0    0    0
[32,] 0.0000000  0.000000  0.000000    0    0    0    0    0    0
[33,] 0.0000000  0.000000  0.000000    0    0    0    0    0    0
[34,] 0.6887486  0.000000  5.188248    0    0    0    0    0    0
[35,] 0.8594373  0.000000  0.000000    0    0    0    0    0    0
[36,] 0.0000000  0.000000  0.000000    0    0    0    0    0    0
[37,] 0.0000000  7.114373 12.034526    0    0    0    0    0    0
[38,] 0.0000000  0.000000  0.000000    0    0    0    0    0    0
[39,] 0.0000000  0.000000  0.000000    0    0    0    0    0    0
[40,] 0.0000000  0.000000  0.000000    0    0    0    0    0    0
[41,] 0.0000000  0.000000  4.228173    0    0    0    0    0    0
[42,] 0.0000000 13.631225  0.974988    0    0    0    0    0    0
[43,] 0.8819352  0.000000  0.000000    0    0    0    0    0    0
[44,] 0.0000000  0.000000  0.000000    0    0    0    0    0    0
[45,] 1.1507157 12.524446  0.000000    0    0    0    0    0    0
[46,] 1.1507157  0.000000  0.000000    0    0    0    0    0    0
[47,] 0.0000000  0.000000  0.000000    0    0    0    0    0    0
[48,] 0.0000000  0.000000  0.000000    0    0    0    0    0    0
[49,] 0.9800270  7.114373  4.228173    0    0    0    0    0    0
[50,] 0.0000000  0.000000  0.000000    0    0    0    0    0    0

$Ndateboots
          [,1]      [,2]      [,3] [,4] [,5] [,6] [,7] [,8] [,9]
 [1,]  0.00000   0.00000   0.00000    0    0    0    0    0    0
 [2,]  0.00000   0.00000   0.00000    0    0    0    0    0    0
 [3,] 24.44444   0.00000   0.00000    0    0    0    0    0    0
 [4,]  0.00000   0.00000 166.66667    0    0    0    0    0    0
 [5,]  0.00000   0.00000   0.00000    0    0    0    0    0    0
 [6,] 42.22222  53.33333   0.00000    0    0    0    0    0    0
 [7,] 28.88889   0.00000   0.00000    0    0    0    0    0    0
 [8,]  0.00000   0.00000   0.00000    0    0    0    0    0    0
 [9,]  0.00000   0.00000   0.00000    0    0    0    0    0    0
[10,]  0.00000 568.88889  48.61111    0    0    0    0    0    0
[11,] 33.33333 204.44444   0.00000    0    0    0    0    0    0
[12,] 35.55556   0.00000 168.05556    0    0    0    0    0    0
[13,]  0.00000  62.22222   0.00000    0    0    0    0    0    0
[14,]  0.00000   0.00000   0.00000    0    0    0    0    0    0
[15,]  0.00000   0.00000 115.27778    0    0    0    0    0    0
[16,] 17.77778 266.66667   0.00000    0    0    0    0    0    0
[17,] 37.77778   0.00000   0.00000    0    0    0    0    0    0
[18,]  0.00000   0.00000   0.00000    0    0    0    0    0    0
[19,]  0.00000   0.00000   0.00000    0    0    0    0    0    0
[20,]  0.00000   0.00000   0.00000    0    0    0    0    0    0
[21,]  0.00000   0.00000   0.00000    0    0    0    0    0    0
[22,]  0.00000   0.00000   0.00000    0    0    0    0    0    0
[23,]  0.00000   0.00000   0.00000    0    0    0    0    0    0
[24,]  0.00000   0.00000   0.00000    0    0    0    0    0    0
[25,] 24.44444   0.00000 115.27778    0    0    0    0    0    0
[26,] 35.55556 631.11111   0.00000    0    0    0    0    0    0
[27,]  0.00000 391.11111   0.00000    0    0    0    0    0    0
[28,]  0.00000   0.00000   0.00000    0    0    0    0    0    0
[29,]  0.00000 231.11111 104.16667    0    0    0    0    0    0
[30,] 31.11111   0.00000  37.50000    0    0    0    0    0    0
[31,]  0.00000   0.00000  11.11111    0    0    0    0    0    0
[32,]  0.00000   0.00000   0.00000    0    0    0    0    0    0
[33,]  0.00000   0.00000   0.00000    0    0    0    0    0    0
[34,] 31.11111   0.00000 141.66667    0    0    0    0    0    0
[35,] 35.55556   0.00000   0.00000    0    0    0    0    0    0
[36,]  0.00000   0.00000   0.00000    0    0    0    0    0    0
[37,]  0.00000 231.11111 323.61111    0    0    0    0    0    0
[38,]  0.00000   0.00000   0.00000    0    0    0    0    0    0
[39,]  0.00000   0.00000   0.00000    0    0    0    0    0    0
[40,]  0.00000   0.00000   0.00000    0    0    0    0    0    0
[41,]  0.00000   0.00000 115.27778    0    0    0    0    0    0
[42,]  0.00000 444.44444  33.33333    0    0    0    0    0    0
[43,] 28.88889   0.00000   0.00000    0    0    0    0    0    0
[44,]  0.00000   0.00000   0.00000    0    0    0    0    0    0
[45,] 35.55556 417.77778   0.00000    0    0    0    0    0    0
[46,] 35.55556   0.00000   0.00000    0    0    0    0    0    0
[47,]  0.00000   0.00000   0.00000    0    0    0    0    0    0
[48,]  0.00000   0.00000   0.00000    0    0    0    0    0    0
[49,] 31.11111 231.11111 115.27778    0    0    0    0    0    0
[50,]  0.00000   0.00000   0.00000    0    0    0    0    0    0

