$totdays
[1] 365

$Psampest
[1] 285.6983

$Pbootest
     Mean      2.5%       50%     97.5% 
1637.6601  192.8232  375.6341 6701.8097 

$Pboots
 [1] 6753.82427 4521.39010  286.43546   99.84797 6510.22503  430.93901  467.69445
 [8]  394.43350 6332.54407 1911.06437 2650.80369 6787.98545 1655.34587  480.42853
[15]  575.72834  212.36516  268.46753  528.77586  280.09332  231.06638  212.13390
[22]  354.00850  254.52039  365.58409  385.25024  249.67980 1845.32991  343.55239
[29]  225.46138  366.01797 6499.79526  291.03464  191.73758  253.41797 2686.36044
[36] 1898.33537  351.81656 2862.60547 6522.64826 4680.74077 2548.25067  253.25806
[43] 4638.62452  239.72559  215.17227  579.72093  349.71010  196.56235  364.35839
[50]  278.13351

$Bboots
 [1] 1763.03153 1422.53069  216.51246   27.10376 1554.75129  320.13814  251.06199
 [8]  313.00817 1434.73843  632.39937  717.66823 1791.48938  463.25081  306.77971
[15]  329.10721  137.19343  178.17865  359.51363  226.69350  159.22721  160.32808
[22]  223.92894  198.41019  293.36400  307.46071  172.68519  619.15246  249.83636
[29]  181.11984  271.73581 1542.84451  232.34152  127.40051  144.09277  716.33426
[36]  613.49455  245.45658  878.44046 1550.79235 1468.29380  601.90947  200.12528
[43] 1521.21633  147.07598  178.29118  420.23107  216.79283  161.19991  235.84502
[50]  225.51659

$Nboots
 [1] 25.760582 25.297619  7.010582 12.103175 23.065476  8.399471 23.313492  6.167328
 [9] 19.328704 10.367063  9.788360 25.148810  6.977513 24.685847 24.718915  6.167328
[17]  7.010582 13.095238  4.199735  6.200397 10.416667 10.367063  5.704365  5.009921
[25]  5.125661  5.968915  7.440476  7.589286  3.852513  6.514550 24.140212  6.283069
[33]  6.464947 15.839947 13.293651 13.210979  7.820767 14.682540 25.529101 39.963624
[41] 11.937831  4.662698 25.644841  7.969577  2.314815 11.326058 14.880952  3.042328
[49] 10.284392  4.546958

$julians
[1] 2008 2040 2085 2141 2278 2283 2333 2362 2372

$intdays
[1]  32  45  56 137   5  50  29  10   1

$Pintsampest
[1]   0.000000  22.319112  27.488053   0.000000   0.000000   0.000000   3.740282
[8] 221.047481  11.103384

$Pintboots
             [,1]        [,2]      [,3] [,4]       [,5]        [,6]      [,7]      [,8]
 [1,] 2582.691812 3622.906856 10.194786    0   0.000000    0.000000 2.9709520 470.89988
 [2,]    3.457008   41.189065 44.781319    0 397.710611 3978.513129 0.7693303  52.28867
 [3,]    3.457008   13.106803 10.194786    0   0.000000    0.000000 6.7112343 240.81546
 [4,]   20.742046   51.292046 27.488053    0   0.000000    0.000000 0.0000000   0.00000
 [5,] 2582.691812 3632.808996 22.390659    0   0.000000    0.000000 0.7693303 220.00559
 [6,]    0.000000   22.319112 27.488053    0   0.000000    0.000000 6.7112343 356.51353
 [7,]   20.742046  105.832410 94.660031    0   2.043474   20.444936 3.7402823 209.38712
 [8,]    0.000000    4.138991  5.097393    0   0.000000    0.000000 9.6821863 357.55542
 [9,] 2582.691812 3614.628875  0.000000    0   0.000000    0.000000 3.7402823  86.62333
[10,]  639.708450  931.131374 44.781319    0   0.000000    0.000000 0.0000000 271.75462
[11,]  999.467648 1420.843521 27.488053    0   0.000000    0.000000 5.9419040 172.70701
[12,] 2582.691812 3618.767865  5.097393    0   0.000000    0.000000 5.9419040 509.39395
[13,]  639.708450  898.910122  5.097393    0   0.529152    5.294174 4.5096125  86.89315
[14,]   13.348884   22.785610  5.097393    0  13.946201  139.531699 2.3079908 269.65778
[15,]   91.105256  149.579961 27.488053    0   0.000000    0.000000 0.7693303 290.75053
[16,]    0.000000   18.180121 22.390659    0   2.043474   20.444936 5.9419040 136.50794
[17,]    0.000000   36.360243 44.781319    0   0.000000    0.000000 5.9419040 172.70701
[18,]    0.000000   58.679354 72.269371    0   0.000000    0.000000 2.3079908 376.60178
[19,]    0.000000    4.138991  5.097393    0   0.000000    0.000000 3.7402823 254.34024
[20,]    0.000000   22.319112 27.488053    0   0.000000    0.000000 3.7402823 169.02863
[21,]    0.000000    0.000000  0.000000    0   3.174912   31.765044 0.7693303 167.98674
[22,]   13.348884   55.006862 44.781319    0   0.529152    5.294174 2.9709520 220.77766
[23,]    3.457008    8.967813  5.097393    0   0.000000    0.000000 4.5096125 221.31730
[24,]    0.000000    4.138991  5.097393    0   0.000000    0.000000 2.9709520 336.47573
[25,]    0.000000    4.138991  5.097393    0   0.000000    0.000000 2.9709520 355.20182
[26,]    0.000000   22.319112 27.488053    0   0.000000    0.000000 2.9709520 187.48490
[27,]  639.708450  898.910122  5.097393    0   0.000000    0.000000 4.5096125 273.33615
[28,]    3.457008   27.147934 27.488053    0   0.000000    0.000000 0.0000000 271.75462
[29,]    0.000000    4.138991  5.097393    0   0.000000    0.000000 3.7402823 202.32139
[30,]    0.000000   18.180121 22.390659    0   0.000000    0.000000 5.9419040 304.22486
[31,] 2582.691812 3636.947986 27.488053    0   0.000000    0.000000 0.7693303 201.27950
[32,]    0.000000    4.138991  5.097393    0   0.529152    5.294174 7.4805645 255.65196
[33,]    0.000000   26.458102 32.585446    0   0.000000    0.000000 5.9419040 120.68816
[34,]   20.742046   55.431036 32.585446    0   0.000000    0.000000 2.3079908 135.23362
[35,]  999.467648 1439.023642 49.878712    0   0.000000    0.000000 4.5096125 169.29845
[36,]  639.708450  939.409355 54.976105    0   0.000000    0.000000 5.9419040 236.38622
[37,]   13.348884   40.965731 27.488053    0   0.000000    0.000000 2.9709520 254.07042
[38,]  639.708450  949.311495 67.171978    0  98.327382  983.666165 3.7402823 105.34941
[39,] 2582.691812 3650.989117 44.781319    0   0.000000    0.000000 6.7112343 187.54350
[40,]   91.105256  145.440970 22.390659    0 397.710611 3978.513129 6.7112343  35.64637
[41,]  999.467648 1443.162632 54.976105    0   0.000000    0.000000 0.0000000  33.29276
[42,]    0.000000    4.138991  5.097393    0   0.000000    0.000000 9.6821863 223.13126
[43,]    0.000000   36.360243 44.781319    0 397.710611 3978.513129 3.7402823 169.02863
[44,]    0.000000   40.499233 49.878712    0   0.000000    0.000000 3.7402823 138.64218
[45,]    0.000000    0.000000  0.000000    0   0.000000    0.000000 2.9709520 202.05157
[46,]    0.000000   40.499233 49.878712    0   0.000000    0.000000 5.9419040 460.28141
[47,]   20.742046   65.333177 44.781319    0   0.000000    0.000000 0.0000000 208.07540
[48,]    0.000000    4.138991  5.097393    0   0.000000    0.000000 5.9419040 172.70701
[49,]    0.000000   40.499233 49.878712    0   2.043474   20.444936 0.7693303 238.73168
[50,]    0.000000    4.138991  5.097393    0   0.000000    0.000000 2.3079908 253.83799
            [,9]
 [1,] 64.1599826
 [2,]  2.6809638
 [3,] 12.1501694
 [4,]  0.3258272
 [5,] 51.5586383
 [6,] 17.9070845
 [7,] 10.8441576
 [8,] 17.9595060
 [9,] 44.8597804
[10,] 23.6886096
[11,] 24.3555552
[12,] 66.0925236
[13,] 14.4038209
[14,] 13.7529732
[15,] 16.0352082
[16,]  6.8561224
[17,]  8.6770562
[18,] 18.9173639
[19,] 12.7764070
[20,]  8.4903004
[21,]  8.4378789
[22,] 11.2994935
[23,] 11.1712643
[24,] 16.9010271
[25,] 17.8410868
[26,]  9.4167840
[27,] 23.7681834
[28,] 13.7047737
[29,] 10.1633238
[30,] 15.2804252
[31,] 50.6185785
[32,] 12.8424047
[33,]  6.0639730
[34,]  7.1178350
[35,] 24.1823756
[36,] 21.9133331
[37,] 12.9725169
[38,] 15.3303045
[39,] 49.9312722
[40,]  3.2225457
[41,] 17.3515224
[42,] 11.2082266
[43,]  8.4903004
[44,]  6.9651874
[45,] 10.1497477
[46,] 23.1196747
[47,] 10.7781599
[48,]  8.6770562
[49,] 11.9910218
[50,] 12.7511378

$Bdatesampinfo
      DATE JULIAN N       Mean     Stdev
1 07/01/11   2008 3    0.00000    0.0000
2 08/02/11   2040 1    0.00000        NA
3 09/16/11   2085 7   94.19409  200.4175
4 11/11/11   2141 4    0.00000    0.0000
5 03/27/12   2278 3    0.00000    0.0000
6 04/01/12   2283 1    0.00000        NA
7 05/21/12   2333 2    0.00000    0.0000
8 06/19/12   2362 4   24.74478   37.1351
9 06/29/12   2372 6 3038.93628 4249.6346

$Ndatesampinfo
      DATE JULIAN N      Mean     Stdev
1 07/01/11   2008 3  0.000000  0.000000
2 08/02/11   2040 1  0.000000        NA
3 09/16/11   2085 7 30.158730 56.186889
4 11/11/11   2141 4  0.000000  0.000000
5 03/27/12   2278 3  0.000000  0.000000
6 04/01/12   2283 1  0.000000        NA
7 05/21/12   2333 2  0.000000  0.000000
8 06/19/12   2362 4  5.555556  6.415003
9 06/29/12   2372 6 33.333333 56.218270

$Bdateboots
      [,1]        [,2]      [,3] [,4] [,5]        [,6] [,7]      [,8]      [,9]
 [1,]    0 10836.75769  35.03886    0    0     0.00000    0 19.634945 6425.6416
 [2,]    0    20.43933 153.34933    0    0 10836.75769    0  5.109833  729.1786
 [3,]    0    20.43933  35.03886    0    0     0.00000    0 44.379723 3264.4836
 [4,]    0   122.63599  94.19409    0    0     0.00000    0  0.000000    0.0000
 [5,]    0 10836.75769  76.67467    0    0     0.00000    0  5.109833 3038.9363
 [6,]    0     0.00000  94.19409    0    0     0.00000    0 44.379723 4845.0626
 [7,]    0   122.63599 324.21810    0    0    78.53978    0 24.744778 2916.7146
 [8,]    0     0.00000  17.51943    0    0     0.00000    0 64.014668 4845.0626
 [9,]    0 10836.75769   0.00000    0    0     0.00000    0 24.744778 1232.8100
[10,]    0  3021.78814 153.34933    0    0     0.00000    0  0.000000 3768.1149
[11,]    0  4375.07186  94.19409    0    0     0.00000    0 39.269890 2465.6200
[12,]    0 10836.75769  17.51943    0    0     0.00000    0 39.269890 6876.7361
[13,]    0  3021.78814  17.51943    0    0    20.43933    0 29.854611 1232.8100
[14,]    0    78.53978  17.51943    0    0   536.72267    0 15.329499 3612.2526
[15,]    0   536.72267  94.19409    0    0     0.00000    0  5.109833 3993.6622
[16,]    0     0.00000  76.67467    0    0    78.53978    0 39.269890 1806.1263
[17,]    0     0.00000 153.34933    0    0     0.00000    0 39.269890 2465.6200
[18,]    0     0.00000 247.54343    0    0     0.00000    0 15.329499 5226.4722
[19,]    0     0.00000  17.51943    0    0     0.00000    0 24.744778 3542.5676
[20,]    0     0.00000  94.19409    0    0     0.00000    0 24.744778 2309.7576
[21,]    0     0.00000   0.00000    0    0   122.63599    0  5.109833 2309.7576
[22,]    0    78.53978 153.34933    0    0    20.43933    0 19.634945 3038.9363
[23,]    0    20.43933  17.51943    0    0     0.00000    0 29.854611 3038.9363
[24,]    0     0.00000  17.51943    0    0     0.00000    0 19.634945 4619.5153
[25,]    0     0.00000  17.51943    0    0     0.00000    0 19.634945 4845.0626
[26,]    0     0.00000  94.19409    0    0     0.00000    0 19.634945 2535.3049
[27,]    0  3021.78814  17.51943    0    0     0.00000    0 29.854611 3768.1149
[28,]    0    20.43933  94.19409    0    0     0.00000    0  0.000000 3768.1149
[29,]    0     0.00000  17.51943    0    0     0.00000    0 24.744778 2813.3890
[30,]    0     0.00000  76.67467    0    0     0.00000    0 39.269890 4115.8839
[31,]    0 10836.75769  94.19409    0    0     0.00000    0  5.109833 2813.3890
[32,]    0     0.00000  17.51943    0    0    20.43933    0 49.489556 3542.5676
[33,]    0     0.00000 111.71352    0    0     0.00000    0 39.269890 1736.4414
[34,]    0   122.63599 111.71352    0    0     0.00000    0 15.329499 1806.1263
[35,]    0  4375.07186 170.86876    0    0     0.00000    0 29.854611 2309.7576
[36,]    0  3021.78814 188.38819    0    0     0.00000    0 39.269890 3317.0204
[37,]    0    78.53978  94.19409    0    0     0.00000    0 19.634945 3542.5676
[38,]    0  3021.78814 230.02400    0    0  3021.78814    0 24.744778 1458.3573
[39,]    0 10836.75769 153.34933    0    0     0.00000    0 44.379723 2743.7041
[40,]    0   536.72267  76.67467    0    0 10836.75769    0 44.379723  503.6314
[41,]    0  4375.07186 188.38819    0    0     0.00000    0  0.000000  503.6314
[42,]    0     0.00000  17.51943    0    0     0.00000    0 64.014668 3038.9363
[43,]    0     0.00000 153.34933    0    0 10836.75769    0 24.744778 2309.7576
[44,]    0     0.00000 170.86876    0    0     0.00000    0 24.744778 1961.9886
[45,]    0     0.00000   0.00000    0    0     0.00000    0 19.634945 2813.3890
[46,]    0     0.00000 170.86876    0    0     0.00000    0 39.269890 6303.4198
[47,]    0   122.63599 153.34933    0    0     0.00000    0  0.000000 2916.7146
[48,]    0     0.00000  17.51943    0    0     0.00000    0 39.269890 2465.6200
[49,]    0     0.00000 170.86876    0    0    78.53978    0  5.109833 3264.4836
[50,]    0     0.00000  17.51943    0    0     0.00000    0 15.329499 3542.5676

$Ndateboots
      [,1]      [,2]     [,3] [,4] [,5]      [,6] [,7]      [,8]      [,9]
 [1,]    0 144.44444 19.04762    0    0   0.00000    0  2.777778 79.629630
 [2,]    0  11.11111 41.26984    0    0 144.44444    0  2.777778  5.555556
 [3,]    0  11.11111 19.04762    0    0   0.00000    0  8.333333 35.185185
 [4,]    0  66.66667 30.15873    0    0   0.00000    0  0.000000  0.000000
 [5,]    0 144.44444 20.63492    0    0   0.00000    0  2.777778 33.333333
 [6,]    0   0.00000 30.15873    0    0   0.00000    0  8.333333 57.407407
 [7,]    0  66.66667 92.06349    0    0  11.11111    0  5.555556 22.222222
 [8,]    0   0.00000  9.52381    0    0   0.00000    0 11.111111 57.407407
 [9,]    0 144.44444  0.00000    0    0   0.00000    0  5.555556  9.259259
[10,]    0  22.22222 41.26984    0    0   0.00000    0  0.000000 38.888889
[11,]    0  33.33333 30.15873    0    0   0.00000    0  5.555556 18.518519
[12,]    0 144.44444  9.52381    0    0   0.00000    0  5.555556 83.333333
[13,]    0  22.22222  9.52381    0    0  11.11111    0  8.333333  9.259259
[14,]    0  11.11111  9.52381    0    0 144.44444    0  8.333333 48.148148
[15,]    0 144.44444 30.15873    0    0   0.00000    0  2.777778 40.740741
[16,]    0   0.00000 20.63492    0    0  11.11111    0  5.555556 24.074074
[17,]    0   0.00000 41.26984    0    0   0.00000    0  5.555556 18.518519
[18,]    0   0.00000 71.42857    0    0   0.00000    0  8.333333 50.000000
[19,]    0   0.00000  9.52381    0    0   0.00000    0  5.555556 37.037037
[20,]    0   0.00000 30.15873    0    0   0.00000    0  5.555556 27.777778
[21,]    0   0.00000  0.00000    0    0  66.66667    0  2.777778 27.777778
[22,]    0  11.11111 41.26984    0    0  11.11111    0  2.777778 33.333333
[23,]    0  11.11111  9.52381    0    0   0.00000    0  8.333333 33.333333
[24,]    0   0.00000  9.52381    0    0   0.00000    0  2.777778 55.555556
[25,]    0   0.00000  9.52381    0    0   0.00000    0  2.777778 57.407407
[26,]    0   0.00000 30.15873    0    0   0.00000    0  2.777778 29.629630
[27,]    0  22.22222  9.52381    0    0   0.00000    0  8.333333 38.888889
[28,]    0  11.11111 30.15873    0    0   0.00000    0  0.000000 38.888889
[29,]    0   0.00000  9.52381    0    0   0.00000    0  5.555556 31.481481
[30,]    0   0.00000 20.63492    0    0   0.00000    0  5.555556 51.851852
[31,]    0 144.44444 30.15873    0    0   0.00000    0  2.777778 31.481481
[32,]    0   0.00000  9.52381    0    0  11.11111    0 11.111111 37.037037
[33,]    0   0.00000 39.68254    0    0   0.00000    0  5.555556 12.962963
[34,]    0  66.66667 39.68254    0    0   0.00000    0  8.333333 24.074074
[35,]    0  33.33333 50.79365    0    0   0.00000    0  8.333333 27.777778
[36,]    0  22.22222 60.31746    0    0   0.00000    0  5.555556 35.185185
[37,]    0  11.11111 30.15873    0    0   0.00000    0  2.777778 37.037037
[38,]    0  22.22222 61.90476    0    0  22.22222    0  5.555556 11.111111
[39,]    0 144.44444 41.26984    0    0   0.00000    0  8.333333 20.370370
[40,]    0 144.44444 20.63492    0    0 144.44444    0  8.333333  3.703704
[41,]    0  33.33333 60.31746    0    0   0.00000    0  0.000000  3.703704
[42,]    0   0.00000  9.52381    0    0   0.00000    0 11.111111 33.333333
[43,]    0   0.00000 41.26984    0    0 144.44444    0  5.555556 27.777778
[44,]    0   0.00000 50.79365    0    0   0.00000    0  5.555556 14.814815
[45,]    0   0.00000  0.00000    0    0   0.00000    0  2.777778 31.481481
[46,]    0   0.00000 50.79365    0    0   0.00000    0  5.555556 68.518519
[47,]    0  66.66667 41.26984    0    0   0.00000    0  0.000000 22.222222
[48,]    0   0.00000  9.52381    0    0   0.00000    0  5.555556 18.518519
[49,]    0   0.00000 50.79365    0    0  11.11111    0  2.777778 35.185185
[50,]    0   0.00000  9.52381    0    0   0.00000    0  8.333333 37.037037

