$totdays
[1] 365

$Psampest
[1] NA

$Pbootest
      Mean       2.5%        50%      97.5% 
0.02782178 0.00000000 0.00000000 0.43772666 

$Pboots
 [1] 0.0000000000 0.0000000000 0.0000000000 0.0000000000 0.0000000000 0.0000000000
 [7] 0.0004281345 0.0000000000 0.0000000000 0.0000000000 0.0000000000 0.0011035321
[13] 0.0000000000 0.4503286335 0.0000000000 0.0016552981 0.0000000000 0.0004281345
[19] 0.0031996403 0.0000000000 0.0000000000 0.3943198805 0.0000000000 0.0000000000
[25] 0.0000000000 0.0000000000 0.0000000000 0.0000000000 0.0000000000 0.0000000000
[31] 0.0028951374 0.5354461259 0.0000000000 0.0000000000 0.0000000000 0.0012844034
[37] 0.0000000000 0.0000000000 0.0000000000 0.0000000000 0.0000000000 0.0000000000
[43] 0.0000000000 0.0000000000 0.0000000000 0.0000000000 0.0000000000 0.0000000000
[49] 0.0000000000 0.0000000000

$Bboots
 [1] 0.000000000 0.000000000 0.000000000 0.000000000 0.000000000 0.000000000 0.009556573
 [8] 0.000000000 0.000000000 0.000000000 0.000000000 0.030653669 0.000000000 0.244498096
[15] 0.000000000 0.045980503 0.000000000 0.009556573 0.084206794 0.000000000 0.000000000
[22] 0.184109754 0.000000000 0.000000000 0.000000000 0.000000000 0.000000000 0.000000000
[29] 0.000000000 0.000000000 0.080420483 0.220679645 0.000000000 0.000000000 0.000000000
[36] 0.028669718 0.000000000 0.000000000 0.000000000 0.000000000 0.000000000 0.000000000
[43] 0.000000000 0.000000000 0.000000000 0.000000000 0.000000000 0.000000000 0.000000000
[50] 0.000000000

$Nboots
 [1] 0.00000000 0.00000000 0.00000000 0.00000000 0.00000000 0.00000000 0.08680556
 [8] 0.00000000 0.00000000 0.00000000 0.00000000 0.69444444 0.00000000 5.86805556
[15] 0.00000000 1.04166667 0.00000000 0.08680556 1.38888889 0.00000000 0.00000000
[22] 4.58333333 0.00000000 0.00000000 0.00000000 0.00000000 0.00000000 0.00000000
[29] 0.00000000 0.00000000 1.56250000 5.76388889 0.00000000 0.00000000 0.00000000
[36] 0.26041667 0.00000000 0.00000000 0.00000000 0.00000000 0.00000000 0.00000000
[43] 0.00000000 0.00000000 0.00000000 0.00000000 0.00000000 0.00000000 0.00000000
[50] 0.00000000

$julians
[1] 2008 2040 2085 2141 2278 2283 2333 2362 2372

$intdays
[1]  32  45  56 137   5  50  29  10   1

$Pintsampest
[1] NA NA NA NA NA NA NA NA NA

$Pintboots
           [,1]        [,2]         [,3] [,4] [,5] [,6] [,7] [,8] [,9]
 [1,] 0.0000000 0.000000000 0.0000000000    0    0    0    0    0    0
 [2,] 0.0000000 0.000000000 0.0000000000    0    0    0    0    0    0
 [3,] 0.0000000 0.000000000 0.0000000000    0    0    0    0    0    0
 [4,] 0.0000000 0.000000000 0.0000000000    0    0    0    0    0    0
 [5,] 0.0000000 0.000000000 0.0000000000    0    0    0    0    0    0
 [6,] 0.0000000 0.000000000 0.0000000000    0    0    0    0    0    0
 [7,] 0.0000000 0.000000000 0.0004281345    0    0    0    0    0    0
 [8,] 0.0000000 0.000000000 0.0000000000    0    0    0    0    0    0
 [9,] 0.0000000 0.000000000 0.0000000000    0    0    0    0    0    0
[10,] 0.0000000 0.000000000 0.0000000000    0    0    0    0    0    0
[11,] 0.0000000 0.000000000 0.0000000000    0    0    0    0    0    0
[12,] 0.0000000 0.001103532 0.0000000000    0    0    0    0    0    0
[13,] 0.0000000 0.000000000 0.0000000000    0    0    0    0    0    0
[14,] 0.4485370 0.001791605 0.0000000000    0    0    0    0    0    0
[15,] 0.0000000 0.000000000 0.0000000000    0    0    0    0    0    0
[16,] 0.0000000 0.001655298 0.0000000000    0    0    0    0    0    0
[17,] 0.0000000 0.000000000 0.0000000000    0    0    0    0    0    0
[18,] 0.0000000 0.000000000 0.0004281345    0    0    0    0    0    0
[19,] 0.0000000 0.002343371 0.0008562689    0    0    0    0    0    0
[20,] 0.0000000 0.000000000 0.0000000000    0    0    0    0    0    0
[21,] 0.0000000 0.000000000 0.0000000000    0    0    0    0    0    0
[22,] 0.3943199 0.000000000 0.0000000000    0    0    0    0    0    0
[23,] 0.0000000 0.000000000 0.0000000000    0    0    0    0    0    0
[24,] 0.0000000 0.000000000 0.0000000000    0    0    0    0    0    0
[25,] 0.0000000 0.000000000 0.0000000000    0    0    0    0    0    0
[26,] 0.0000000 0.000000000 0.0000000000    0    0    0    0    0    0
[27,] 0.0000000 0.000000000 0.0000000000    0    0    0    0    0    0
[28,] 0.0000000 0.000000000 0.0000000000    0    0    0    0    0    0
[29,] 0.0000000 0.000000000 0.0000000000    0    0    0    0    0    0
[30,] 0.0000000 0.000000000 0.0000000000    0    0    0    0    0    0
[31,] 0.0000000 0.002895137 0.0000000000    0    0    0    0    0    0
[32,] 0.5354461 0.000000000 0.0000000000    0    0    0    0    0    0
[33,] 0.0000000 0.000000000 0.0000000000    0    0    0    0    0    0
[34,] 0.0000000 0.000000000 0.0000000000    0    0    0    0    0    0
[35,] 0.0000000 0.000000000 0.0000000000    0    0    0    0    0    0
[36,] 0.0000000 0.000000000 0.0012844034    0    0    0    0    0    0
[37,] 0.0000000 0.000000000 0.0000000000    0    0    0    0    0    0
[38,] 0.0000000 0.000000000 0.0000000000    0    0    0    0    0    0
[39,] 0.0000000 0.000000000 0.0000000000    0    0    0    0    0    0
[40,] 0.0000000 0.000000000 0.0000000000    0    0    0    0    0    0
[41,] 0.0000000 0.000000000 0.0000000000    0    0    0    0    0    0
[42,] 0.0000000 0.000000000 0.0000000000    0    0    0    0    0    0
[43,] 0.0000000 0.000000000 0.0000000000    0    0    0    0    0    0
[44,] 0.0000000 0.000000000 0.0000000000    0    0    0    0    0    0
[45,] 0.0000000 0.000000000 0.0000000000    0    0    0    0    0    0
[46,] 0.0000000 0.000000000 0.0000000000    0    0    0    0    0    0
[47,] 0.0000000 0.000000000 0.0000000000    0    0    0    0    0    0
[48,] 0.0000000 0.000000000 0.0000000000    0    0    0    0    0    0
[49,] 0.0000000 0.000000000 0.0000000000    0    0    0    0    0    0
[50,] 0.0000000 0.000000000 0.0000000000    0    0    0    0    0    0

$Bdatesampinfo
      DATE JULIAN N Mean Stdev
1 07/01/11   2008 5   NA    NA
2 08/02/11   2040 4   NA    NA
3 09/16/11   2085 8   NA    NA
4 11/11/11   2141 5   NA    NA
5 03/27/12   2278 4   NA    NA
6 04/01/12   2283 2   NA    NA
7 05/21/12   2333 3   NA    NA
8 06/19/12   2362 5   NA    NA
9 06/29/12   2372 7   NA    NA

$Ndatesampinfo
      DATE JULIAN N Mean Stdev
1 07/01/11   2008 5   NA    NA
2 08/02/11   2040 4   NA    NA
3 09/16/11   2085 8   NA    NA
4 11/11/11   2141 5   NA    NA
5 03/27/12   2278 4   NA    NA
6 04/01/12   2283 2   NA    NA
7 05/21/12   2333 3   NA    NA
8 06/19/12   2362 5   NA    NA
9 06/29/12   2372 7   NA    NA

$Bdateboots
           [,1]      [,2]      [,3] [,4] [,5] [,6] [,7] [,8] [,9]
 [1,] 0.0000000 0.0000000 0.0000000    0    0    0    0    0    0
 [2,] 0.0000000 0.0000000 0.0000000    0    0    0    0    0    0
 [3,] 2.8625536 0.0000000 0.0000000    0    0    0    0    0    0
 [4,] 7.0229509 0.0000000 0.0000000    0    0    0    0    0    0
 [5,] 0.0000000 0.0000000 0.0000000    0    0    0    0    0    0
 [6,] 2.6926091 0.0000000 0.0000000    0    0    0    0    0    0
 [7,] 0.0000000 0.0000000 0.1529052    0    0    0    0    0    0
 [8,] 0.0000000 0.0000000 0.0000000    0    0    0    0    0    0
 [9,] 0.0000000 0.0000000 0.0000000    0    0    0    0    0    0
[10,] 0.0000000 0.0000000 0.0000000    0    0    0    0    0    0
[11,] 0.0000000 0.0000000 0.0000000    0    0    0    0    0    0
[12,] 0.0000000 0.4904587 0.0000000    0    0    0    0    0    0
[13,] 0.0000000 0.2452293 0.0000000    0    0    0    0    0    0
[14,] 2.6252418 0.4904587 0.3058103    0    0    0    0    0    0
[15,] 0.0000000 0.0000000 0.0000000    0    0    0    0    0    0
[16,] 0.0000000 0.7356880 0.0000000    0    0    0    0    0    0
[17,] 4.6702307 0.0000000 0.1529052    0    0    0    0    0    0
[18,] 0.3750987 0.0000000 0.1529052    0    0    0    0    0    0
[19,] 0.0000000 0.7356880 0.3058103    0    0    0    0    0    0
[20,] 0.5450432 0.0000000 0.0000000    0    0    0    0    0    0
[21,] 0.0000000 0.0000000 0.0000000    0    0    0    0    0    0
[22,] 2.4552974 0.4904587 0.0000000    0    0    0    0    0    0
[23,] 0.0000000 0.0000000 0.0000000    0    0    0    0    0    0
[24,] 0.0000000 0.0000000 0.0000000    0    0    0    0    0    0
[25,] 0.0000000 0.0000000 0.0000000    0    0    0    0    0    0
[26,] 0.0000000 0.0000000 0.1529052    0    0    0    0    0    0
[27,] 0.0000000 0.0000000 0.1529052    0    0    0    0    0    0
[28,] 2.5226647 0.0000000 0.0000000    0    0    0    0    0    0
[29,] 0.0000000 0.0000000 0.0000000    0    0    0    0    0    0
[30,] 0.5450432 0.0000000 0.0000000    0    0    0    0    0    0
[31,] 0.0000000 0.9809174 0.3058103    0    0    0    0    0    0
[32,] 2.7951863 0.7356880 0.0000000    0    0    0    0    0    0
[33,] 4.6702307 0.0000000 0.0000000    0    0    0    0    0    0
[34,] 0.0000000 0.0000000 0.0000000    0    0    0    0    0    0
[35,] 0.0000000 0.7356880 0.0000000    0    0    0    0    0    0
[36,] 0.0000000 0.0000000 0.4587155    0    0    0    0    0    0
[37,] 0.0000000 0.0000000 0.0000000    0    0    0    0    0    0
[38,] 0.0000000 0.7356880 0.0000000    0    0    0    0    0    0
[39,] 0.0000000 0.7356880 0.0000000    0    0    0    0    0    0
[40,] 0.0000000 0.7356880 0.0000000    0    0    0    0    0    0
[41,] 0.0000000 0.0000000 0.3058103    0    0    0    0    0    0
[42,] 0.0000000 0.0000000 0.0000000    0    0    0    0    0    0
[43,] 0.0000000 0.0000000 0.0000000    0    0    0    0    0    0
[44,] 0.0000000 0.0000000 0.0000000    0    0    0    0    0    0
[45,] 0.4424660 0.0000000 0.0000000    0    0    0    0    0    0
[46,] 0.0000000 0.0000000 0.3058103    0    0    0    0    0    0
[47,] 0.0000000 0.0000000 0.0000000    0    0    0    0    0    0
[48,] 0.0000000 0.0000000 0.0000000    0    0    0    0    0    0
[49,] 0.0000000 0.0000000 0.0000000    0    0    0    0    0    0
[50,] 0.0000000 0.0000000 0.0000000    0    0    0    0    0    0

$Ndateboots
           [,1]      [,2]     [,3] [,4] [,5] [,6] [,7] [,8] [,9]
 [1,]   0.00000  0.000000 0.000000    0    0    0    0    0    0
 [2,]   0.00000  0.000000 0.000000    0    0    0    0    0    0
 [3,]  77.77778  0.000000 0.000000    0    0    0    0    0    0
 [4,] 171.11111  0.000000 0.000000    0    0    0    0    0    0
 [5,]   0.00000  0.000000 0.000000    0    0    0    0    0    0
 [6,]  71.11111  0.000000 0.000000    0    0    0    0    0    0
 [7,]   0.00000  0.000000 1.388889    0    0    0    0    0    0
 [8,]   0.00000  0.000000 0.000000    0    0    0    0    0    0
 [9,]   0.00000  0.000000 0.000000    0    0    0    0    0    0
[10,]   0.00000  0.000000 0.000000    0    0    0    0    0    0
[11,]   0.00000  0.000000 0.000000    0    0    0    0    0    0
[12,]   0.00000 11.111111 0.000000    0    0    0    0    0    0
[13,]   0.00000  5.555556 0.000000    0    0    0    0    0    0
[14,]  68.88889 11.111111 2.777778    0    0    0    0    0    0
[15,]   0.00000  0.000000 0.000000    0    0    0    0    0    0
[16,]   0.00000 16.666667 0.000000    0    0    0    0    0    0
[17,] 113.33333  0.000000 1.388889    0    0    0    0    0    0
[18,]  15.55556  0.000000 1.388889    0    0    0    0    0    0
[19,]   0.00000 16.666667 2.777778    0    0    0    0    0    0
[20,]  22.22222  0.000000 0.000000    0    0    0    0    0    0
[21,]   0.00000  0.000000 0.000000    0    0    0    0    0    0
[22,]  62.22222 11.111111 0.000000    0    0    0    0    0    0
[23,]   0.00000  0.000000 0.000000    0    0    0    0    0    0
[24,]   0.00000  0.000000 0.000000    0    0    0    0    0    0
[25,]   0.00000  0.000000 0.000000    0    0    0    0    0    0
[26,]   0.00000  0.000000 1.388889    0    0    0    0    0    0
[27,]   0.00000  0.000000 1.388889    0    0    0    0    0    0
[28,]  64.44444  0.000000 0.000000    0    0    0    0    0    0
[29,]   0.00000  0.000000 0.000000    0    0    0    0    0    0
[30,]  22.22222  0.000000 0.000000    0    0    0    0    0    0
[31,]   0.00000 22.222222 2.777778    0    0    0    0    0    0
[32,]  75.55556 16.666667 0.000000    0    0    0    0    0    0
[33,] 113.33333  0.000000 0.000000    0    0    0    0    0    0
[34,]   0.00000  0.000000 0.000000    0    0    0    0    0    0
[35,]   0.00000 16.666667 0.000000    0    0    0    0    0    0
[36,]   0.00000  0.000000 4.166667    0    0    0    0    0    0
[37,]   0.00000  0.000000 0.000000    0    0    0    0    0    0
[38,]   0.00000 16.666667 0.000000    0    0    0    0    0    0
[39,]   0.00000 16.666667 0.000000    0    0    0    0    0    0
[40,]   0.00000 16.666667 0.000000    0    0    0    0    0    0
[41,]   0.00000  0.000000 2.777778    0    0    0    0    0    0
[42,]   0.00000  0.000000 0.000000    0    0    0    0    0    0
[43,]   0.00000  0.000000 0.000000    0    0    0    0    0    0
[44,]   0.00000  0.000000 0.000000    0    0    0    0    0    0
[45,]  17.77778  0.000000 0.000000    0    0    0    0    0    0
[46,]   0.00000  0.000000 2.777778    0    0    0    0    0    0
[47,]   0.00000  0.000000 0.000000    0    0    0    0    0    0
[48,]   0.00000  0.000000 0.000000    0    0    0    0    0    0
[49,]   0.00000  0.000000 0.000000    0    0    0    0    0    0
[50,]   0.00000  0.000000 0.000000    0    0    0    0    0    0

