$totdays
[1] 365

$Psampest
[1] NA

$Pbootest
     Mean      2.5%       50%     97.5% 
0.3865188 0.0000000 0.0000000 3.5016416 

$Pboots
 [1] 0.000000 0.000000 0.000000 0.000000 0.000000 2.901812 0.000000 0.000000 0.000000
[10] 0.000000 0.000000 0.000000 0.000000 0.000000 0.000000 3.542610 0.000000 0.000000
[19] 0.000000 0.000000 0.000000 0.000000 0.000000 1.379770 0.000000 0.000000 0.000000
[28] 0.000000 4.866850 0.000000 0.000000 0.000000 0.000000 0.000000 0.000000 0.000000
[37] 0.000000 0.000000 0.000000 0.000000 1.934541 0.000000 0.000000 3.360529 0.000000
[46] 0.000000 1.339830 0.000000 0.000000 0.000000

$Bboots
 [1] 0.0000000 0.0000000 0.0000000 0.0000000 0.0000000 0.5402299 0.0000000 0.0000000
 [9] 0.0000000 0.0000000 0.0000000 0.0000000 0.0000000 0.0000000 0.0000000 0.7992195
[17] 0.0000000 0.0000000 0.0000000 0.0000000 0.0000000 0.0000000 0.0000000 0.3996097
[25] 0.0000000 0.0000000 0.0000000 0.0000000 1.1001881 0.0000000 0.0000000 0.0000000
[33] 0.0000000 0.0000000 0.0000000 0.0000000 0.0000000 0.0000000 0.0000000 0.0000000
[41] 0.3601533 0.0000000 0.0000000 0.7597630 0.0000000 0.0000000 0.3798815 0.0000000
[49] 0.0000000 0.0000000

$Nboots
 [1]  0.00000  0.00000  0.00000  0.00000  0.00000 20.83333  0.00000  0.00000  0.00000
[10]  0.00000  0.00000  0.00000  0.00000  0.00000  0.00000 31.59722  0.00000  0.00000
[19]  0.00000  0.00000  0.00000  0.00000  0.00000 15.79861  0.00000  0.00000  0.00000
[28]  0.00000 42.62153  0.00000  0.00000  0.00000  0.00000  0.00000  0.00000  0.00000
[37]  0.00000  0.00000  0.00000  0.00000 13.88889  0.00000  0.00000 29.68750  0.00000
[46]  0.00000 14.84375  0.00000  0.00000  0.00000

$julians
[1] 2008 2040 2085 2141 2278 2283 2333 2362 2372

$intdays
[1]  32  45  56 137   5  50  29  10   1

$Pintsampest
[1] NA NA NA NA NA NA NA NA NA

$Pintboots
          [,1]     [,2]       [,3] [,4] [,5] [,6] [,7] [,8]       [,9]
 [1,] 0.000000 0.000000 0.00000000    0    0    0    0    0 0.00000000
 [2,] 0.000000 0.000000 0.00000000    0    0    0    0    0 0.00000000
 [3,] 0.000000 0.000000 0.00000000    0    0    0    0    0 0.00000000
 [4,] 0.000000 0.000000 0.00000000    0    0    0    0    0 0.00000000
 [5,] 0.000000 0.000000 0.00000000    0    0    0    0    0 0.00000000
 [6,] 2.901812 0.000000 0.00000000    0    0    0    0    0 0.00000000
 [7,] 0.000000 0.000000 0.00000000    0    0    0    0    0 0.00000000
 [8,] 0.000000 0.000000 0.00000000    0    0    0    0    0 0.00000000
 [9,] 0.000000 0.000000 0.00000000    0    0    0    0    0 0.00000000
[10,] 0.000000 0.000000 0.00000000    0    0    0    0    0 0.00000000
[11,] 0.000000 0.000000 0.00000000    0    0    0    0    0 0.00000000
[12,] 0.000000 0.000000 0.00000000    0    0    0    0    0 0.00000000
[13,] 0.000000 0.000000 0.00000000    0    0    0    0    0 0.00000000
[14,] 0.000000 0.000000 0.00000000    0    0    0    0    0 0.00000000
[15,] 0.000000 0.000000 0.00000000    0    0    0    0    0 0.00000000
[16,] 1.934541 1.608069 0.00000000    0    0    0    0    0 0.00000000
[17,] 0.000000 0.000000 0.00000000    0    0    0    0    0 0.00000000
[18,] 0.000000 0.000000 0.00000000    0    0    0    0    0 0.00000000
[19,] 0.000000 0.000000 0.00000000    0    0    0    0    0 0.00000000
[20,] 0.000000 0.000000 0.00000000    0    0    0    0    0 0.00000000
[21,] 0.000000 0.000000 0.00000000    0    0    0    0    0 0.00000000
[22,] 0.000000 0.000000 0.00000000    0    0    0    0    0 0.00000000
[23,] 0.000000 0.000000 0.00000000    0    0    0    0    0 0.00000000
[24,] 0.000000 1.339830 0.03994017    0    0    0    0    0 0.00000000
[25,] 0.000000 0.000000 0.00000000    0    0    0    0    0 0.00000000
[26,] 0.000000 0.000000 0.00000000    0    0    0    0    0 0.00000000
[27,] 0.000000 0.000000 0.00000000    0    0    0    0    0 0.00000000
[28,] 0.000000 0.000000 0.00000000    0    0    0    0    0 0.00000000
[29,] 2.901812 1.965038 0.00000000    0    0    0    0    0 0.00000000
[30,] 0.000000 0.000000 0.00000000    0    0    0    0    0 0.00000000
[31,] 0.000000 0.000000 0.00000000    0    0    0    0    0 0.00000000
[32,] 0.000000 0.000000 0.00000000    0    0    0    0    0 0.00000000
[33,] 0.000000 0.000000 0.00000000    0    0    0    0    0 0.00000000
[34,] 0.000000 0.000000 0.00000000    0    0    0    0    0 0.00000000
[35,] 0.000000 0.000000 0.00000000    0    0    0    0    0 0.00000000
[36,] 0.000000 0.000000 0.00000000    0    0    0    0    0 0.00000000
[37,] 0.000000 0.000000 0.00000000    0    0    0    0    0 0.00000000
[38,] 0.000000 0.000000 0.00000000    0    0    0    0    0 0.00000000
[39,] 0.000000 0.000000 0.00000000    0    0    0    0    0 0.00000000
[40,] 0.000000 0.000000 0.00000000    0    0    0    0    0 0.00000000
[41,] 1.934541 0.000000 0.00000000    0    0    0    0    0 0.00000000
[42,] 0.000000 0.000000 0.00000000    0    0    0    0    0 0.00000000
[43,] 0.000000 0.000000 0.00000000    0    0    0    0    0 0.00000000
[44,] 1.934541 1.339830 0.03994017    0    0    0    0    0 0.04621801
[45,] 0.000000 0.000000 0.00000000    0    0    0    0    0 0.00000000
[46,] 0.000000 0.000000 0.00000000    0    0    0    0    0 0.00000000
[47,] 0.000000 1.339830 0.00000000    0    0    0    0    0 0.00000000
[48,] 0.000000 0.000000 0.00000000    0    0    0    0    0 0.00000000
[49,] 0.000000 0.000000 0.00000000    0    0    0    0    0 0.00000000
[50,] 0.000000 0.000000 0.00000000    0    0    0    0    0 0.00000000

$Bdatesampinfo
      DATE JULIAN N Mean Stdev
1 07/01/11   2008 4   NA    NA
2 08/02/11   2040 3   NA    NA
3 09/16/11   2085 8   NA    NA
4 11/11/11   2141 5   NA    NA
5 03/27/12   2278 4   NA    NA
6 04/01/12   2283 2   NA    NA
7 05/21/12   2333 3   NA    NA
8 06/19/12   2362 5   NA    NA
9 06/29/12   2372 7   NA    NA

$Ndatesampinfo
      DATE JULIAN N Mean Stdev
1 07/01/11   2008 4   NA    NA
2 08/02/11   2040 3   NA    NA
3 09/16/11   2085 8   NA    NA
4 11/11/11   2141 5   NA    NA
5 03/27/12   2278 4   NA    NA
6 04/01/12   2283 2   NA    NA
7 05/21/12   2333 3   NA    NA
8 06/19/12   2362 5   NA    NA
9 06/29/12   2372 7   NA    NA

$Bdateboots
      [,1]     [,2]      [,3] [,4] [,5] [,6] [,7] [,8] [,9]
 [1,]    0 0.000000 0.0000000    0    0    0    0    0    0
 [2,]    0 0.000000 0.0000000    0    0    0    0    0    0
 [3,]    0 0.000000 0.3156516    0    0    0    0    0    0
 [4,]    0 0.000000 0.3156516    0    0    0    0    0    0
 [5,]    0 0.000000 0.0000000    0    0    0    0    0    0
 [6,]    0 8.643679 0.0000000    0    0    0    0    0    0
 [7,]    0 0.000000 0.0000000    0    0    0    0    0    0
 [8,]    0 0.000000 0.0000000    0    0    0    0    0    0
 [9,]    0 5.762453 0.0000000    0    0    0    0    0    0
[10,]    0 0.000000 0.0000000    0    0    0    0    0    0
[11,]    0 0.000000 0.0000000    0    0    0    0    0    0
[12,]    0 0.000000 0.0000000    0    0    0    0    0    0
[13,]    0 0.000000 0.0000000    0    0    0    0    0    0
[14,]    0 0.000000 0.0000000    0    0    0    0    0    0
[15,]    0 0.000000 0.0000000    0    0    0    0    0    0
[16,]    0 5.762453 1.2626063    0    0    0    0    0    0
[17,]    0 0.000000 0.0000000    0    0    0    0    0    0
[18,]    0 0.000000 0.0000000    0    0    0    0    0    0
[19,]    0 0.000000 0.3156516    0    0    0    0    0    0
[20,]    0 0.000000 0.0000000    0    0    0    0    0    0
[21,]    0 2.881226 0.0000000    0    0    0    0    0    0
[22,]    0 0.000000 0.0000000    0    0    0    0    0    0
[23,]    0 5.762453 0.0000000    0    0    0    0    0    0
[24,]    0 5.762453 0.3156516    0    0    0    0    0    0
[25,]    0 0.000000 0.0000000    0    0    0    0    0    0
[26,]    0 0.000000 0.3156516    0    0    0    0    0    0
[27,]    0 0.000000 0.0000000    0    0    0    0    0    0
[28,]    0 0.000000 0.0000000    0    0    0    0    0    0
[29,]    0 8.643679 0.3156516    0    0    0    0    0    0
[30,]    0 0.000000 0.0000000    0    0    0    0    0    0
[31,]    0 0.000000 0.0000000    0    0    0    0    0    0
[32,]    0 0.000000 0.6313031    0    0    0    0    0    0
[33,]    0 0.000000 0.0000000    0    0    0    0    0    0
[34,]    0 0.000000 0.0000000    0    0    0    0    0    0
[35,]    0 0.000000 0.0000000    0    0    0    0    0    0
[36,]    0 2.881226 0.0000000    0    0    0    0    0    0
[37,]    0 0.000000 0.0000000    0    0    0    0    0    0
[38,]    0 5.762453 0.0000000    0    0    0    0    0    0
[39,]    0 0.000000 0.0000000    0    0    0    0    0    0
[40,]    0 0.000000 0.0000000    0    0    0    0    0    0
[41,]    0 5.762453 0.0000000    0    0    0    0    0    0
[42,]    0 0.000000 0.0000000    0    0    0    0    0    0
[43,]    0 0.000000 0.0000000    0    0    0    0    0    0
[44,]    0 5.762453 0.3156516    0    0    0    0    0    0
[45,]    0 5.762453 0.0000000    0    0    0    0    0    0
[46,]    0 0.000000 0.0000000    0    0    0    0    0    0
[47,]    0 5.762453 0.3156516    0    0    0    0    0    0
[48,]    0 0.000000 0.0000000    0    0    0    0    0    0
[49,]    0 0.000000 0.0000000    0    0    0    0    0    0
[50,]    0 0.000000 0.0000000    0    0    0    0    0    0

$Ndateboots
      [,1]     [,2]     [,3] [,4] [,5] [,6] [,7] [,8] [,9]
 [1,]    0   0.0000  0.00000    0    0    0    0    0    0
 [2,]    0   0.0000  0.00000    0    0    0    0    0    0
 [3,]    0   0.0000 15.27778    0    0    0    0    0    0
 [4,]    0   0.0000 15.27778    0    0    0    0    0    0
 [5,]    0   0.0000  0.00000    0    0    0    0    0    0
 [6,]    0 333.3333  0.00000    0    0    0    0    0    0
 [7,]    0   0.0000  0.00000    0    0    0    0    0    0
 [8,]    0   0.0000  0.00000    0    0    0    0    0    0
 [9,]    0 222.2222  0.00000    0    0    0    0    0    0
[10,]    0   0.0000  0.00000    0    0    0    0    0    0
[11,]    0   0.0000  0.00000    0    0    0    0    0    0
[12,]    0   0.0000  0.00000    0    0    0    0    0    0
[13,]    0   0.0000  0.00000    0    0    0    0    0    0
[14,]    0   0.0000  0.00000    0    0    0    0    0    0
[15,]    0   0.0000  0.00000    0    0    0    0    0    0
[16,]    0 222.2222 61.11111    0    0    0    0    0    0
[17,]    0   0.0000  0.00000    0    0    0    0    0    0
[18,]    0   0.0000  0.00000    0    0    0    0    0    0
[19,]    0   0.0000 15.27778    0    0    0    0    0    0
[20,]    0   0.0000  0.00000    0    0    0    0    0    0
[21,]    0 111.1111  0.00000    0    0    0    0    0    0
[22,]    0   0.0000  0.00000    0    0    0    0    0    0
[23,]    0 222.2222  0.00000    0    0    0    0    0    0
[24,]    0 222.2222 15.27778    0    0    0    0    0    0
[25,]    0   0.0000  0.00000    0    0    0    0    0    0
[26,]    0   0.0000 15.27778    0    0    0    0    0    0
[27,]    0   0.0000  0.00000    0    0    0    0    0    0
[28,]    0   0.0000  0.00000    0    0    0    0    0    0
[29,]    0 333.3333 15.27778    0    0    0    0    0    0
[30,]    0   0.0000  0.00000    0    0    0    0    0    0
[31,]    0   0.0000  0.00000    0    0    0    0    0    0
[32,]    0   0.0000 30.55556    0    0    0    0    0    0
[33,]    0   0.0000  0.00000    0    0    0    0    0    0
[34,]    0   0.0000  0.00000    0    0    0    0    0    0
[35,]    0   0.0000  0.00000    0    0    0    0    0    0
[36,]    0 111.1111  0.00000    0    0    0    0    0    0
[37,]    0   0.0000  0.00000    0    0    0    0    0    0
[38,]    0 222.2222  0.00000    0    0    0    0    0    0
[39,]    0   0.0000  0.00000    0    0    0    0    0    0
[40,]    0   0.0000  0.00000    0    0    0    0    0    0
[41,]    0 222.2222  0.00000    0    0    0    0    0    0
[42,]    0   0.0000  0.00000    0    0    0    0    0    0
[43,]    0   0.0000  0.00000    0    0    0    0    0    0
[44,]    0 222.2222 15.27778    0    0    0    0    0    0
[45,]    0 222.2222  0.00000    0    0    0    0    0    0
[46,]    0   0.0000  0.00000    0    0    0    0    0    0
[47,]    0 222.2222 15.27778    0    0    0    0    0    0
[48,]    0   0.0000  0.00000    0    0    0    0    0    0
[49,]    0   0.0000  0.00000    0    0    0    0    0    0
[50,]    0   0.0000  0.00000    0    0    0    0    0    0

