$totdays
[1] 365

$Psampest
[1] 0.2236274

$Pbootest
     Mean      2.5%       50%     97.5% 
0.5579070 0.0000000 0.4472549 1.3070521 

$Pboots
 [1] 1.3070521 1.0834246 1.0834246 0.0000000 0.4472549 1.0834246 1.0834246 0.8597972
 [9] 0.2236274 0.0000000 1.3070521 0.2236274 0.0000000 0.4472549 1.0834246 0.8597972
[17] 0.2236274 0.4472549 0.2236274 0.4472549 1.0834246 0.0000000 0.2236274 0.0000000
[25] 0.0000000 0.2236274 1.5306795 0.0000000 0.8597972 0.0000000 0.4472549 0.2236274
[33] 0.2236274 0.0000000 0.2236274 0.4472549 1.0834246 1.0834246 1.3070521 1.3070521
[41] 0.0000000 0.8597972 0.2236274 1.0834246 0.0000000 0.8597972 0.8597972 0.2236274
[49] 0.8597972 0.2236274

$Bboots
 [1] 0.24841398 0.19873118 0.19873118 0.00000000 0.09936559 0.19873118 0.19873118
 [8] 0.14904839 0.04968280 0.00000000 0.24841398 0.04968280 0.00000000 0.09936559
[15] 0.19873118 0.14904839 0.04968280 0.09936559 0.04968280 0.09936559 0.19873118
[22] 0.00000000 0.04968280 0.00000000 0.00000000 0.04968280 0.29809677 0.00000000
[29] 0.14904839 0.00000000 0.09936559 0.04968280 0.04968280 0.00000000 0.04968280
[36] 0.09936559 0.19873118 0.19873118 0.24841398 0.24841398 0.00000000 0.14904839
[43] 0.04968280 0.19873118 0.00000000 0.14904839 0.14904839 0.04968280 0.14904839
[50] 0.04968280

$Nboots
 [1] 1.1574074 0.9259259 0.9259259 0.0000000 0.4629630 0.9259259 0.9259259 0.6944444
 [9] 0.2314815 0.0000000 1.1574074 0.2314815 0.0000000 0.4629630 0.9259259 0.6944444
[17] 0.2314815 0.4629630 0.2314815 0.4629630 0.9259259 0.0000000 0.2314815 0.0000000
[25] 0.0000000 0.2314815 1.3888889 0.0000000 0.6944444 0.0000000 0.4629630 0.2314815
[33] 0.2314815 0.0000000 0.2314815 0.4629630 0.9259259 0.9259259 1.1574074 1.1574074
[41] 0.0000000 0.6944444 0.2314815 0.9259259 0.0000000 0.6944444 0.6944444 0.2314815
[49] 0.6944444 0.2314815

$julians
[1] 2040 2085 2122 2143 2192 2232 2278 2283 2362

$intdays
[1] 45 37 21 49 40 46  5 79 43

$Pintsampest
[1] 0.09697747 0.08032791 0.00000000 0.00000000 0.00000000 0.00000000 0.00000000
[8] 0.00000000 0.04632206

$Pintboots
            [,1]       [,2] [,3] [,4] [,5] [,6] [,7] [,8]       [,9]
 [1,] 0.77581975 0.16065582    0    0    0    0    0    0 0.37057650
 [2,] 0.67884228 0.08032791    0    0    0    0    0    0 0.32425444
 [3,] 0.67884228 0.08032791    0    0    0    0    0    0 0.32425444
 [4,] 0.00000000 0.00000000    0    0    0    0    0    0 0.00000000
 [5,] 0.19395494 0.16065582    0    0    0    0    0    0 0.09264412
 [6,] 0.67884228 0.08032791    0    0    0    0    0    0 0.32425444
 [7,] 0.67884228 0.08032791    0    0    0    0    0    0 0.32425444
 [8,] 0.58186481 0.00000000    0    0    0    0    0    0 0.27793237
 [9,] 0.09697747 0.08032791    0    0    0    0    0    0 0.04632206
[10,] 0.00000000 0.00000000    0    0    0    0    0    0 0.00000000
[11,] 0.77581975 0.16065582    0    0    0    0    0    0 0.37057650
[12,] 0.09697747 0.08032791    0    0    0    0    0    0 0.04632206
[13,] 0.00000000 0.00000000    0    0    0    0    0    0 0.00000000
[14,] 0.19395494 0.16065582    0    0    0    0    0    0 0.09264412
[15,] 0.67884228 0.08032791    0    0    0    0    0    0 0.32425444
[16,] 0.58186481 0.00000000    0    0    0    0    0    0 0.27793237
[17,] 0.09697747 0.08032791    0    0    0    0    0    0 0.04632206
[18,] 0.19395494 0.16065582    0    0    0    0    0    0 0.09264412
[19,] 0.09697747 0.08032791    0    0    0    0    0    0 0.04632206
[20,] 0.19395494 0.16065582    0    0    0    0    0    0 0.09264412
[21,] 0.67884228 0.08032791    0    0    0    0    0    0 0.32425444
[22,] 0.00000000 0.00000000    0    0    0    0    0    0 0.00000000
[23,] 0.09697747 0.08032791    0    0    0    0    0    0 0.04632206
[24,] 0.00000000 0.00000000    0    0    0    0    0    0 0.00000000
[25,] 0.00000000 0.00000000    0    0    0    0    0    0 0.00000000
[26,] 0.09697747 0.08032791    0    0    0    0    0    0 0.04632206
[27,] 0.87279722 0.24098373    0    0    0    0    0    0 0.41689856
[28,] 0.00000000 0.00000000    0    0    0    0    0    0 0.00000000
[29,] 0.58186481 0.00000000    0    0    0    0    0    0 0.27793237
[30,] 0.00000000 0.00000000    0    0    0    0    0    0 0.00000000
[31,] 0.19395494 0.16065582    0    0    0    0    0    0 0.09264412
[32,] 0.09697747 0.08032791    0    0    0    0    0    0 0.04632206
[33,] 0.09697747 0.08032791    0    0    0    0    0    0 0.04632206
[34,] 0.00000000 0.00000000    0    0    0    0    0    0 0.00000000
[35,] 0.09697747 0.08032791    0    0    0    0    0    0 0.04632206
[36,] 0.19395494 0.16065582    0    0    0    0    0    0 0.09264412
[37,] 0.67884228 0.08032791    0    0    0    0    0    0 0.32425444
[38,] 0.67884228 0.08032791    0    0    0    0    0    0 0.32425444
[39,] 0.77581975 0.16065582    0    0    0    0    0    0 0.37057650
[40,] 0.77581975 0.16065582    0    0    0    0    0    0 0.37057650
[41,] 0.00000000 0.00000000    0    0    0    0    0    0 0.00000000
[42,] 0.58186481 0.00000000    0    0    0    0    0    0 0.27793237
[43,] 0.09697747 0.08032791    0    0    0    0    0    0 0.04632206
[44,] 0.67884228 0.08032791    0    0    0    0    0    0 0.32425444
[45,] 0.00000000 0.00000000    0    0    0    0    0    0 0.00000000
[46,] 0.58186481 0.00000000    0    0    0    0    0    0 0.27793237
[47,] 0.58186481 0.00000000    0    0    0    0    0    0 0.27793237
[48,] 0.09697747 0.08032791    0    0    0    0    0    0 0.04632206
[49,] 0.58186481 0.00000000    0    0    0    0    0    0 0.27793237
[50,] 0.09697747 0.08032791    0    0    0    0    0    0 0.04632206

$Bdatesampinfo
      DATE JULIAN N      Mean   Stdev
1 08/02/11   2040 1 0.0000000      NA
2 09/16/11   2085 6 0.3974624 0.97358
3 10/23/11   2122 5 0.0000000 0.00000
4 11/13/11   2143 5 0.0000000 0.00000
5 01/01/12   2192 5 0.0000000 0.00000
6 02/10/12   2232 4 0.0000000 0.00000
7 03/27/12   2278 5 0.0000000 0.00000
8 04/01/12   2283 2 0.0000000 0.00000
9 06/19/12   2362 5 0.0000000 0.00000

$Ndatesampinfo
      DATE JULIAN N     Mean    Stdev
1 08/02/11   2040 1 0.000000       NA
2 09/16/11   2085 6 1.851852 4.536092
3 10/23/11   2122 5 0.000000 0.000000
4 11/13/11   2143 5 0.000000 0.000000
5 01/01/12   2192 5 0.000000 0.000000
6 02/10/12   2232 4 0.000000 0.000000
7 03/27/12   2278 5 0.000000 0.000000
8 04/01/12   2283 2 0.000000 0.000000
9 06/19/12   2362 5 0.000000 0.000000

$Bdateboots
          [,1]      [,2] [,3] [,4] [,5] [,6] [,7] [,8] [,9]
 [1,] 2.384774 0.7949247    0    0    0    0    0    0    0
 [2,] 2.384774 0.3974624    0    0    0    0    0    0    0
 [3,] 2.384774 0.3974624    0    0    0    0    0    0    0
 [4,] 0.000000 0.0000000    0    0    0    0    0    0    0
 [5,] 0.000000 0.7949247    0    0    0    0    0    0    0
 [6,] 2.384774 0.3974624    0    0    0    0    0    0    0
 [7,] 2.384774 0.3974624    0    0    0    0    0    0    0
 [8,] 2.384774 0.0000000    0    0    0    0    0    0    0
 [9,] 0.000000 0.3974624    0    0    0    0    0    0    0
[10,] 0.000000 0.0000000    0    0    0    0    0    0    0
[11,] 2.384774 0.7949247    0    0    0    0    0    0    0
[12,] 0.000000 0.3974624    0    0    0    0    0    0    0
[13,] 0.000000 0.0000000    0    0    0    0    0    0    0
[14,] 0.000000 0.7949247    0    0    0    0    0    0    0
[15,] 2.384774 0.3974624    0    0    0    0    0    0    0
[16,] 2.384774 0.0000000    0    0    0    0    0    0    0
[17,] 0.000000 0.3974624    0    0    0    0    0    0    0
[18,] 0.000000 0.7949247    0    0    0    0    0    0    0
[19,] 0.000000 0.3974624    0    0    0    0    0    0    0
[20,] 0.000000 0.7949247    0    0    0    0    0    0    0
[21,] 2.384774 0.3974624    0    0    0    0    0    0    0
[22,] 0.000000 0.0000000    0    0    0    0    0    0    0
[23,] 0.000000 0.3974624    0    0    0    0    0    0    0
[24,] 0.000000 0.0000000    0    0    0    0    0    0    0
[25,] 0.000000 0.0000000    0    0    0    0    0    0    0
[26,] 0.000000 0.3974624    0    0    0    0    0    0    0
[27,] 2.384774 1.1923871    0    0    0    0    0    0    0
[28,] 0.000000 0.0000000    0    0    0    0    0    0    0
[29,] 2.384774 0.0000000    0    0    0    0    0    0    0
[30,] 0.000000 0.0000000    0    0    0    0    0    0    0
[31,] 0.000000 0.7949247    0    0    0    0    0    0    0
[32,] 0.000000 0.3974624    0    0    0    0    0    0    0
[33,] 0.000000 0.3974624    0    0    0    0    0    0    0
[34,] 0.000000 0.0000000    0    0    0    0    0    0    0
[35,] 0.000000 0.3974624    0    0    0    0    0    0    0
[36,] 0.000000 0.7949247    0    0    0    0    0    0    0
[37,] 2.384774 0.3974624    0    0    0    0    0    0    0
[38,] 2.384774 0.3974624    0    0    0    0    0    0    0
[39,] 2.384774 0.7949247    0    0    0    0    0    0    0
[40,] 2.384774 0.7949247    0    0    0    0    0    0    0
[41,] 0.000000 0.0000000    0    0    0    0    0    0    0
[42,] 2.384774 0.0000000    0    0    0    0    0    0    0
[43,] 0.000000 0.3974624    0    0    0    0    0    0    0
[44,] 2.384774 0.3974624    0    0    0    0    0    0    0
[45,] 0.000000 0.0000000    0    0    0    0    0    0    0
[46,] 2.384774 0.0000000    0    0    0    0    0    0    0
[47,] 2.384774 0.0000000    0    0    0    0    0    0    0
[48,] 0.000000 0.3974624    0    0    0    0    0    0    0
[49,] 2.384774 0.0000000    0    0    0    0    0    0    0
[50,] 0.000000 0.3974624    0    0    0    0    0    0    0

$Ndateboots
          [,1]     [,2] [,3] [,4] [,5] [,6] [,7] [,8] [,9]
 [1,] 11.11111 3.703704    0    0    0    0    0    0    0
 [2,] 11.11111 1.851852    0    0    0    0    0    0    0
 [3,] 11.11111 1.851852    0    0    0    0    0    0    0
 [4,]  0.00000 0.000000    0    0    0    0    0    0    0
 [5,]  0.00000 3.703704    0    0    0    0    0    0    0
 [6,] 11.11111 1.851852    0    0    0    0    0    0    0
 [7,] 11.11111 1.851852    0    0    0    0    0    0    0
 [8,] 11.11111 0.000000    0    0    0    0    0    0    0
 [9,]  0.00000 1.851852    0    0    0    0    0    0    0
[10,]  0.00000 0.000000    0    0    0    0    0    0    0
[11,] 11.11111 3.703704    0    0    0    0    0    0    0
[12,]  0.00000 1.851852    0    0    0    0    0    0    0
[13,]  0.00000 0.000000    0    0    0    0    0    0    0
[14,]  0.00000 3.703704    0    0    0    0    0    0    0
[15,] 11.11111 1.851852    0    0    0    0    0    0    0
[16,] 11.11111 0.000000    0    0    0    0    0    0    0
[17,]  0.00000 1.851852    0    0    0    0    0    0    0
[18,]  0.00000 3.703704    0    0    0    0    0    0    0
[19,]  0.00000 1.851852    0    0    0    0    0    0    0
[20,]  0.00000 3.703704    0    0    0    0    0    0    0
[21,] 11.11111 1.851852    0    0    0    0    0    0    0
[22,]  0.00000 0.000000    0    0    0    0    0    0    0
[23,]  0.00000 1.851852    0    0    0    0    0    0    0
[24,]  0.00000 0.000000    0    0    0    0    0    0    0
[25,]  0.00000 0.000000    0    0    0    0    0    0    0
[26,]  0.00000 1.851852    0    0    0    0    0    0    0
[27,] 11.11111 5.555556    0    0    0    0    0    0    0
[28,]  0.00000 0.000000    0    0    0    0    0    0    0
[29,] 11.11111 0.000000    0    0    0    0    0    0    0
[30,]  0.00000 0.000000    0    0    0    0    0    0    0
[31,]  0.00000 3.703704    0    0    0    0    0    0    0
[32,]  0.00000 1.851852    0    0    0    0    0    0    0
[33,]  0.00000 1.851852    0    0    0    0    0    0    0
[34,]  0.00000 0.000000    0    0    0    0    0    0    0
[35,]  0.00000 1.851852    0    0    0    0    0    0    0
[36,]  0.00000 3.703704    0    0    0    0    0    0    0
[37,] 11.11111 1.851852    0    0    0    0    0    0    0
[38,] 11.11111 1.851852    0    0    0    0    0    0    0
[39,] 11.11111 3.703704    0    0    0    0    0    0    0
[40,] 11.11111 3.703704    0    0    0    0    0    0    0
[41,]  0.00000 0.000000    0    0    0    0    0    0    0
[42,] 11.11111 0.000000    0    0    0    0    0    0    0
[43,]  0.00000 1.851852    0    0    0    0    0    0    0
[44,] 11.11111 1.851852    0    0    0    0    0    0    0
[45,]  0.00000 0.000000    0    0    0    0    0    0    0
[46,] 11.11111 0.000000    0    0    0    0    0    0    0
[47,] 11.11111 0.000000    0    0    0    0    0    0    0
[48,]  0.00000 1.851852    0    0    0    0    0    0    0
[49,] 11.11111 0.000000    0    0    0    0    0    0    0
[50,]  0.00000 1.851852    0    0    0    0    0    0    0

