$totdays
[1] 365

$Psampest
[1] NA

$Pbootest
     Mean      2.5%       50%     97.5% 
0.2020679 0.0000000 0.0000000 1.9180960 

$Pboots
 [1] 0.000000000 0.000000000 0.002329351 0.000000000 0.000000000 0.000000000 0.029397451
 [8] 0.000000000 0.000000000 0.000000000 0.000000000 0.035276941 0.000000000 1.836682212
[15] 0.004658702 0.001397634 0.032337196 0.002329351 1.196319224 0.000000000 0.092183081
[22] 0.000000000 0.593044303 0.000000000 0.000000000 0.000000000 0.514888412 0.000000000
[29] 0.000000000 0.000000000 0.000000000 0.000000000 0.530821917 0.000000000 0.032337196
[36] 0.000000000 0.000000000 0.029397451 0.000000000 0.000000000 0.000000000 2.544685878
[43] 0.003261067 1.941732324 0.118631424 0.000000000 0.000000000 0.000000000 0.000000000
[50] 0.561684028

$Bboots
 [1] 0.0000000000 0.0000000000 0.0008083333 0.0000000000 0.0000000000 0.0000000000
 [7] 0.0716451533 0.0000000000 0.0000000000 0.0000000000 0.0000000000 0.0859741839
[13] 0.0000000000 0.2831236166 0.0016166667 0.0008083333 0.0788096686 0.0008083333
[19] 0.1844292861 0.0000000000 0.0249644451 0.0000000000 0.0914576608 0.0000000000
[25] 0.0000000000 0.0000000000 0.0794159186 0.0000000000 0.0000000000 0.0000000000
[31] 0.0000000000 0.0000000000 0.0818681454 0.0000000000 0.0788096686 0.0000000000
[37] 0.0000000000 0.0716451533 0.0000000000 0.0000000000 0.0000000000 0.3922430226
[43] 0.0008083333 0.2993258509 0.0320093462 0.0000000000 0.0000000000 0.0000000000
[49] 0.0000000000 0.1604485039

$Nboots
 [1]  0.0000000  0.0000000  0.4629630  0.0000000  0.0000000  0.0000000  2.3148148
 [8]  0.0000000  0.0000000  0.0000000  0.0000000  2.7777778  0.0000000 23.6111111
[15]  0.9259259  0.4629630  2.5462963  0.4629630 14.4675926  0.0000000  1.5046296
[22]  0.0000000  5.3240741  0.0000000  0.0000000  0.0000000  2.8935185  0.0000000
[29]  0.0000000  0.0000000  0.0000000  0.0000000  3.7037037  0.0000000  2.5462963
[36]  0.0000000  0.0000000  2.3148148  0.0000000  0.0000000  0.0000000 34.2592593
[43]  0.4629630 23.9583333  3.0092593  0.0000000  0.0000000  0.0000000  0.0000000
[50]  6.7129630

$julians
[1] 2040 2085 2122 2143 2192 2232 2278 2283 2362

$intdays
[1] 45 37 21 49 40 46  5 79 43

$Pintsampest
[1] NA NA NA NA NA NA NA NA NA

$Pintboots
            [,1] [,2]         [,3]        [,4] [,5] [,6]       [,7]      [,8] [,9]
 [1,]         NA   NA           NA          NA   NA   NA         NA        NA   NA
 [2,]         NA   NA           NA          NA   NA   NA         NA        NA   NA
 [3,]         NA   NA 0.0006988172 0.001630534   NA   NA         NA        NA   NA
 [4,]         NA   NA           NA          NA   NA   NA         NA        NA   NA
 [5,]         NA   NA           NA          NA   NA   NA         NA        NA   NA
 [6,]         NA   NA           NA 0.000000000    0   NA         NA        NA   NA
 [7,]         NA   NA           NA          NA   NA    0 0.02939745        NA   NA
 [8,]         NA   NA           NA          NA   NA   NA         NA        NA   NA
 [9,]         NA   NA           NA          NA   NA   NA         NA        NA   NA
[10,]         NA   NA           NA          NA   NA   NA         NA        NA   NA
[11,]         NA   NA           NA          NA   NA   NA         NA        NA   NA
[12,]         NA   NA           NA          NA   NA   NA 0.03527694        NA   NA
[13,]         NA   NA           NA          NA   NA   NA         NA        NA   NA
[14,]         NA   NA           NA          NA   NA   NA         NA 1.8366822   NA
[15,]         NA    0 0.0013976343 0.003261067   NA   NA         NA        NA   NA
[16,]         NA    0 0.0013976343          NA   NA   NA         NA        NA   NA
[17,]         NA   NA           NA          NA   NA   NA 0.03233720        NA   NA
[18,]         NA   NA 0.0006988172 0.001630534   NA   NA         NA        NA   NA
[19,]         NA   NA           NA          NA   NA   NA         NA 1.1963192   NA
[20,]         NA   NA           NA          NA   NA   NA         NA        NA   NA
[21,] 0.09218308    0           NA          NA    0   NA         NA        NA   NA
[22,]         NA   NA           NA          NA   NA   NA         NA        NA   NA
[23,]         NA   NA           NA          NA   NA   NA         NA 0.5930443   NA
[24,]         NA   NA           NA          NA   NA   NA         NA        NA   NA
[25,]         NA   NA 0.0000000000 0.000000000   NA   NA         NA        NA   NA
[26,]         NA   NA           NA          NA   NA   NA         NA        NA   NA
[27,]         NA   NA           NA          NA   NA   NA         NA 0.5148884   NA
[28,]         NA   NA           NA          NA   NA   NA         NA        NA   NA
[29,]         NA   NA           NA          NA   NA   NA         NA        NA   NA
[30,]         NA   NA           NA          NA   NA   NA         NA        NA   NA
[31,]         NA   NA           NA          NA   NA   NA         NA        NA   NA
[32,]         NA   NA           NA          NA   NA   NA         NA        NA   NA
[33,]         NA   NA           NA          NA   NA   NA         NA 0.5308219   NA
[34,]         NA   NA           NA          NA   NA   NA         NA        NA   NA
[35,]         NA   NA           NA          NA   NA   NA 0.03233720        NA   NA
[36,]         NA   NA           NA          NA   NA    0         NA        NA   NA
[37,]         NA   NA           NA          NA   NA   NA         NA        NA   NA
[38,]         NA   NA           NA          NA   NA   NA 0.02939745        NA   NA
[39,]         NA   NA           NA          NA   NA    0         NA        NA   NA
[40,]         NA   NA           NA          NA   NA   NA         NA        NA   NA
[41,]         NA   NA           NA          NA    0    0         NA        NA   NA
[42,]         NA   NA           NA          NA   NA   NA         NA 2.5446859   NA
[43,]         NA   NA           NA 0.003261067   NA   NA         NA        NA   NA
[44,]         NA   NA           NA          NA   NA   NA         NA 1.9417323   NA
[45,] 0.11373982   NA           NA 0.004891601   NA   NA         NA        NA   NA
[46,]         NA   NA           NA          NA    0   NA         NA        NA   NA
[47,]         NA    0           NA          NA    0   NA         NA        NA   NA
[48,]         NA   NA           NA          NA   NA   NA         NA        NA   NA
[49,]         NA    0           NA          NA   NA   NA         NA        NA   NA
[50,]         NA   NA           NA          NA    0    0 0.03233720 0.5293468   NA

$Bdatesampinfo
      DATE JULIAN N Mean Stdev
1 08/02/11   2040 6   NA    NA
2 09/16/11   2085 7   NA    NA
3 10/23/11   2122 6   NA    NA
4 11/13/11   2143 6   NA    NA
5 01/01/12   2192 6   NA    NA
6 02/10/12   2232 5   NA    NA
7 03/27/12   2278 6   NA    NA
8 04/01/12   2283 3   NA    NA
9 06/19/12   2362 6   NA    NA

$Ndatesampinfo
      DATE JULIAN N Mean Stdev
1 08/02/11   2040 6   NA    NA
2 09/16/11   2085 7   NA    NA
3 10/23/11   2122 6   NA    NA
4 11/13/11   2143 6   NA    NA
5 01/01/12   2192 6   NA    NA
6 02/10/12   2232 5   NA    NA
7 03/27/12   2278 6   NA    NA
8 04/01/12   2283 3   NA    NA
9 06/19/12   2362 6   NA    NA

$Bdateboots
            [,1] [,2] [,3]        [,4] [,5] [,6] [,7]     [,8]       [,9]
 [1,] 0.00000000    0    0 0.000000000    0    0    0 0.000000 0.00000000
 [2,] 0.40913112    0    0 0.000000000    0    0    0 0.000000 3.52502558
 [3,] 0.78592891    0    0 0.006466667    0    0    0 0.000000 0.00000000
 [4,] 0.00000000    0    0 0.000000000    0    0    0 1.146322 0.00000000
 [5,] 0.00000000    0    0 0.000000000    0    0    0 0.000000 1.66361158
 [6,] 0.00000000    0    0 0.000000000    0    0    0 0.000000 0.00000000
 [7,] 0.00000000    0    0 0.000000000    0    0    0 1.146322 0.00000000
 [8,] 0.00000000    0    0 0.006466667    0    0    0 0.000000 3.40025771
 [9,] 0.00000000    0    0 0.000000000    0    0    0 0.000000 1.65391158
[10,] 0.00000000    0    0 0.012933333    0    0    0 0.000000 1.79161279
[11,] 0.00000000    0    0 0.000000000    0    0    0 0.000000 0.00000000
[12,] 0.00000000    0    0 0.000000000    0    0    0 1.375587 0.00000000
[13,] 0.00000000    0    0 0.000000000    0    0    0 0.000000 0.00000000
[14,] 0.00000000    0    0 0.000000000    0    0    0 1.260955 3.26902317
[15,] 0.00000000    0    0 0.012933333    0    0    0 0.000000 0.00000000
[16,] 0.00000000    0    0 0.012933333    0    0    0 0.000000 1.91638067
[17,] 0.00000000    0    0 0.000000000    0    0    0 1.260955 0.00000000
[18,] 0.00000000    0    0 0.006466667    0    0    0 1.260955 0.00000000
[19,] 0.00000000    0    0 0.000000000    0    0    0 1.146322 1.80454613
[20,] 0.00000000    0    0 0.000000000    0    0    0 1.260955 0.00000000
[21,] 0.39943112    0    0 0.000000000    0    0    0 0.000000 0.00000000
[22,] 0.00000000    0    0 0.000000000    0    0    0 0.000000 0.00000000
[23,] 0.00000000    0    0 0.000000000    0    0    0 1.260955 0.20236787
[24,] 0.00000000    0    0 0.000000000    0    0    0 0.000000 0.00000000
[25,] 0.00000000    0    0 0.000000000    0    0    0 0.000000 0.00000000
[26,] 0.00000000    0    0 0.000000000    0    0    0 0.000000 0.00000000
[27,] 0.00000000    0    0 0.000000000    0    0    0 1.260955 0.00970000
[28,] 0.00000000    0    0 0.000000000    0    0    0 0.000000 3.40025771
[29,] 0.00000000    0    0 0.000000000    0    0    0 0.000000 1.64744492
[30,] 0.00000000    0    0 0.000000000    0    0    0 0.000000 0.00000000
[31,] 0.00000000    0    0 0.000000000    0    0    0 0.000000 0.00000000
[32,] 0.00000000    0    0 0.000000000    0    0    0 0.000000 0.00000000
[33,] 0.00000000    0    0 0.000000000    0    0    0 1.146322 0.16356787
[34,] 0.00000000    0    0 0.000000000    0    0    0 0.000000 0.00000000
[35,] 0.03233333    0    0 0.000000000    0    0    0 1.260955 0.00000000
[36,] 0.33197937    0    0 0.000000000    0    0    0 0.000000 0.00000000
[37,] 0.00000000    0    0 0.000000000    0    0    0 0.000000 1.63451158
[38,] 0.00000000    0    0 0.000000000    0    0    0 1.146322 0.00000000
[39,] 0.00000000    0    0 0.000000000    0    0    0 0.000000 0.00000000
[40,] 0.39619779    0    0 0.012933333    0    0    0 0.000000 0.00000000
[41,] 0.00000000    0    0 0.000000000    0    0    0 0.000000 0.00000000
[42,] 0.00000000    0    0 0.000000000    0    0    0 1.375587 4.90030142
[43,] 0.38649779    0    0 0.012933333    0    0    0 0.000000 0.00000000
[44,] 0.00000000    0    0 0.000000000    0    0    0 1.260955 3.52825892
[45,] 0.49274954    0    0 0.019400000    0    0    0 0.000000 0.00000000
[46,] 0.00000000    0    0 0.000000000    0    0    0 0.000000 0.00000000
[47,] 0.00000000    0    0 0.000000000    0    0    0 0.000000 0.00000000
[48,] 0.00000000    0    0 0.000000000    0    0    0 0.000000 0.00000000
[49,] 0.00000000    0    0 0.000000000    0    0    0 1.146322 0.00000000
[50,] 0.00000000    0    0 0.000000000    0    0    0 1.260955 0.04526667

$Ndateboots
          [,1] [,2] [,3]      [,4] [,5] [,6] [,7]     [,8]       [,9]
 [1,]  0.00000    0    0  0.000000    0    0    0  0.00000   0.000000
 [2,] 29.62963    0    0  0.000000    0    0    0  0.00000 340.740741
 [3,] 40.74074    0    0  3.703704    0    0    0  0.00000   0.000000
 [4,]  0.00000    0    0  0.000000    0    0    0 37.03704   0.000000
 [5,]  0.00000    0    0  0.000000    0    0    0  0.00000 185.185185
 [6,]  0.00000    0    0  0.000000    0    0    0  0.00000   0.000000
 [7,]  0.00000    0    0  0.000000    0    0    0 37.03704   0.000000
 [8,]  0.00000    0    0  3.703704    0    0    0  0.00000 340.740741
 [9,]  0.00000    0    0  0.000000    0    0    0  0.00000 179.629630
[10,]  0.00000    0    0  7.407407    0    0    0  0.00000 187.037037
[11,]  0.00000    0    0  0.000000    0    0    0  0.00000   0.000000
[12,]  0.00000    0    0  0.000000    0    0    0 44.44444   0.000000
[13,]  0.00000    0    0  0.000000    0    0    0  0.00000   0.000000
[14,]  0.00000    0    0  0.000000    0    0    0 40.74074 337.037037
[15,]  0.00000    0    0  7.407407    0    0    0  0.00000   0.000000
[16,]  0.00000    0    0  7.407407    0    0    0  0.00000 187.037037
[17,]  0.00000    0    0  0.000000    0    0    0 40.74074   0.000000
[18,]  0.00000    0    0  3.703704    0    0    0 40.74074   0.000000
[19,]  0.00000    0    0  0.000000    0    0    0 37.03704 194.444444
[20,]  0.00000    0    0  0.000000    0    0    0 40.74074   0.000000
[21,] 24.07407    0    0  0.000000    0    0    0  0.00000   0.000000
[22,]  0.00000    0    0  0.000000    0    0    0  0.00000   0.000000
[23,]  0.00000    0    0  0.000000    0    0    0 40.74074  44.444444
[24,]  0.00000    0    0  0.000000    0    0    0  0.00000   0.000000
[25,]  0.00000    0    0  0.000000    0    0    0  0.00000   0.000000
[26,]  0.00000    0    0  0.000000    0    0    0  0.00000   0.000000
[27,]  0.00000    0    0  0.000000    0    0    0 40.74074   5.555556
[28,]  0.00000    0    0  0.000000    0    0    0  0.00000 340.740741
[29,]  0.00000    0    0  0.000000    0    0    0  0.00000 175.925926
[30,]  0.00000    0    0  0.000000    0    0    0  0.00000   0.000000
[31,]  0.00000    0    0  0.000000    0    0    0  0.00000   0.000000
[32,]  0.00000    0    0  0.000000    0    0    0  0.00000   0.000000
[33,]  0.00000    0    0  0.000000    0    0    0 37.03704  22.222222
[34,]  0.00000    0    0  0.000000    0    0    0  0.00000   0.000000
[35,] 18.51852    0    0  0.000000    0    0    0 40.74074   0.000000
[36,] 25.92593    0    0  0.000000    0    0    0  0.00000   0.000000
[37,]  0.00000    0    0  0.000000    0    0    0  0.00000 168.518519
[38,]  0.00000    0    0  0.000000    0    0    0 37.03704   0.000000
[39,]  0.00000    0    0  0.000000    0    0    0  0.00000   0.000000
[40,] 22.22222    0    0  7.407407    0    0    0  0.00000   0.000000
[41,]  0.00000    0    0  0.000000    0    0    0  0.00000   0.000000
[42,]  0.00000    0    0  0.000000    0    0    0 44.44444 503.703704
[43,] 16.66667    0    0  7.407407    0    0    0  0.00000   0.000000
[44,]  0.00000    0    0  0.000000    0    0    0 40.74074 342.592593
[45,] 37.03704    0    0 11.111111    0    0    0  0.00000   0.000000
[46,]  0.00000    0    0  0.000000    0    0    0  0.00000   0.000000
[47,]  0.00000    0    0  0.000000    0    0    0  0.00000   0.000000
[48,]  0.00000    0    0  0.000000    0    0    0  0.00000   0.000000
[49,]  0.00000    0    0  0.000000    0    0    0 37.03704   0.000000
[50,]  0.00000    0    0  0.000000    0    0    0 40.74074  25.925926

