$totdays
[1] 365

$Psampest
[1] NA

$Pbootest
     Mean      2.5%       50%     97.5% 
0.9569796 0.0000000 0.1049283 5.2091943 

$Pboots
 [1]  1.89773035  0.00000000  2.59523106  3.36447210  0.92423722  0.00000000  0.30871152
 [8]  0.00000000  0.00000000  0.00000000  0.00000000  0.00000000  5.74475877  0.00000000
[15]  0.94088457  0.34803448  0.00000000 11.53378702  1.12312550  0.00000000  0.00000000
[22]  1.31894186  0.16171856  0.00000000  3.34446450  1.53717674  0.00000000  1.68994142
[29]  0.34031201  0.00000000  0.00000000  0.37489438  0.00000000  1.39326887  0.17241012
[36]  0.20097852  1.73088004  1.26777068  0.00000000  0.00000000  0.00000000  0.00000000
[43]  0.82607492  0.00000000  0.00000000  0.00000000  0.04813813  1.99584033  0.00000000
[50]  2.66519777

$Bboots
 [1] 0.054568283 0.000000000 0.084604262 0.112231832 0.029269932 0.000000000 0.247026904
 [8] 0.000000000 0.000000000 0.000000000 0.000000000 0.000000000 0.143472819 0.000000000
[15] 0.036505615 0.006017126 0.000000000 0.337149231 0.036505615 0.000000000 0.000000000
[22] 0.040277838 0.007587929 0.000000000 0.118942794 0.039889722 0.000000000 0.051964251
[29] 0.005922981 0.000000000 0.000000000 0.008716238 0.000000000 0.041768941 0.002658197
[36] 0.143326015 0.062817776 0.044375190 0.000000000 0.000000000 0.000000000 0.000000000
[43] 0.019265688 0.000000000 0.000000000 0.000000000 0.001682698 0.067513982 0.000000000
[50] 0.077164324

$Nboots
 [1]  4.8445767  0.0000000  6.9444444 15.8333333  5.1388889  0.0000000  7.4074074
 [8]  0.0000000  0.0000000  0.0000000  0.0000000  0.0000000  6.7129630  0.0000000
[15]  5.1388889  2.7777778  0.0000000 10.1851852  5.1388889  0.0000000  0.0000000
[22]  7.0833333  1.3888889  0.0000000 17.1064815  5.8035714  0.0000000  6.8750000
[29]  2.5462963  0.0000000  0.0000000  1.6203704  0.0000000  7.1990741  1.7361111
[36]  5.0925926  6.8750000  7.6851852  0.0000000  0.0000000  0.0000000  0.0000000
[43]  3.6044974  0.0000000  0.0000000  0.0000000  0.6944444  8.1481481  0.0000000
[50] 13.1183862

$julians
[1] 2040 2085 2122 2143 2192 2232 2278 2283 2362

$intdays
[1] 45 37 21 49 40 46  5 79 43

$Pintsampest
[1] NA NA NA NA NA NA NA NA NA

$Pintboots
           [,1]      [,2]       [,3]      [,4]      [,5]     [,6]      [,7]      [,8]
 [1,] 1.8977303        NA         NA        NA        NA       NA        NA        NA
 [2,]        NA        NA         NA        NA        NA       NA        NA        NA
 [3,]        NA        NA         NA        NA        NA       NA 0.1040749  2.491156
 [4,]        NA        NA         NA        NA 1.5354796 1.828993        NA        NA
 [5,]        NA        NA         NA        NA 0.9242372       NA        NA        NA
 [6,]        NA        NA         NA        NA        NA       NA        NA        NA
 [7,]        NA        NA         NA        NA        NA       NA 0.3087115        NA
 [8,]        NA        NA         NA        NA        NA       NA        NA        NA
 [9,]        NA        NA         NA        NA        NA       NA        NA        NA
[10,]        NA        NA         NA        NA        NA       NA        NA        NA
[11,]        NA        NA         NA        NA        NA       NA        NA        NA
[12,]        NA        NA         NA        NA        NA       NA        NA        NA
[13,]        NA        NA         NA        NA        NA       NA        NA  5.744759
[14,]        NA        NA         NA        NA        NA       NA        NA        NA
[15,]        NA        NA         NA        NA 0.9408846       NA        NA        NA
[16,]        NA        NA         NA 0.3480345        NA       NA        NA        NA
[17,]        NA        NA         NA        NA        NA       NA        NA        NA
[18,]        NA        NA         NA        NA        NA       NA        NA 11.533787
[19,]        NA        NA         NA        NA        NA 1.123126        NA        NA
[20,]        NA        NA         NA        NA        NA       NA        NA        NA
[21,]        NA        NA         NA        NA        NA       NA        NA        NA
[22,]        NA        NA         NA        NA        NA 1.318942        NA        NA
[23,]        NA        NA 0.16171856        NA        NA       NA        NA        NA
[24,]        NA        NA         NA        NA        NA       NA        NA        NA
[25,]        NA        NA 0.14293481 0.1581406 1.2381821 1.805207        NA        NA
[26,] 1.2000243 0.3371525         NA        NA        NA       NA        NA        NA
[27,]        NA        NA         NA        NA        NA       NA        NA        NA
[28,]        NA        NA         NA        NA        NA 1.689941        NA        NA
[29,]        NA        NA         NA 0.3403120        NA       NA        NA        NA
[30,]        NA        NA         NA        NA        NA       NA        NA        NA
[31,]        NA        NA         NA        NA        NA       NA        NA        NA
[32,]        NA 0.3748944         NA        NA        NA       NA        NA        NA
[33,]        NA        NA         NA        NA        NA       NA        NA        NA
[34,]        NA        NA         NA        NA        NA 1.393269        NA        NA
[35,]        NA        NA         NA 0.1724101        NA       NA        NA        NA
[36,]        NA        NA         NA        NA        NA       NA 0.2009785        NA
[37,]        NA        NA         NA        NA        NA 1.730880        NA        NA
[38,]        NA        NA 0.16680388 0.1273473 0.9736195       NA        NA        NA
[39,]        NA        NA         NA        NA        NA       NA        NA        NA
[40,]        NA        NA         NA        NA        NA       NA        NA        NA
[41,]        NA        NA         NA        NA        NA       NA        NA        NA
[42,]        NA        NA         NA        NA        NA       NA        NA        NA
[43,] 0.8260749        NA         NA        NA        NA       NA        NA        NA
[44,]        NA        NA         NA        NA        NA       NA        NA        NA
[45,]        NA        NA         NA        NA        NA       NA        NA        NA
[46,]        NA        NA         NA        NA        NA       NA        NA        NA
[47,]        NA        NA 0.04813813        NA        NA       NA        NA        NA
[48,]        NA        NA         NA        NA        NA 1.995840        NA        NA
[49,]        NA        NA         NA        NA        NA       NA        NA        NA
[50,] 1.3805512        NA         NA 0.1855043 1.0991422       NA        NA        NA
      [,9]
 [1,]   NA
 [2,]   NA
 [3,]   NA
 [4,]   NA
 [5,]   NA
 [6,]   NA
 [7,]   NA
 [8,]   NA
 [9,]   NA
[10,]   NA
[11,]   NA
[12,]   NA
[13,]   NA
[14,]   NA
[15,]   NA
[16,]   NA
[17,]   NA
[18,]   NA
[19,]   NA
[20,]   NA
[21,]   NA
[22,]   NA
[23,]   NA
[24,]   NA
[25,]   NA
[26,]   NA
[27,]   NA
[28,]   NA
[29,]   NA
[30,]   NA
[31,]   NA
[32,]   NA
[33,]   NA
[34,]   NA
[35,]   NA
[36,]   NA
[37,]   NA
[38,]   NA
[39,]   NA
[40,]   NA
[41,]   NA
[42,]   NA
[43,]   NA
[44,]   NA
[45,]   NA
[46,]   NA
[47,]   NA
[48,]   NA
[49,]   NA
[50,]   NA

$Bdatesampinfo
      DATE JULIAN N Mean Stdev
1 08/02/11   2040 6   NA    NA
2 09/16/11   2085 7   NA    NA
3 10/23/11   2122 6   NA    NA
4 11/13/11   2143 6   NA    NA
5 01/01/12   2192 6   NA    NA
6 02/10/12   2232 5   NA    NA
7 03/27/12   2278 6   NA    NA
8 04/01/12   2283 3   NA    NA
9 06/19/12   2362 6   NA    NA

$Ndatesampinfo
      DATE JULIAN N Mean Stdev
1 08/02/11   2040 6   NA    NA
2 09/16/11   2085 7   NA    NA
3 10/23/11   2122 6   NA    NA
4 11/13/11   2143 6   NA    NA
5 01/01/12   2192 6   NA    NA
6 02/10/12   2232 5   NA    NA
7 03/27/12   2278 6   NA    NA
8 04/01/12   2283 3   NA    NA
9 06/19/12   2362 6   NA    NA

$Bdateboots
           [,1]       [,2]        [,3]       [,4]       [,5]      [,6]       [,7]
 [1,] 0.8116512 0.06144137 0.000000000 0.00000000 0.00000000 0.0000000 0.12448358
 [2,] 0.0000000 0.00000000 0.000000000 0.05690152 0.00000000 0.0000000 0.00000000
 [3,] 0.5736268 0.00000000 0.000000000 0.00000000 0.00000000 0.0000000 0.12448358
 [4,] 0.0000000 0.00000000 0.000000000 0.00000000 0.00000000 0.8978547 0.00000000
 [5,] 0.0000000 0.00000000 0.101626321 0.00000000 0.00000000 0.4683189 0.00000000
 [6,] 0.4405312 0.00000000 0.000000000 0.00000000 0.04145877 0.0000000 0.41245340
 [7,] 0.0000000 0.00000000 0.000000000 0.00000000 0.04145877 0.0000000 0.24896717
 [8,] 0.0000000 0.00000000 0.055293260 0.00000000 0.00000000 0.0000000 0.28796982
 [9,] 0.5723829 0.00000000 0.000000000 0.00000000 0.00000000 0.0000000 0.45145605
[10,] 0.0000000 0.00000000 0.000000000 0.00000000 0.00000000 0.3114365 0.00000000
[11,] 0.0000000 0.19877032 0.000000000 0.00000000 0.00000000 0.0000000 0.00000000
[12,] 0.0000000 0.00000000 0.008960199 0.00000000 0.00000000 0.4984967 0.00000000
[13,] 0.0000000 0.05875472 0.000000000 0.00000000 0.02072939 0.0000000 0.00000000
[14,] 0.1762398 0.00000000 0.055293260 0.00000000 0.02072939 0.0000000 0.00000000
[15,] 0.0000000 0.00000000 0.055293260 0.00000000 0.00000000 0.5840898 0.00000000
[16,] 0.0000000 0.08813208 0.000000000 0.05481525 0.04145877 0.0000000 0.00000000
[17,] 0.0000000 0.00000000 0.110586521 0.00000000 0.02072939 0.0000000 0.08174312
[18,] 0.0000000 0.00000000 0.147959383 0.00000000 0.06218816 0.0000000 0.00000000
[19,] 0.0000000 0.00000000 0.000000000 0.00000000 0.00000000 0.5840898 0.00000000
[20,] 0.4576679 0.00000000 0.000000000 0.00000000 0.00000000 0.0000000 0.24896717
[21,] 0.0000000 0.00000000 0.000000000 0.03175337 0.00000000 0.5840898 0.00000000
[22,] 0.0000000 0.00000000 0.017920399 0.00000000 0.00000000 0.6444454 0.00000000
[23,] 0.6785555 0.00000000 0.092666122 0.02874074 0.00000000 0.0000000 0.33071029
[24,] 0.2199717 0.00000000 0.000000000 0.00000000 0.00000000 0.0000000 0.00000000
[25,] 0.4748047 0.00000000 0.055293260 0.03893856 0.00000000 0.7409722 0.28796982
[26,] 0.4576679 0.04919687 0.082173858 0.00000000 0.00000000 0.0000000 0.00000000
[27,] 0.5372454 0.00000000 0.000000000 0.00000000 0.00000000 0.3994997 0.00000000
[28,] 0.0000000 0.00000000 0.000000000 0.00000000 0.00000000 0.6252013 0.20622670
[29,] 0.0000000 0.00000000 0.000000000 0.05330893 0.04145877 0.0000000 0.00000000
[30,] 0.0000000 0.00000000 0.000000000 0.00000000 0.00000000 0.4598553 0.00000000
[31,] 0.5103222 0.00000000 0.000000000 0.01796296 0.00000000 0.0000000 0.45519387
[32,] 0.0000000 0.12153941 0.017920399 0.00000000 0.00000000 0.4296775 0.00000000
[33,] 0.6344955 0.00000000 0.000000000 0.00000000 0.06218816 0.0000000 0.00000000
[34,] 0.7051506 0.00000000 0.017920399 0.00000000 0.00000000 0.5865599 0.08174312
[35,] 0.0000000 0.08947541 0.000000000 0.04253115 0.00000000 0.0000000 0.00000000
[36,] 0.0000000 0.00000000 0.000000000 0.00000000 0.00000000 0.0000000 0.16348623
[37,] 0.0000000 0.00000000 0.000000000 0.00000000 0.00000000 0.7988577 0.20622670
[38,] 0.4041497 0.00000000 0.110586521 0.01587669 0.02072939 0.5262044 0.00000000
[39,] 0.0000000 0.00000000 0.000000000 0.00000000 0.00000000 0.0000000 0.00000000
[40,] 0.0000000 0.00000000 0.000000000 0.00000000 0.00000000 0.0000000 0.00000000
[41,] 0.0000000 0.00000000 0.046333061 0.00000000 0.00000000 0.0000000 0.00000000
[42,] 0.3258162 0.00000000 0.000000000 0.00000000 0.00000000 0.0000000 0.20622670
[43,] 0.2098573 0.09839375 0.000000000 0.00000000 0.02072939 0.0000000 0.00000000
[44,] 0.0000000 0.10795160 0.000000000 0.05481525 0.00000000 0.0000000 0.00000000
[45,] 0.0000000 0.00000000 0.000000000 0.00000000 0.00000000 0.0000000 0.00000000
[46,] 0.4408592 0.00000000 0.000000000 0.00000000 0.00000000 0.7107945 0.00000000
[47,] 0.0000000 0.00000000 0.008960199 0.01796296 0.00000000 0.0000000 0.00000000
[48,] 0.0000000 0.00000000 0.000000000 0.00000000 0.00000000 0.9557401 0.12448358
[49,] 0.0000000 0.03695238 0.000000000 0.00000000 0.00000000 0.0000000 0.20622670
[50,] 0.5029718 0.09839375 0.000000000 0.04670370 0.00000000 0.5865599 0.00000000
           [,8]       [,9]
 [1,] 0.0000000 0.00000000
 [2,] 0.0000000 0.08291755
 [3,] 0.5559967 0.11719114
 [4,] 0.0000000 0.00000000
 [5,] 0.0000000 0.00000000
 [6,] 0.0000000 0.00000000
 [7,] 3.7034633 0.00000000
 [8,] 0.0000000 0.00000000
 [9,] 0.0000000 0.00000000
[10,] 0.0000000 0.00000000
[11,] 0.0000000 0.00000000
[12,] 0.0000000 0.00000000
[13,] 2.1297300 0.16583509
[14,] 2.1297300 0.00000000
[15,] 0.0000000 0.00000000
[16,] 0.0000000 0.00000000
[17,] 0.0000000 0.00000000
[18,] 5.2771966 0.11719114
[19,] 0.0000000 0.01713679
[20,] 0.0000000 0.00000000
[21,] 0.0000000 0.00000000
[22,] 0.0000000 0.00000000
[23,] 0.0000000 0.00000000
[24,] 0.0000000 0.00000000
[25,] 0.0000000 0.00000000
[26,] 2.1297300 0.00000000
[27,] 0.0000000 0.00000000
[28,] 0.0000000 0.00000000
[29,] 0.0000000 0.00000000
[30,] 2.1297300 0.00000000
[31,] 0.0000000 0.00000000
[32,] 0.0000000 0.11719114
[33,] 3.7034633 0.00000000
[34,] 0.0000000 0.00000000
[35,] 3.7034633 0.00000000
[36,] 2.1297300 0.00000000
[37,] 0.0000000 0.00000000
[38,] 0.0000000 0.00000000
[39,] 0.0000000 0.05141038
[40,] 0.0000000 0.01713679
[41,] 0.0000000 0.00000000
[42,] 0.0000000 0.00000000
[43,] 0.0000000 0.08291755
[44,] 0.0000000 0.00000000
[45,] 3.7034633 0.00000000
[46,] 0.0000000 0.11719114
[47,] 0.0000000 0.00000000
[48,] 0.0000000 0.18297189
[49,] 0.0000000 0.15146472
[50,] 0.0000000 0.00000000

$Ndateboots
          [,1]      [,2]      [,3]      [,4]      [,5]      [,6]      [,7]      [,8]
 [1,] 64.81481 12.698413  0.000000  0.000000  0.000000   0.00000  3.703704   0.00000
 [2,]  0.00000  0.000000  0.000000 35.185185  0.000000   0.00000  0.000000   0.00000
 [3,] 50.00000  0.000000  0.000000  0.000000  0.000000   0.00000  3.703704  44.44444
 [4,]  0.00000  0.000000  0.000000  0.000000  0.000000 126.66667  0.000000   0.00000
 [5,]  0.00000  0.000000  9.259259  0.000000  0.000000  82.22222  0.000000   0.00000
 [6,] 48.14815  0.000000  0.000000  0.000000  7.407407   0.00000 11.111111   0.00000
 [7,]  0.00000  0.000000  0.000000  0.000000  7.407407   0.00000  7.407407 111.11111
 [8,]  0.00000  0.000000  5.555556  0.000000  0.000000   0.00000  7.407407   0.00000
 [9,] 72.22222  0.000000  0.000000  0.000000  0.000000   0.00000 11.111111   0.00000
[10,]  0.00000  0.000000  0.000000  0.000000  0.000000  60.00000  0.000000   0.00000
[11,]  0.00000 38.095238  0.000000  0.000000  0.000000   0.00000  0.000000   0.00000
[12,]  0.00000  0.000000  1.851852  0.000000  0.000000  97.77778  0.000000   0.00000
[13,]  0.00000  6.349206  0.000000  0.000000  3.703704   0.00000  0.000000  77.77778
[14,] 51.85185  0.000000  5.555556  0.000000  3.703704   0.00000  0.000000  77.77778
[15,]  0.00000  0.000000  5.555556  0.000000  0.000000  82.22222  0.000000   0.00000
[16,]  0.00000  9.523810  0.000000 37.037037  7.407407   0.00000  0.000000   0.00000
[17,]  0.00000  0.000000 11.111111  0.000000  3.703704   0.00000  1.851852   0.00000
[18,]  0.00000  0.000000 12.962963  0.000000 11.111111   0.00000  0.000000 144.44444
[19,]  0.00000  0.000000  0.000000  0.000000  0.000000  82.22222  0.000000   0.00000
[20,] 50.00000  0.000000  0.000000  0.000000  0.000000   0.00000  7.407407   0.00000
[21,]  0.00000  0.000000  0.000000 22.222222  0.000000  82.22222  0.000000   0.00000
[22,]  0.00000  0.000000  3.703704  0.000000  0.000000 113.33333  0.000000   0.00000
[23,] 62.96296  0.000000  7.407407 14.814815  0.000000   0.00000  9.259259   0.00000
[24,] 50.00000  0.000000  0.000000  0.000000  0.000000   0.00000  0.000000   0.00000
[25,] 51.85185  0.000000  5.555556 25.925926  0.000000 104.44444  7.407407   0.00000
[26,] 50.00000 15.873016 11.111111  0.000000  0.000000   0.00000  0.000000  77.77778
[27,] 44.44444  0.000000  0.000000  0.000000  0.000000  75.55556  0.000000   0.00000
[28,]  0.00000  0.000000  0.000000  0.000000  0.000000 104.44444  5.555556   0.00000
[29,]  0.00000  0.000000  0.000000 33.333333  7.407407   0.00000  0.000000   0.00000
[30,]  0.00000  0.000000  0.000000  0.000000  0.000000 106.66667  0.000000  77.77778
[31,] 33.33333  0.000000  0.000000  9.259259  0.000000   0.00000 12.962963   0.00000
[32,]  0.00000 22.222222  3.703704  0.000000  0.000000  91.11111  0.000000   0.00000
[33,] 50.00000  0.000000  0.000000  0.000000 11.111111   0.00000  0.000000 111.11111
[34,] 59.25926  0.000000  3.703704  0.000000  0.000000 113.33333  1.851852   0.00000
[35,]  0.00000 12.698413  0.000000 27.777778  0.000000   0.00000  0.000000 111.11111
[36,]  0.00000  0.000000  0.000000  0.000000  0.000000   0.00000  3.703704  77.77778
[37,]  0.00000  0.000000  0.000000  0.000000  0.000000 104.44444  5.555556   0.00000
[38,] 42.59259  0.000000 11.111111 11.111111  3.703704  82.22222  0.000000   0.00000
[39,]  0.00000  0.000000  0.000000  0.000000  0.000000   0.00000  0.000000   0.00000
[40,]  0.00000  0.000000  0.000000  0.000000  0.000000   0.00000  0.000000   0.00000
[41,]  0.00000  0.000000  3.703704  0.000000  0.000000   0.00000  0.000000   0.00000
[42,] 25.92593  0.000000  0.000000  0.000000  0.000000   0.00000  5.555556   0.00000
[43,] 25.92593 31.746032  0.000000  0.000000  3.703704   0.00000  0.000000   0.00000
[44,]  0.00000 22.222222  0.000000 37.037037  0.000000   0.00000  0.000000   0.00000
[45,]  0.00000  0.000000  0.000000  0.000000  0.000000   0.00000  0.000000 111.11111
[46,] 62.96296  0.000000  0.000000  0.000000  0.000000  88.88889  0.000000   0.00000
[47,]  0.00000  0.000000  1.851852  9.259259  0.000000   0.00000  0.000000   0.00000
[48,]  0.00000  0.000000  0.000000  0.000000  0.000000 126.66667  3.703704   0.00000
[49,]  0.00000 19.047619  0.000000  0.000000  0.000000   0.00000  5.555556   0.00000
[50,] 40.74074 31.746032  0.000000 24.074074  0.000000 113.33333  0.000000   0.00000
           [,9]
 [1,]  0.000000
 [2,] 14.814815
 [3,] 18.518519
 [4,]  0.000000
 [5,]  0.000000
 [6,]  0.000000
 [7,]  0.000000
 [8,]  0.000000
 [9,]  0.000000
[10,]  0.000000
[11,]  0.000000
[12,]  0.000000
[13,] 29.629630
[14,]  0.000000
[15,]  0.000000
[16,]  0.000000
[17,]  0.000000
[18,] 18.518519
[19,]  1.851852
[20,]  0.000000
[21,]  0.000000
[22,]  0.000000
[23,]  0.000000
[24,]  0.000000
[25,]  0.000000
[26,]  0.000000
[27,]  0.000000
[28,]  0.000000
[29,]  0.000000
[30,]  0.000000
[31,]  0.000000
[32,] 18.518519
[33,]  0.000000
[34,]  0.000000
[35,]  0.000000
[36,]  0.000000
[37,]  0.000000
[38,]  0.000000
[39,]  5.555556
[40,]  1.851852
[41,]  0.000000
[42,]  0.000000
[43,] 14.814815
[44,]  0.000000
[45,]  0.000000
[46,] 18.518519
[47,]  0.000000
[48,] 31.481481
[49,] 22.222222
[50,]  0.000000

