$totdays
[1] 365

$Psampest
[1] 0.3285987

$Pbootest
     Mean      2.5%       50%     97.5% 
0.9745134 0.0000000 0.9857961 2.0439278 

$Pboots
 [1] 0.3285987 1.3867304 0.6571974 1.7153291 0.0000000 0.0000000 1.7153291 0.0000000
 [9] 0.0000000 0.0000000 1.7153291 2.3725265 0.9857961 2.0439278 1.7153291 1.3867304
[17] 0.0000000 1.7153291 0.3285987 2.0439278 1.7153291 2.0439278 1.3867304 0.3285987
[25] 2.0439278 0.0000000 0.0000000 1.7153291 0.3285987 0.3285987 0.9857961 0.0000000
[33] 0.6571974 0.3285987 2.0439278 0.3285987 1.3867304 0.3285987 0.6571974 0.0000000
[41] 1.7153291 1.7153291 1.3867304 1.3867304 1.3867304 0.6571974 0.0000000 1.7153291
[49] 0.6571974 1.3867304

$Bboots
 [1] 0.02027578 0.05068946 0.04055156 0.07096524 0.00000000 0.00000000 0.07096524
 [8] 0.00000000 0.00000000 0.00000000 0.07096524 0.11151680 0.06082735 0.09124102
[15] 0.07096524 0.05068946 0.00000000 0.07096524 0.02027578 0.09124102 0.07096524
[22] 0.09124102 0.05068946 0.02027578 0.09124102 0.00000000 0.00000000 0.07096524
[29] 0.02027578 0.02027578 0.06082735 0.00000000 0.04055156 0.02027578 0.09124102
[36] 0.02027578 0.05068946 0.02027578 0.04055156 0.00000000 0.07096524 0.07096524
[43] 0.05068946 0.05068946 0.05068946 0.04055156 0.00000000 0.07096524 0.04055156
[50] 0.05068946

$Nboots
 [1] 0.2777778 0.6944444 0.5555556 0.9722222 0.0000000 0.0000000 0.9722222 0.0000000
 [9] 0.0000000 0.0000000 0.9722222 1.5277778 0.8333333 1.2500000 0.9722222 0.6944444
[17] 0.0000000 0.9722222 0.2777778 1.2500000 0.9722222 1.2500000 0.6944444 0.2777778
[25] 1.2500000 0.0000000 0.0000000 0.9722222 0.2777778 0.2777778 0.8333333 0.0000000
[33] 0.5555556 0.2777778 1.2500000 0.2777778 0.6944444 0.2777778 0.5555556 0.0000000
[41] 0.9722222 0.9722222 0.6944444 0.6944444 0.6944444 0.5555556 0.0000000 0.9722222
[49] 0.5555556 0.6944444

$julians
[1] 2040 2085 2122 2143 2192 2232 2278 2283 2362

$intdays
[1] 45 37 21 49 40 46  5 79 43

$Pintsampest
[1] 0.0000000 0.0000000 0.1192526 0.2093461 0.0000000 0.0000000 0.0000000 0.0000000
[9] 0.0000000

$Pintboots
           [,1] [,2]      [,3]      [,4] [,5] [,6] [,7] [,8]      [,9]
 [1,] 0.0000000    0 0.1192526 0.2093461    0    0    0    0 0.0000000
 [2,] 0.9415749    0 0.0000000 0.0000000    0    0    0    0 0.4451555
 [3,] 0.0000000    0 0.2385053 0.4186921    0    0    0    0 0.0000000
 [4,] 0.9415749    0 0.1192526 0.2093461    0    0    0    0 0.4451555
 [5,] 0.0000000    0 0.0000000 0.0000000    0    0    0    0 0.0000000
 [6,] 0.0000000    0 0.0000000 0.0000000    0    0    0    0 0.0000000
 [7,] 0.9415749    0 0.1192526 0.2093461    0    0    0    0 0.4451555
 [8,] 0.0000000    0 0.0000000 0.0000000    0    0    0    0 0.0000000
 [9,] 0.0000000    0 0.0000000 0.0000000    0    0    0    0 0.0000000
[10,] 0.0000000    0 0.0000000 0.0000000    0    0    0    0 0.0000000
[11,] 0.9415749    0 0.1192526 0.2093461    0    0    0    0 0.4451555
[12,] 0.9415749    0 0.3577579 0.6280382    0    0    0    0 0.4451555
[13,] 0.0000000    0 0.3577579 0.6280382    0    0    0    0 0.0000000
[14,] 0.9415749    0 0.2385053 0.4186921    0    0    0    0 0.4451555
[15,] 0.9415749    0 0.1192526 0.2093461    0    0    0    0 0.4451555
[16,] 0.9415749    0 0.0000000 0.0000000    0    0    0    0 0.4451555
[17,] 0.0000000    0 0.0000000 0.0000000    0    0    0    0 0.0000000
[18,] 0.9415749    0 0.1192526 0.2093461    0    0    0    0 0.4451555
[19,] 0.0000000    0 0.1192526 0.2093461    0    0    0    0 0.0000000
[20,] 0.9415749    0 0.2385053 0.4186921    0    0    0    0 0.4451555
[21,] 0.9415749    0 0.1192526 0.2093461    0    0    0    0 0.4451555
[22,] 0.9415749    0 0.2385053 0.4186921    0    0    0    0 0.4451555
[23,] 0.9415749    0 0.0000000 0.0000000    0    0    0    0 0.4451555
[24,] 0.0000000    0 0.1192526 0.2093461    0    0    0    0 0.0000000
[25,] 0.9415749    0 0.2385053 0.4186921    0    0    0    0 0.4451555
[26,] 0.0000000    0 0.0000000 0.0000000    0    0    0    0 0.0000000
[27,] 0.0000000    0 0.0000000 0.0000000    0    0    0    0 0.0000000
[28,] 0.9415749    0 0.1192526 0.2093461    0    0    0    0 0.4451555
[29,] 0.0000000    0 0.1192526 0.2093461    0    0    0    0 0.0000000
[30,] 0.0000000    0 0.1192526 0.2093461    0    0    0    0 0.0000000
[31,] 0.0000000    0 0.3577579 0.6280382    0    0    0    0 0.0000000
[32,] 0.0000000    0 0.0000000 0.0000000    0    0    0    0 0.0000000
[33,] 0.0000000    0 0.2385053 0.4186921    0    0    0    0 0.0000000
[34,] 0.0000000    0 0.1192526 0.2093461    0    0    0    0 0.0000000
[35,] 0.9415749    0 0.2385053 0.4186921    0    0    0    0 0.4451555
[36,] 0.0000000    0 0.1192526 0.2093461    0    0    0    0 0.0000000
[37,] 0.9415749    0 0.0000000 0.0000000    0    0    0    0 0.4451555
[38,] 0.0000000    0 0.1192526 0.2093461    0    0    0    0 0.0000000
[39,] 0.0000000    0 0.2385053 0.4186921    0    0    0    0 0.0000000
[40,] 0.0000000    0 0.0000000 0.0000000    0    0    0    0 0.0000000
[41,] 0.9415749    0 0.1192526 0.2093461    0    0    0    0 0.4451555
[42,] 0.9415749    0 0.1192526 0.2093461    0    0    0    0 0.4451555
[43,] 0.9415749    0 0.0000000 0.0000000    0    0    0    0 0.4451555
[44,] 0.9415749    0 0.0000000 0.0000000    0    0    0    0 0.4451555
[45,] 0.9415749    0 0.0000000 0.0000000    0    0    0    0 0.4451555
[46,] 0.0000000    0 0.2385053 0.4186921    0    0    0    0 0.0000000
[47,] 0.0000000    0 0.0000000 0.0000000    0    0    0    0 0.0000000
[48,] 0.9415749    0 0.1192526 0.2093461    0    0    0    0 0.4451555
[49,] 0.0000000    0 0.2385053 0.4186921    0    0    0    0 0.0000000
[50,] 0.9415749    0 0.0000000 0.0000000    0    0    0    0 0.4451555

$Bdatesampinfo
      DATE JULIAN N      Mean     Stdev
1 08/02/11   2040 1 0.0000000        NA
2 09/16/11   2085 6 0.0000000 0.0000000
3 10/23/11   2122 5 0.0000000 0.0000000
4 11/13/11   2143 5 0.1622063 0.3627042
5 01/01/12   2192 5 0.0000000 0.0000000
6 02/10/12   2232 4 0.0000000 0.0000000
7 03/27/12   2278 5 0.0000000 0.0000000
8 04/01/12   2283 2 0.0000000 0.0000000
9 06/19/12   2362 5 0.0000000 0.0000000

$Ndatesampinfo
      DATE JULIAN N     Mean   Stdev
1 08/02/11   2040 1 0.000000      NA
2 09/16/11   2085 6 0.000000 0.00000
3 10/23/11   2122 5 0.000000 0.00000
4 11/13/11   2143 5 2.222222 4.96904
5 01/01/12   2192 5 0.000000 0.00000
6 02/10/12   2232 4 0.000000 0.00000
7 03/27/12   2278 5 0.000000 0.00000
8 04/01/12   2283 2 0.000000 0.00000
9 06/19/12   2362 5 0.000000 0.00000

$Bdateboots
           [,1] [,2] [,3]      [,4] [,5] [,6] [,7] [,8] [,9]
 [1,] 0.0000000    0    0 0.1622063    0    0    0    0    0
 [2,] 0.8110313    0    0 0.0000000    0    0    0    0    0
 [3,] 0.0000000    0    0 0.3244125    0    0    0    0    0
 [4,] 0.8110313    0    0 0.1622063    0    0    0    0    0
 [5,] 0.0000000    0    0 0.0000000    0    0    0    0    0
 [6,] 0.0000000    0    0 0.0000000    0    0    0    0    0
 [7,] 0.8110313    0    0 0.1622063    0    0    0    0    0
 [8,] 0.0000000    0    0 0.0000000    0    0    0    0    0
 [9,] 0.0000000    0    0 0.0000000    0    0    0    0    0
[10,] 0.0000000    0    0 0.0000000    0    0    0    0    0
[11,] 0.8110313    0    0 0.1622063    0    0    0    0    0
[12,] 0.8110313    0    0 0.4866188    0    0    0    0    0
[13,] 0.0000000    0    0 0.4866188    0    0    0    0    0
[14,] 0.8110313    0    0 0.3244125    0    0    0    0    0
[15,] 0.8110313    0    0 0.1622063    0    0    0    0    0
[16,] 0.8110313    0    0 0.0000000    0    0    0    0    0
[17,] 0.0000000    0    0 0.0000000    0    0    0    0    0
[18,] 0.8110313    0    0 0.1622063    0    0    0    0    0
[19,] 0.0000000    0    0 0.1622063    0    0    0    0    0
[20,] 0.8110313    0    0 0.3244125    0    0    0    0    0
[21,] 0.8110313    0    0 0.1622063    0    0    0    0    0
[22,] 0.8110313    0    0 0.3244125    0    0    0    0    0
[23,] 0.8110313    0    0 0.0000000    0    0    0    0    0
[24,] 0.0000000    0    0 0.1622063    0    0    0    0    0
[25,] 0.8110313    0    0 0.3244125    0    0    0    0    0
[26,] 0.0000000    0    0 0.0000000    0    0    0    0    0
[27,] 0.0000000    0    0 0.0000000    0    0    0    0    0
[28,] 0.8110313    0    0 0.1622063    0    0    0    0    0
[29,] 0.0000000    0    0 0.1622063    0    0    0    0    0
[30,] 0.0000000    0    0 0.1622063    0    0    0    0    0
[31,] 0.0000000    0    0 0.4866188    0    0    0    0    0
[32,] 0.0000000    0    0 0.0000000    0    0    0    0    0
[33,] 0.0000000    0    0 0.3244125    0    0    0    0    0
[34,] 0.0000000    0    0 0.1622063    0    0    0    0    0
[35,] 0.8110313    0    0 0.3244125    0    0    0    0    0
[36,] 0.0000000    0    0 0.1622063    0    0    0    0    0
[37,] 0.8110313    0    0 0.0000000    0    0    0    0    0
[38,] 0.0000000    0    0 0.1622063    0    0    0    0    0
[39,] 0.0000000    0    0 0.3244125    0    0    0    0    0
[40,] 0.0000000    0    0 0.0000000    0    0    0    0    0
[41,] 0.8110313    0    0 0.1622063    0    0    0    0    0
[42,] 0.8110313    0    0 0.1622063    0    0    0    0    0
[43,] 0.8110313    0    0 0.0000000    0    0    0    0    0
[44,] 0.8110313    0    0 0.0000000    0    0    0    0    0
[45,] 0.8110313    0    0 0.0000000    0    0    0    0    0
[46,] 0.0000000    0    0 0.3244125    0    0    0    0    0
[47,] 0.0000000    0    0 0.0000000    0    0    0    0    0
[48,] 0.8110313    0    0 0.1622063    0    0    0    0    0
[49,] 0.0000000    0    0 0.3244125    0    0    0    0    0
[50,] 0.8110313    0    0 0.0000000    0    0    0    0    0

$Ndateboots
          [,1] [,2] [,3]     [,4] [,5] [,6] [,7] [,8] [,9]
 [1,]  0.00000    0    0 2.222222    0    0    0    0    0
 [2,] 11.11111    0    0 0.000000    0    0    0    0    0
 [3,]  0.00000    0    0 4.444444    0    0    0    0    0
 [4,] 11.11111    0    0 2.222222    0    0    0    0    0
 [5,]  0.00000    0    0 0.000000    0    0    0    0    0
 [6,]  0.00000    0    0 0.000000    0    0    0    0    0
 [7,] 11.11111    0    0 2.222222    0    0    0    0    0
 [8,]  0.00000    0    0 0.000000    0    0    0    0    0
 [9,]  0.00000    0    0 0.000000    0    0    0    0    0
[10,]  0.00000    0    0 0.000000    0    0    0    0    0
[11,] 11.11111    0    0 2.222222    0    0    0    0    0
[12,] 11.11111    0    0 6.666667    0    0    0    0    0
[13,]  0.00000    0    0 6.666667    0    0    0    0    0
[14,] 11.11111    0    0 4.444444    0    0    0    0    0
[15,] 11.11111    0    0 2.222222    0    0    0    0    0
[16,] 11.11111    0    0 0.000000    0    0    0    0    0
[17,]  0.00000    0    0 0.000000    0    0    0    0    0
[18,] 11.11111    0    0 2.222222    0    0    0    0    0
[19,]  0.00000    0    0 2.222222    0    0    0    0    0
[20,] 11.11111    0    0 4.444444    0    0    0    0    0
[21,] 11.11111    0    0 2.222222    0    0    0    0    0
[22,] 11.11111    0    0 4.444444    0    0    0    0    0
[23,] 11.11111    0    0 0.000000    0    0    0    0    0
[24,]  0.00000    0    0 2.222222    0    0    0    0    0
[25,] 11.11111    0    0 4.444444    0    0    0    0    0
[26,]  0.00000    0    0 0.000000    0    0    0    0    0
[27,]  0.00000    0    0 0.000000    0    0    0    0    0
[28,] 11.11111    0    0 2.222222    0    0    0    0    0
[29,]  0.00000    0    0 2.222222    0    0    0    0    0
[30,]  0.00000    0    0 2.222222    0    0    0    0    0
[31,]  0.00000    0    0 6.666667    0    0    0    0    0
[32,]  0.00000    0    0 0.000000    0    0    0    0    0
[33,]  0.00000    0    0 4.444444    0    0    0    0    0
[34,]  0.00000    0    0 2.222222    0    0    0    0    0
[35,] 11.11111    0    0 4.444444    0    0    0    0    0
[36,]  0.00000    0    0 2.222222    0    0    0    0    0
[37,] 11.11111    0    0 0.000000    0    0    0    0    0
[38,]  0.00000    0    0 2.222222    0    0    0    0    0
[39,]  0.00000    0    0 4.444444    0    0    0    0    0
[40,]  0.00000    0    0 0.000000    0    0    0    0    0
[41,] 11.11111    0    0 2.222222    0    0    0    0    0
[42,] 11.11111    0    0 2.222222    0    0    0    0    0
[43,] 11.11111    0    0 0.000000    0    0    0    0    0
[44,] 11.11111    0    0 0.000000    0    0    0    0    0
[45,] 11.11111    0    0 0.000000    0    0    0    0    0
[46,]  0.00000    0    0 4.444444    0    0    0    0    0
[47,]  0.00000    0    0 0.000000    0    0    0    0    0
[48,] 11.11111    0    0 2.222222    0    0    0    0    0
[49,]  0.00000    0    0 4.444444    0    0    0    0    0
[50,] 11.11111    0    0 0.000000    0    0    0    0    0

