$totdays
[1] 365

$Psampest
[1] 3.123512

$Pbootest
     Mean      2.5%       50%     97.5% 
 8.117103  0.000000 10.323870 16.570894 

$Pboots
 [1]  0.000000 13.447382 10.323870 13.447382 13.447382  0.000000  9.370536 13.447382
 [9] 13.447382 16.570894  3.123512  0.000000 10.323870 13.447382 10.323870 13.447382
[17] 13.447382  6.247024 13.447382 10.323870 13.447382  3.123512  6.247024  3.123512
[25] 13.447382  6.247024 10.323870 13.447382  0.000000  0.000000  3.123512  3.123512
[33] 13.447382  0.000000  0.000000 10.323870 13.447382  6.247024 13.447382  3.123512
[41]  0.000000  0.000000 10.323870  0.000000 16.570894  3.123512  9.370536 13.447382
[49]  3.123512 16.570894

$Bboots
 [1] 0.0000000 1.4308422 1.0731316 1.4308422 1.4308422 0.0000000 1.0731316 1.4308422
 [9] 1.4308422 1.7885527 0.3577105 0.0000000 1.0731316 1.4308422 1.0731316 1.4308422
[17] 1.4308422 0.7154211 1.4308422 1.0731316 1.4308422 0.3577105 0.7154211 0.3577105
[25] 1.4308422 0.7154211 1.0731316 1.4308422 0.0000000 0.0000000 0.3577105 0.3577105
[33] 1.4308422 0.0000000 0.0000000 1.0731316 1.4308422 0.7154211 1.4308422 0.3577105
[41] 0.0000000 0.0000000 1.0731316 0.0000000 1.7885527 0.3577105 1.0731316 1.4308422
[49] 0.3577105 1.7885527

$Nboots
 [1] 0.0000000 0.9259259 0.6944444 0.9259259 0.9259259 0.0000000 0.6944444 0.9259259
 [9] 0.9259259 1.1574074 0.2314815 0.0000000 0.6944444 0.9259259 0.6944444 0.9259259
[17] 0.9259259 0.4629630 0.9259259 0.6944444 0.9259259 0.2314815 0.4629630 0.2314815
[25] 0.9259259 0.4629630 0.6944444 0.9259259 0.0000000 0.0000000 0.2314815 0.2314815
[33] 0.9259259 0.0000000 0.0000000 0.6944444 0.9259259 0.4629630 0.9259259 0.2314815
[41] 0.0000000 0.0000000 0.6944444 0.0000000 1.1574074 0.2314815 0.6944444 0.9259259
[49] 0.2314815 1.1574074

$julians
[1] 2040 2085 2122 2143 2192 2232 2278 2283 2362

$intdays
[1] 45 37 21 49 40 46  5 79 43

$Pintsampest
[1] 1.1691496 1.4028671 0.0000000 0.0000000 0.0000000 0.0000000 0.0000000 0.0000000
[9] 0.5514953

$Pintboots
          [,1]     [,2] [,3] [,4] [,5] [,6] [,7] [,8]      [,9]
 [1,] 0.000000 0.000000    0    0    0    0    0    0 0.0000000
 [2,] 8.184047 1.402867    0    0    0    0    0    0 3.8604673
 [3,] 7.014898 0.000000    0    0    0    0    0    0 3.3089720
 [4,] 8.184047 1.402867    0    0    0    0    0    0 3.8604673
 [5,] 8.184047 1.402867    0    0    0    0    0    0 3.8604673
 [6,] 0.000000 0.000000    0    0    0    0    0    0 0.0000000
 [7,] 3.507449 4.208601    0    0    0    0    0    0 1.6544860
 [8,] 8.184047 1.402867    0    0    0    0    0    0 3.8604673
 [9,] 8.184047 1.402867    0    0    0    0    0    0 3.8604673
[10,] 9.353197 2.805734    0    0    0    0    0    0 4.4119626
[11,] 1.169150 1.402867    0    0    0    0    0    0 0.5514953
[12,] 0.000000 0.000000    0    0    0    0    0    0 0.0000000
[13,] 7.014898 0.000000    0    0    0    0    0    0 3.3089720
[14,] 8.184047 1.402867    0    0    0    0    0    0 3.8604673
[15,] 7.014898 0.000000    0    0    0    0    0    0 3.3089720
[16,] 8.184047 1.402867    0    0    0    0    0    0 3.8604673
[17,] 8.184047 1.402867    0    0    0    0    0    0 3.8604673
[18,] 2.338299 2.805734    0    0    0    0    0    0 1.1029907
[19,] 8.184047 1.402867    0    0    0    0    0    0 3.8604673
[20,] 7.014898 0.000000    0    0    0    0    0    0 3.3089720
[21,] 8.184047 1.402867    0    0    0    0    0    0 3.8604673
[22,] 1.169150 1.402867    0    0    0    0    0    0 0.5514953
[23,] 2.338299 2.805734    0    0    0    0    0    0 1.1029907
[24,] 1.169150 1.402867    0    0    0    0    0    0 0.5514953
[25,] 8.184047 1.402867    0    0    0    0    0    0 3.8604673
[26,] 2.338299 2.805734    0    0    0    0    0    0 1.1029907
[27,] 7.014898 0.000000    0    0    0    0    0    0 3.3089720
[28,] 8.184047 1.402867    0    0    0    0    0    0 3.8604673
[29,] 0.000000 0.000000    0    0    0    0    0    0 0.0000000
[30,] 0.000000 0.000000    0    0    0    0    0    0 0.0000000
[31,] 1.169150 1.402867    0    0    0    0    0    0 0.5514953
[32,] 1.169150 1.402867    0    0    0    0    0    0 0.5514953
[33,] 8.184047 1.402867    0    0    0    0    0    0 3.8604673
[34,] 0.000000 0.000000    0    0    0    0    0    0 0.0000000
[35,] 0.000000 0.000000    0    0    0    0    0    0 0.0000000
[36,] 7.014898 0.000000    0    0    0    0    0    0 3.3089720
[37,] 8.184047 1.402867    0    0    0    0    0    0 3.8604673
[38,] 2.338299 2.805734    0    0    0    0    0    0 1.1029907
[39,] 8.184047 1.402867    0    0    0    0    0    0 3.8604673
[40,] 1.169150 1.402867    0    0    0    0    0    0 0.5514953
[41,] 0.000000 0.000000    0    0    0    0    0    0 0.0000000
[42,] 0.000000 0.000000    0    0    0    0    0    0 0.0000000
[43,] 7.014898 0.000000    0    0    0    0    0    0 3.3089720
[44,] 0.000000 0.000000    0    0    0    0    0    0 0.0000000
[45,] 9.353197 2.805734    0    0    0    0    0    0 4.4119626
[46,] 1.169150 1.402867    0    0    0    0    0    0 0.5514953
[47,] 3.507449 4.208601    0    0    0    0    0    0 1.6544860
[48,] 8.184047 1.402867    0    0    0    0    0    0 3.8604673
[49,] 1.169150 1.402867    0    0    0    0    0    0 0.5514953
[50,] 9.353197 2.805734    0    0    0    0    0    0 4.4119626

$Bdatesampinfo
      DATE JULIAN N     Mean    Stdev
1 08/02/11   2040 1 0.000000       NA
2 09/16/11   2085 6 2.861684 7.009666
3 10/23/11   2122 5 0.000000 0.000000
4 11/13/11   2143 5 0.000000 0.000000
5 01/01/12   2192 5 0.000000 0.000000
6 02/10/12   2232 4 0.000000 0.000000
7 03/27/12   2278 5 0.000000 0.000000
8 04/01/12   2283 2 0.000000 0.000000
9 06/19/12   2362 5 0.000000 0.000000

$Ndatesampinfo
      DATE JULIAN N     Mean    Stdev
1 08/02/11   2040 1 0.000000       NA
2 09/16/11   2085 6 1.851852 4.536092
3 10/23/11   2122 5 0.000000 0.000000
4 11/13/11   2143 5 0.000000 0.000000
5 01/01/12   2192 5 0.000000 0.000000
6 02/10/12   2232 4 0.000000 0.000000
7 03/27/12   2278 5 0.000000 0.000000
8 04/01/12   2283 2 0.000000 0.000000
9 06/19/12   2362 5 0.000000 0.000000

$Bdateboots
          [,1]     [,2] [,3] [,4] [,5] [,6] [,7] [,8] [,9]
 [1,]  0.00000 0.000000    0    0    0    0    0    0    0
 [2,] 17.17011 2.861684    0    0    0    0    0    0    0
 [3,] 17.17011 0.000000    0    0    0    0    0    0    0
 [4,] 17.17011 2.861684    0    0    0    0    0    0    0
 [5,] 17.17011 2.861684    0    0    0    0    0    0    0
 [6,]  0.00000 0.000000    0    0    0    0    0    0    0
 [7,]  0.00000 8.585053    0    0    0    0    0    0    0
 [8,] 17.17011 2.861684    0    0    0    0    0    0    0
 [9,] 17.17011 2.861684    0    0    0    0    0    0    0
[10,] 17.17011 5.723369    0    0    0    0    0    0    0
[11,]  0.00000 2.861684    0    0    0    0    0    0    0
[12,]  0.00000 0.000000    0    0    0    0    0    0    0
[13,] 17.17011 0.000000    0    0    0    0    0    0    0
[14,] 17.17011 2.861684    0    0    0    0    0    0    0
[15,] 17.17011 0.000000    0    0    0    0    0    0    0
[16,] 17.17011 2.861684    0    0    0    0    0    0    0
[17,] 17.17011 2.861684    0    0    0    0    0    0    0
[18,]  0.00000 5.723369    0    0    0    0    0    0    0
[19,] 17.17011 2.861684    0    0    0    0    0    0    0
[20,] 17.17011 0.000000    0    0    0    0    0    0    0
[21,] 17.17011 2.861684    0    0    0    0    0    0    0
[22,]  0.00000 2.861684    0    0    0    0    0    0    0
[23,]  0.00000 5.723369    0    0    0    0    0    0    0
[24,]  0.00000 2.861684    0    0    0    0    0    0    0
[25,] 17.17011 2.861684    0    0    0    0    0    0    0
[26,]  0.00000 5.723369    0    0    0    0    0    0    0
[27,] 17.17011 0.000000    0    0    0    0    0    0    0
[28,] 17.17011 2.861684    0    0    0    0    0    0    0
[29,]  0.00000 0.000000    0    0    0    0    0    0    0
[30,]  0.00000 0.000000    0    0    0    0    0    0    0
[31,]  0.00000 2.861684    0    0    0    0    0    0    0
[32,]  0.00000 2.861684    0    0    0    0    0    0    0
[33,] 17.17011 2.861684    0    0    0    0    0    0    0
[34,]  0.00000 0.000000    0    0    0    0    0    0    0
[35,]  0.00000 0.000000    0    0    0    0    0    0    0
[36,] 17.17011 0.000000    0    0    0    0    0    0    0
[37,] 17.17011 2.861684    0    0    0    0    0    0    0
[38,]  0.00000 5.723369    0    0    0    0    0    0    0
[39,] 17.17011 2.861684    0    0    0    0    0    0    0
[40,]  0.00000 2.861684    0    0    0    0    0    0    0
[41,]  0.00000 0.000000    0    0    0    0    0    0    0
[42,]  0.00000 0.000000    0    0    0    0    0    0    0
[43,] 17.17011 0.000000    0    0    0    0    0    0    0
[44,]  0.00000 0.000000    0    0    0    0    0    0    0
[45,] 17.17011 5.723369    0    0    0    0    0    0    0
[46,]  0.00000 2.861684    0    0    0    0    0    0    0
[47,]  0.00000 8.585053    0    0    0    0    0    0    0
[48,] 17.17011 2.861684    0    0    0    0    0    0    0
[49,]  0.00000 2.861684    0    0    0    0    0    0    0
[50,] 17.17011 5.723369    0    0    0    0    0    0    0

$Ndateboots
          [,1]     [,2] [,3] [,4] [,5] [,6] [,7] [,8] [,9]
 [1,]  0.00000 0.000000    0    0    0    0    0    0    0
 [2,] 11.11111 1.851852    0    0    0    0    0    0    0
 [3,] 11.11111 0.000000    0    0    0    0    0    0    0
 [4,] 11.11111 1.851852    0    0    0    0    0    0    0
 [5,] 11.11111 1.851852    0    0    0    0    0    0    0
 [6,]  0.00000 0.000000    0    0    0    0    0    0    0
 [7,]  0.00000 5.555556    0    0    0    0    0    0    0
 [8,] 11.11111 1.851852    0    0    0    0    0    0    0
 [9,] 11.11111 1.851852    0    0    0    0    0    0    0
[10,] 11.11111 3.703704    0    0    0    0    0    0    0
[11,]  0.00000 1.851852    0    0    0    0    0    0    0
[12,]  0.00000 0.000000    0    0    0    0    0    0    0
[13,] 11.11111 0.000000    0    0    0    0    0    0    0
[14,] 11.11111 1.851852    0    0    0    0    0    0    0
[15,] 11.11111 0.000000    0    0    0    0    0    0    0
[16,] 11.11111 1.851852    0    0    0    0    0    0    0
[17,] 11.11111 1.851852    0    0    0    0    0    0    0
[18,]  0.00000 3.703704    0    0    0    0    0    0    0
[19,] 11.11111 1.851852    0    0    0    0    0    0    0
[20,] 11.11111 0.000000    0    0    0    0    0    0    0
[21,] 11.11111 1.851852    0    0    0    0    0    0    0
[22,]  0.00000 1.851852    0    0    0    0    0    0    0
[23,]  0.00000 3.703704    0    0    0    0    0    0    0
[24,]  0.00000 1.851852    0    0    0    0    0    0    0
[25,] 11.11111 1.851852    0    0    0    0    0    0    0
[26,]  0.00000 3.703704    0    0    0    0    0    0    0
[27,] 11.11111 0.000000    0    0    0    0    0    0    0
[28,] 11.11111 1.851852    0    0    0    0    0    0    0
[29,]  0.00000 0.000000    0    0    0    0    0    0    0
[30,]  0.00000 0.000000    0    0    0    0    0    0    0
[31,]  0.00000 1.851852    0    0    0    0    0    0    0
[32,]  0.00000 1.851852    0    0    0    0    0    0    0
[33,] 11.11111 1.851852    0    0    0    0    0    0    0
[34,]  0.00000 0.000000    0    0    0    0    0    0    0
[35,]  0.00000 0.000000    0    0    0    0    0    0    0
[36,] 11.11111 0.000000    0    0    0    0    0    0    0
[37,] 11.11111 1.851852    0    0    0    0    0    0    0
[38,]  0.00000 3.703704    0    0    0    0    0    0    0
[39,] 11.11111 1.851852    0    0    0    0    0    0    0
[40,]  0.00000 1.851852    0    0    0    0    0    0    0
[41,]  0.00000 0.000000    0    0    0    0    0    0    0
[42,]  0.00000 0.000000    0    0    0    0    0    0    0
[43,] 11.11111 0.000000    0    0    0    0    0    0    0
[44,]  0.00000 0.000000    0    0    0    0    0    0    0
[45,] 11.11111 3.703704    0    0    0    0    0    0    0
[46,]  0.00000 1.851852    0    0    0    0    0    0    0
[47,]  0.00000 5.555556    0    0    0    0    0    0    0
[48,] 11.11111 1.851852    0    0    0    0    0    0    0
[49,]  0.00000 1.851852    0    0    0    0    0    0    0
[50,] 11.11111 3.703704    0    0    0    0    0    0    0

