$totdays
[1] 365

$Psampest
[1] NA

$Pbootest
     Mean      2.5%       50%     97.5% 
0.3583733 0.0000000 0.0000000 3.3812483 

$Pboots
 [1] 0.00000000 0.00000000 2.86138238 3.22478034 0.00000000 0.00000000 0.00000000
 [8] 0.00000000 0.00000000 0.00000000 0.00000000 0.06953007 1.87579959 0.36298594
[15] 0.00000000 3.42667445 0.00000000 0.00000000 0.00000000 0.00000000 0.06953007
[22] 0.00000000 0.00000000 0.06953007 0.00000000 0.00000000 0.00000000 0.00000000
[29] 0.00000000 0.00000000 1.35502355 3.74606677 0.36298594 0.00000000 0.00000000
[36] 0.00000000 0.06953007 0.00000000 0.00000000 0.00000000 0.06953007 0.10429511
[43] 0.00000000 0.00000000 0.03476504 0.18149297 0.00000000 0.00000000 0.03476504
[50] 0.00000000

$Bboots
 [1] 0.000000000 0.000000000 0.048040990 0.067161489 0.000000000 0.000000000 0.000000000
 [8] 0.000000000 0.000000000 0.000000000 0.000000000 0.023537713 0.106332384 0.008884023
[15] 0.000000000 0.080663590 0.000000000 0.000000000 0.000000000 0.000000000 0.023537713
[22] 0.000000000 0.000000000 0.023537713 0.000000000 0.000000000 0.000000000 0.000000000
[29] 0.000000000 0.000000000 0.021844688 0.065444358 0.008884023 0.000000000 0.000000000
[36] 0.000000000 0.023537713 0.000000000 0.000000000 0.000000000 0.023537713 0.035306569
[43] 0.000000000 0.000000000 0.011768856 0.004442011 0.000000000 0.000000000 0.011768856
[50] 0.000000000

$Nboots
 [1] 0.0000000 0.0000000 3.4722222 2.7777778 0.0000000 0.0000000 0.0000000 0.0000000
 [9] 0.0000000 0.0000000 0.0000000 1.8518519 1.5046296 1.5873016 0.0000000 5.7870370
[17] 0.0000000 0.0000000 0.0000000 0.0000000 1.8518519 0.0000000 0.0000000 1.8518519
[25] 0.0000000 0.0000000 0.0000000 0.0000000 0.0000000 0.0000000 1.8518519 4.0509259
[33] 1.5873016 0.0000000 0.0000000 0.0000000 1.8518519 0.0000000 0.0000000 0.0000000
[41] 1.8518519 2.7777778 0.0000000 0.0000000 0.9259259 0.7936508 0.0000000 0.0000000
[49] 0.9259259 0.0000000

$julians
[1] 2040 2085 2122 2143 2192 2232 2278 2283 2362

$intdays
[1] 45 37 21 49 40 46  5 79 43

$Pintsampest
[1] NA NA NA NA NA NA NA NA NA

$Pintboots
          [,1]      [,2] [,3] [,4] [,5] [,6]       [,7]     [,8]      [,9]
 [1,]       NA        NA   NA   NA   NA    0         NA       NA        NA
 [2,]       NA        NA   NA   NA   NA   NA         NA       NA        NA
 [3,]       NA        NA   NA   NA   NA   NA         NA 2.861382        NA
 [4,] 1.011687        NA   NA   NA   NA   NA         NA 1.355024 0.8580696
 [5,]       NA        NA   NA   NA   NA   NA         NA       NA        NA
 [6,]       NA        NA   NA   NA   NA   NA         NA       NA        NA
 [7,]       NA        NA   NA   NA   NA   NA         NA       NA        NA
 [8,]       NA        NA   NA    0   NA   NA         NA       NA        NA
 [9,]       NA        NA   NA   NA   NA   NA         NA       NA        NA
[10,]       NA        NA   NA   NA   NA   NA         NA       NA        NA
[11,]       NA        NA   NA   NA   NA   NA         NA       NA        NA
[12,]       NA        NA   NA   NA   NA   NA 0.06953007       NA        NA
[13,] 1.875800        NA   NA   NA   NA   NA         NA       NA        NA
[14,]       NA 0.3629859   NA   NA   NA   NA         NA       NA        NA
[15,]       NA        NA   NA    0   NA   NA         NA       NA        NA
[16,]       NA        NA   NA   NA   NA    0 0.06953007 3.357144        NA
[17,]       NA        NA   NA   NA   NA   NA         NA       NA        NA
[18,]       NA        NA   NA    0   NA   NA         NA       NA        NA
[19,]       NA        NA   NA   NA   NA   NA         NA       NA        NA
[20,]       NA        NA   NA   NA   NA   NA         NA       NA        NA
[21,]       NA        NA   NA   NA   NA   NA 0.06953007       NA        NA
[22,]       NA 0.0000000   NA   NA   NA   NA         NA       NA        NA
[23,]       NA        NA   NA   NA   NA   NA         NA       NA        NA
[24,]       NA        NA   NA    0    0    0 0.06953007       NA        NA
[25,]       NA        NA   NA   NA   NA   NA         NA       NA        NA
[26,]       NA        NA   NA   NA   NA   NA         NA       NA        NA
[27,]       NA        NA    0   NA   NA   NA         NA       NA        NA
[28,]       NA        NA   NA   NA   NA   NA         NA       NA        NA
[29,]       NA        NA    0   NA   NA   NA         NA       NA        NA
[30,]       NA        NA   NA   NA   NA   NA         NA       NA        NA
[31,]       NA        NA   NA   NA   NA   NA         NA 1.355024        NA
[32,]       NA        NA   NA   NA   NA   NA         NA 3.746067        NA
[33,]       NA 0.3629859   NA   NA   NA   NA         NA       NA        NA
[34,]       NA        NA   NA   NA    0   NA         NA       NA        NA
[35,]       NA        NA   NA   NA   NA   NA         NA       NA        NA
[36,]       NA        NA   NA   NA   NA   NA         NA       NA        NA
[37,]       NA        NA   NA   NA   NA   NA 0.06953007       NA        NA
[38,]       NA        NA   NA   NA   NA   NA         NA       NA        NA
[39,]       NA        NA   NA   NA   NA   NA         NA       NA        NA
[40,]       NA        NA    0    0   NA   NA         NA       NA        NA
[41,]       NA        NA   NA    0    0    0 0.06953007       NA        NA
[42,]       NA        NA   NA   NA   NA    0 0.10429511       NA        NA
[43,]       NA        NA   NA   NA   NA   NA         NA       NA        NA
[44,]       NA        NA   NA   NA   NA   NA         NA       NA        NA
[45,]       NA        NA   NA   NA   NA   NA 0.03476504       NA        NA
[46,]       NA 0.1814930   NA   NA   NA   NA         NA       NA        NA
[47,]       NA        NA   NA   NA   NA    0         NA       NA        NA
[48,]       NA        NA   NA   NA   NA   NA         NA       NA        NA
[49,]       NA        NA   NA   NA   NA   NA 0.03476504       NA        NA
[50,]       NA        NA   NA   NA   NA   NA         NA       NA        NA

$Bdatesampinfo
      DATE JULIAN N Mean Stdev
1 08/02/11   2040 6   NA    NA
2 09/16/11   2085 7   NA    NA
3 10/23/11   2122 6   NA    NA
4 11/13/11   2143 6   NA    NA
5 01/01/12   2192 6   NA    NA
6 02/10/12   2232 5   NA    NA
7 03/27/12   2278 6   NA    NA
8 04/01/12   2283 3   NA    NA
9 06/19/12   2362 6   NA    NA

$Ndatesampinfo
      DATE JULIAN N Mean Stdev
1 08/02/11   2040 6   NA    NA
2 09/16/11   2085 7   NA    NA
3 10/23/11   2122 6   NA    NA
4 11/13/11   2143 6   NA    NA
5 01/01/12   2192 6   NA    NA
6 02/10/12   2232 5   NA    NA
7 03/27/12   2278 6   NA    NA
8 04/01/12   2283 3   NA    NA
9 06/19/12   2362 6   NA    NA

$Bdateboots
            [,1]       [,2] [,3] [,4] [,5] [,6] [,7]      [,8]       [,9]
 [1,] 0.00000000 0.00000000    0    0    0    0    0 0.0000000 0.00000000
 [2,] 1.06224870 0.00000000    0    0    0    0    0 0.0000000 0.58502539
 [3,] 0.00000000 0.00000000    0    0    0    0    0 0.3766034 0.39205244
 [4,] 0.72506882 0.00000000    0    0    0    0    0 0.1883017 0.16121330
 [5,] 0.00000000 0.00000000    0    0    0    0    0 0.0000000 0.62289157
 [6,] 0.04274047 0.00000000    0    0    0    0    0 0.0000000 0.12334712
 [7,] 1.24014227 0.00000000    0    0    0    0    0 0.3766034 0.00000000
 [8,] 1.67025323 0.00000000    0    0    0    0    0 0.0000000 0.86347928
 [9,] 0.00000000 0.00000000    0    0    0    0    0 0.0000000 0.00000000
[10,] 0.00000000 0.00000000    0    0    0    0    0 0.0000000 0.00000000
[11,] 0.00000000 0.00000000    0    0    0    0    0 0.0000000 0.00000000
[12,] 0.00000000 0.00000000    0    0    0    0    0 0.3766034 0.00000000
[13,] 1.70131814 0.00000000    0    0    0    0    0 0.0000000 0.16121330
[14,] 0.00000000 0.14214437    0    0    0    0    0 0.0000000 0.17096187
[15,] 0.00000000 0.00000000    0    0    0    0    0 0.0000000 0.58502539
[16,] 0.00000000 0.00000000    0    0    0    0    0 0.3766034 0.53741064
[17,] 0.00000000 0.21321655    0    0    0    0    0 0.5649051 0.00000000
[18,] 0.00000000 0.14214437    0    0    0    0    0 0.0000000 0.00000000
[19,] 0.00000000 0.07107218    0    0    0    0    0 0.0000000 0.49954445
[20,] 0.00000000 0.00000000    0    0    0    0    0 0.0000000 0.00000000
[21,] 0.00000000 0.00000000    0    0    0    0    0 0.3766034 0.00000000
[22,] 0.00000000 0.00000000    0    0    0    0    0 0.0000000 0.00000000
[23,] 0.00000000 0.00000000    0    0    0    0    0 0.0000000 0.00000000
[24,] 0.00000000 0.00000000    0    0    0    0    0 0.3766034 0.00000000
[25,] 0.00000000 0.07107218    0    0    0    0    0 0.0000000 0.00000000
[26,] 0.00000000 0.00000000    0    0    0    0    0 0.0000000 0.00000000
[27,] 1.45333823 0.00000000    0    0    0    0    0 0.0000000 0.63264015
[28,] 0.00000000 0.00000000    0    0    0    0    0 0.0000000 0.00000000
[29,] 0.00000000 0.00000000    0    0    0    0    0 0.0000000 0.00000000
[30,] 0.00000000 0.00000000    0    0    0    0    0 0.0000000 0.03786618
[31,] 1.62007468 0.00000000    0    0    0    0    0 0.1883017 0.16121330
[32,] 0.00000000 0.00000000    0    0    0    0    0 0.3766034 0.67050633
[33,] 0.00000000 0.14214437    0    0    0    0    0 0.5649051 0.00000000
[34,] 0.00000000 0.00000000    0    0    0    0    0 0.0000000 0.16121330
[35,] 0.00000000 0.21321655    0    0    0    0    0 0.0000000 0.00000000
[36,] 0.00000000 0.00000000    0    0    0    0    0 0.0000000 0.00000000
[37,] 0.00000000 0.00000000    0    0    0    0    0 0.3766034 0.00000000
[38,] 0.00000000 0.00000000    0    0    0    0    0 0.0000000 0.00000000
[39,] 0.72878786 0.00000000    0    0    0    0    0 0.0000000 0.00000000
[40,] 0.00000000 0.00000000    0    0    0    0    0 0.0000000 0.63264015
[41,] 1.91451410 0.00000000    0    0    0    0    0 0.3766034 0.00000000
[42,] 0.00000000 0.00000000    0    0    0    0    0 0.5649051 0.00000000
[43,] 0.00000000 0.07107218    0    0    0    0    0 0.0000000 0.63264015
[44,] 0.00000000 0.00000000    0    0    0    0    0 0.0000000 0.00000000
[45,] 1.62379372 0.00000000    0    0    0    0    0 0.1883017 0.00000000
[46,] 0.00000000 0.07107218    0    0    0    0    0 0.5649051 0.00000000
[47,] 0.00000000 0.00000000    0    0    0    0    0 0.0000000 0.00000000
[48,] 0.00000000 0.00000000    0    0    0    0    0 0.1883017 0.00000000
[49,] 0.00000000 0.00000000    0    0    0    0    0 0.1883017 0.00000000
[50,] 0.00000000 0.00000000    0    0    0    0    0 0.0000000 0.00000000

$Ndateboots
           [,1]     [,2] [,3] [,4] [,5] [,6] [,7]     [,8]      [,9]
 [1,]  0.000000  0.00000    0    0    0    0    0  0.00000  0.000000
 [2,] 18.518519  0.00000    0    0    0    0    0  0.00000 31.481481
 [3,]  0.000000  0.00000    0    0    0    0    0 29.62963 25.925926
 [4,] 14.814815  0.00000    0    0    0    0    0 14.81481 14.814815
 [5,]  0.000000  0.00000    0    0    0    0    0  0.00000 37.037037
 [6,]  1.851852  0.00000    0    0    0    0    0  0.00000  9.259259
 [7,] 20.370370  0.00000    0    0    0    0    0 29.62963  0.000000
 [8,] 27.777778  0.00000    0    0    0    0    0  0.00000 40.740741
 [9,]  0.000000  0.00000    0    0    0    0    0  0.00000  0.000000
[10,]  0.000000  0.00000    0    0    0    0    0  0.00000  0.000000
[11,]  0.000000  0.00000    0    0    0    0    0  0.00000  0.000000
[12,]  0.000000  0.00000    0    0    0    0    0 29.62963  0.000000
[13,] 24.074074  0.00000    0    0    0    0    0  0.00000 14.814815
[14,]  0.000000 25.39683    0    0    0    0    0  0.00000  7.407407
[15,]  0.000000  0.00000    0    0    0    0    0  0.00000 31.481481
[16,]  0.000000  0.00000    0    0    0    0    0 29.62963 33.333333
[17,]  0.000000 38.09524    0    0    0    0    0 44.44444  0.000000
[18,]  0.000000 25.39683    0    0    0    0    0  0.00000  0.000000
[19,]  0.000000 12.69841    0    0    0    0    0  0.00000 27.777778
[20,]  0.000000  0.00000    0    0    0    0    0  0.00000  0.000000
[21,]  0.000000  0.00000    0    0    0    0    0 29.62963  0.000000
[22,]  0.000000  0.00000    0    0    0    0    0  0.00000  0.000000
[23,]  0.000000  0.00000    0    0    0    0    0  0.00000  0.000000
[24,]  0.000000  0.00000    0    0    0    0    0 29.62963  0.000000
[25,]  0.000000 12.69841    0    0    0    0    0  0.00000  0.000000
[26,]  0.000000  0.00000    0    0    0    0    0  0.00000  0.000000
[27,] 24.074074  0.00000    0    0    0    0    0  0.00000 29.629630
[28,]  0.000000  0.00000    0    0    0    0    0  0.00000  0.000000
[29,]  0.000000  0.00000    0    0    0    0    0  0.00000  0.000000
[30,]  0.000000  0.00000    0    0    0    0    0  0.00000  5.555556
[31,] 25.925926  0.00000    0    0    0    0    0 14.81481 14.814815
[32,]  0.000000  0.00000    0    0    0    0    0 29.62963 35.185185
[33,]  0.000000 25.39683    0    0    0    0    0 44.44444  0.000000
[34,]  0.000000  0.00000    0    0    0    0    0  0.00000 14.814815
[35,]  0.000000 38.09524    0    0    0    0    0  0.00000  0.000000
[36,]  0.000000  0.00000    0    0    0    0    0  0.00000  0.000000
[37,]  0.000000  0.00000    0    0    0    0    0 29.62963  0.000000
[38,]  0.000000  0.00000    0    0    0    0    0  0.00000  0.000000
[39,] 14.814815  0.00000    0    0    0    0    0  0.00000  0.000000
[40,]  0.000000  0.00000    0    0    0    0    0  0.00000 29.629630
[41,] 27.777778  0.00000    0    0    0    0    0 29.62963  0.000000
[42,]  0.000000  0.00000    0    0    0    0    0 44.44444  0.000000
[43,]  0.000000 12.69841    0    0    0    0    0  0.00000 29.629630
[44,]  0.000000  0.00000    0    0    0    0    0  0.00000  0.000000
[45,] 25.925926  0.00000    0    0    0    0    0 14.81481  0.000000
[46,]  0.000000 12.69841    0    0    0    0    0 44.44444  0.000000
[47,]  0.000000  0.00000    0    0    0    0    0  0.00000  0.000000
[48,]  0.000000  0.00000    0    0    0    0    0 14.81481  0.000000
[49,]  0.000000  0.00000    0    0    0    0    0 14.81481  0.000000
[50,]  0.000000  0.00000    0    0    0    0    0  0.00000  0.000000

