$totdays
[1] 365

$Psampest
[1] NA

$Pbootest
    Mean     2.5%      50%    97.5% 
 8.78518  0.00000  0.00000 72.60566 

$Pboots
 [1]   0.000000   3.112596   0.000000   6.812806   0.000000  85.402317   6.669512
 [8]   0.000000  14.211016   0.000000   0.000000   0.000000   0.000000   0.000000
[15]   0.000000   0.000000  14.027108   0.000000   0.000000   3.018977   3.796345
[22]  11.527813   4.057196 153.445511   0.000000   7.331986   0.000000   0.000000
[29]   0.000000   0.000000   0.000000   5.129196  12.294553  28.528298   0.000000
[36]   4.837085  10.786858   0.000000   0.000000   0.000000   0.000000  21.082331
[43]   5.984103   0.000000  11.444722  16.029045   0.000000   5.139689   0.000000
[50]   4.589959

$Bboots
 [1] 0.00000000 0.04951575 0.00000000 0.14095685 0.00000000 0.94047787 0.15098133
 [8] 0.00000000 1.28059881 0.00000000 0.00000000 0.00000000 0.00000000 0.00000000
[15] 0.00000000 0.00000000 0.32692016 0.00000000 0.00000000 0.10519969 0.06343270
[22] 0.23373054 0.08058226 1.76453299 0.00000000 0.19646232 0.00000000 0.00000000
[29] 0.00000000 0.00000000 0.00000000 0.11595709 0.26804921 0.60000844 0.00000000
[36] 0.12568496 0.22770974 0.00000000 0.00000000 0.00000000 0.00000000 0.42586734
[43] 1.43768097 0.00000000 0.27098367 0.33008634 0.00000000 0.13292633 0.00000000
[50] 1.08748453

$Nboots
 [1]  0.000000  3.472222  0.000000  5.704365  0.000000 42.129630 21.111111  0.000000
 [9] 55.601852  0.000000  0.000000  0.000000  0.000000  0.000000  0.000000  0.000000
[17] 29.050926  0.000000  0.000000  4.976852  3.472222 23.148148  4.365079 56.712963
[25]  0.000000 10.185185  0.000000  0.000000  0.000000  0.000000  0.000000 14.629630
[33] 22.423942 58.548280  0.000000  7.870370 16.458333  0.000000  0.000000  0.000000
[41]  0.000000 11.144180 40.393519  0.000000 14.880952  8.779762  0.000000  5.092593
[49]  0.000000 33.796296

$julians
[1] 2040 2085 2122 2143 2192 2232 2278 2283 2362

$intdays
[1] 45 37 21 49 40 46  5 79 43

$Pintsampest
[1] NA NA NA NA NA NA NA NA NA

$Pintboots
           [,1]     [,2]     [,3]     [,4]     [,5]     [,6]     [,7]      [,8] [,9]
 [1,]        NA       NA       NA       NA       NA       NA       NA        NA   NA
 [2,]        NA       NA       NA 3.112596       NA       NA       NA        NA   NA
 [3,]        NA       NA       NA       NA       NA       NA       NA        NA   NA
 [4,]        NA 6.812806       NA       NA       NA       NA       NA        NA   NA
 [5,]        NA       NA       NA       NA       NA       NA       NA        NA   NA
 [6,]        NA       NA       NA       NA       NA       NA       NA  85.40232   NA
 [7,]        NA       NA       NA       NA 6.669512       NA       NA        NA   NA
 [8,]        NA       NA       NA       NA       NA       NA       NA        NA   NA
 [9,]        NA       NA       NA       NA       NA  9.62608 4.584935        NA   NA
[10,]        NA       NA       NA       NA       NA       NA       NA        NA   NA
[11,]        NA       NA       NA       NA       NA       NA       NA        NA   NA
[12,]        NA       NA       NA       NA       NA       NA       NA        NA   NA
[13,]        NA       NA       NA       NA       NA       NA       NA        NA   NA
[14,]        NA       NA       NA       NA       NA       NA       NA        NA   NA
[15,]        NA       NA       NA       NA       NA       NA       NA        NA   NA
[16,]        NA       NA       NA       NA       NA       NA       NA        NA   NA
[17,]        NA       NA 3.528760 4.851678 5.646670       NA       NA        NA   NA
[18,]        NA       NA       NA       NA       NA       NA       NA        NA   NA
[19,]        NA       NA       NA       NA       NA       NA       NA        NA   NA
[20,]        NA       NA 3.018977       NA       NA       NA       NA        NA   NA
[21,]        NA       NA       NA 3.796345       NA       NA       NA        NA   NA
[22,]        NA       NA       NA       NA       NA 11.52781       NA        NA   NA
[23,]        NA 4.057196       NA       NA       NA       NA       NA        NA   NA
[24,]        NA       NA       NA       NA       NA       NA       NA 153.44551   NA
[25,]        NA       NA       NA       NA       NA       NA       NA        NA   NA
[26,]        NA       NA 4.219390 3.112596       NA       NA       NA        NA   NA
[27,]        NA       NA       NA       NA       NA       NA       NA        NA   NA
[28,]        NA       NA       NA       NA       NA       NA       NA        NA   NA
[29,]        NA       NA       NA       NA       NA       NA       NA        NA   NA
[30,]        NA       NA       NA       NA       NA       NA       NA        NA   NA
[31,]        NA       NA       NA       NA       NA       NA       NA        NA   NA
[32,]        NA       NA       NA       NA 5.129196       NA       NA        NA   NA
[33,]        NA 6.678079       NA       NA 5.616475       NA       NA        NA   NA
[34,]  5.930785       NA       NA       NA 8.874531 13.72298       NA        NA   NA
[35,]        NA       NA       NA       NA       NA       NA       NA        NA   NA
[36,]        NA       NA 2.726419 2.110666       NA       NA       NA        NA   NA
[37,]        NA       NA       NA       NA       NA 10.78686       NA        NA   NA
[38,]        NA       NA       NA       NA       NA       NA       NA        NA   NA
[39,]        NA       NA       NA       NA       NA       NA       NA        NA   NA
[40,]        NA       NA       NA       NA       NA       NA       NA        NA   NA
[41,]        NA       NA       NA       NA       NA       NA       NA        NA   NA
[42,] 21.082331       NA       NA       NA       NA       NA       NA        NA   NA
[43,]        NA       NA       NA       NA       NA       NA 5.984103        NA   NA
[44,]        NA       NA       NA       NA       NA       NA       NA        NA   NA
[45,]        NA 4.543675 3.476286 3.424760       NA       NA       NA        NA   NA
[46,]  9.004131 7.024914       NA       NA       NA       NA       NA        NA   NA
[47,]        NA       NA       NA       NA       NA       NA       NA        NA   NA
[48,]        NA       NA 2.398677 2.741012       NA       NA       NA        NA   NA
[49,]        NA       NA       NA       NA       NA       NA       NA        NA   NA
[50,]        NA       NA       NA       NA       NA       NA 4.589959        NA   NA

$Bdatesampinfo
      DATE JULIAN N Mean Stdev
1 08/02/11   2040 6   NA    NA
2 09/16/11   2085 7   NA    NA
3 10/23/11   2122 6   NA    NA
4 11/13/11   2143 6   NA    NA
5 01/01/12   2192 6   NA    NA
6 02/10/12   2232 5   NA    NA
7 03/27/12   2278 6   NA    NA
8 04/01/12   2283 3   NA    NA
9 06/19/12   2362 6   NA    NA

$Ndatesampinfo
      DATE JULIAN N Mean Stdev
1 08/02/11   2040 6   NA    NA
2 09/16/11   2085 7   NA    NA
3 10/23/11   2122 6   NA    NA
4 11/13/11   2143 6   NA    NA
5 01/01/12   2192 6   NA    NA
6 02/10/12   2232 5   NA    NA
7 03/27/12   2278 6   NA    NA
8 04/01/12   2283 3   NA    NA
9 06/19/12   2362 6   NA    NA

$Bdateboots
          [,1]       [,2]      [,3]      [,4]      [,5]     [,6]       [,7]     [,8]
 [1,] 0.000000 0.83883811 0.0000000 0.3558247 0.0000000 1.577457 0.00000000 11.65105
 [2,] 0.000000 0.00000000 0.0000000 0.5259449 0.2663070 0.000000 0.75981122  0.00000
 [3,] 0.000000 0.00000000 1.3228448 0.0000000 0.0000000 3.126487 0.00000000  0.00000
 [4,] 0.000000 0.77593797 1.4793716 0.0000000 0.1331535 0.000000 0.00000000  0.00000
 [5,] 0.000000 0.00000000 0.0000000 0.9746219 0.0000000 0.000000 0.00000000 11.65105
 [6,] 2.693217 0.00000000 0.0000000 0.0000000 0.0000000 0.000000 0.00000000 11.65105
 [7,] 0.000000 0.00000000 0.0000000 0.0000000 0.0000000 2.415701 0.00000000 11.65105
 [8,] 0.000000 0.00000000 0.0000000 0.0000000 0.0000000 0.000000 0.00000000  0.00000
 [9,] 0.000000 2.68146419 0.0000000 0.0000000 0.0000000 2.415701 0.68279717 16.70829
[10,] 0.000000 0.00000000 1.2554971 0.0000000 0.0000000 1.704915 0.00000000  0.00000
[11,] 0.000000 0.00000000 0.0000000 0.0000000 0.0000000 1.388763 0.00000000  0.00000
[12,] 0.000000 1.54370389 0.0000000 0.0000000 0.0000000 1.910854 0.00000000  0.00000
[13,] 0.000000 0.00000000 0.0000000 0.0000000 0.2663070 0.000000 0.00000000  0.00000
[14,] 0.000000 0.00000000 0.0000000 0.0000000 0.0000000 0.000000 0.00000000  0.00000
[15,] 0.000000 0.96451960 0.0000000 0.0000000 0.0000000 0.000000 0.00000000  0.00000
[16,] 3.618931 0.00000000 0.0000000 0.5259449 0.0000000 1.893610 0.00000000  0.00000
[17,] 0.000000 0.00000000 0.7726992 1.1447421 0.1331535 1.902232 0.00000000  0.00000
[18,] 0.000000 0.00000000 0.0000000 0.0000000 0.0000000 0.000000 0.00000000  0.00000
[19,] 0.000000 0.00000000 1.0264172 0.0000000 0.0000000 0.000000 0.00000000  0.00000
[20,] 0.000000 0.00000000 1.0643978 0.6187972 0.0000000 0.000000 0.00000000  0.00000
[21,] 0.000000 0.00000000 0.0000000 0.8817696 0.1331535 0.000000 0.00000000  0.00000
[22,] 0.000000 0.96659231 0.0000000 0.9746219 0.0000000 3.082495 0.65719349  0.00000
[23,] 0.000000 0.27611669 1.0131995 0.0000000 0.0000000 0.000000 0.00000000  0.00000
[24,] 0.000000 0.00000000 0.0000000 0.0000000 0.0000000 2.560404 0.00000000 26.82276
[25,] 0.000000 0.14628979 0.0000000 0.0000000 0.0000000 2.227007 0.00000000  0.00000
[26,] 5.374493 0.00000000 1.8252003 0.5259449 0.2663070 0.000000 0.65719349  0.00000
[27,] 0.000000 0.00000000 0.0000000 0.9746219 0.0000000 1.902232 0.00000000  0.00000
[28,] 0.000000 0.00000000 0.0000000 0.0000000 0.0000000 0.000000 0.01713679  0.00000
[29,] 0.000000 0.00000000 1.5633451 0.0000000 0.0000000 0.000000 0.00000000  0.00000
[30,] 0.000000 0.00000000 0.0000000 0.9746219 0.0000000 0.000000 0.00000000  0.00000
[31,] 0.000000 0.00000000 0.0000000 0.0000000 0.0000000 0.000000 0.00000000  0.00000
[32,] 0.000000 1.52724101 0.0000000 0.0000000 0.1331535 1.722160 0.00000000  0.00000
[33,] 0.000000 0.28843415 1.9735898 0.0000000 0.1331535 1.893610 0.00000000  0.00000
[34,] 1.416063 0.36157905 0.0000000 0.0000000 0.0000000 3.271190 1.28011339  0.00000
[35,] 0.000000 2.10642531 0.0000000 0.0000000 0.0000000 0.000000 0.00000000  0.00000
[36,] 0.000000 0.00000000 0.9590694 0.5259449 0.0000000 0.000000 0.00000000  0.00000
[37,] 0.000000 0.00000000 0.0000000 0.6187972 0.0000000 2.371709 1.27164651  0.00000
[38,] 0.000000 0.00000000 0.0000000 0.7116494 0.0000000 0.000000 0.06854718  0.00000
[39,] 0.000000 0.00000000 0.0000000 0.0000000 0.0000000 0.000000 0.00000000  0.00000
[40,] 0.000000 0.00000000 1.4281732 0.0000000 0.0000000 0.000000 0.00000000  0.00000
[41,] 5.842596 0.00000000 0.0000000 0.0000000 0.0000000 0.000000 0.00000000 11.65105
[42,] 6.481079 0.33279871 0.0000000 1.3304466 0.0000000 1.388763 0.00000000 11.65105
[43,] 6.023469 0.00000000 0.0000000 0.0000000 0.0000000 0.000000 1.23737293 21.76552
[44,] 0.000000 0.00000000 0.0000000 0.0000000 0.1331535 0.000000 0.69146708  0.00000
[45,] 0.000000 0.41618835 0.9851533 0.9746219 0.0000000 0.000000 0.00000000  0.00000
[46,] 2.809881 0.05875472 2.3539911 0.0000000 0.0000000 0.000000 0.00000000  0.00000
[47,] 0.000000 0.00000000 0.0000000 1.5005668 0.0000000 0.000000 0.00000000 16.70829
[48,] 9.045879 0.00000000 0.7560734 0.6187972 0.1331535 0.000000 0.00000000  0.00000
[49,] 0.000000 0.00000000 0.0000000 0.0000000 0.0000000 0.000000 0.00000000  0.00000
[50,] 0.000000 0.00000000 0.0000000 0.0000000 0.0000000 0.000000 0.69146708 16.70829
           [,9]
 [1,] 0.0000000
 [2,] 0.0000000
 [3,] 3.6166098
 [4,] 0.0000000
 [5,] 0.0000000
 [6,] 3.3965979
 [7,] 0.0000000
 [8,] 0.0000000
 [9,] 0.0000000
[10,] 0.0000000
[11,] 3.5823008
[12,] 0.9739600
[13,] 0.0000000
[14,] 5.2231042
[15,] 0.0000000
[16,] 0.0000000
[17,] 0.0000000
[18,] 0.0000000
[19,] 0.0000000
[20,] 0.0000000
[21,] 2.5804544
[22,] 5.2231042
[23,] 1.7727424
[24,] 1.4097681
[25,] 3.0162625
[26,] 0.0000000
[27,] 0.0000000
[28,] 3.5696536
[29,] 0.0000000
[30,] 0.0000000
[31,] 0.0000000
[32,] 1.3754591
[33,] 0.0000000
[34,] 4.1911645
[35,] 0.7966886
[36,] 2.5461454
[37,] 0.0000000
[38,] 0.8309976
[39,] 0.0000000
[40,] 0.0000000
[41,] 0.0000000
[42,] 0.0000000
[43,] 0.0000000
[44,] 0.0000000
[45,] 0.0000000
[46,] 0.0000000
[47,] 0.0000000
[48,] 0.0000000
[49,] 0.0000000
[50,] 0.0000000

$Ndateboots
           [,1]      [,2]     [,3]      [,4]      [,5]     [,6]      [,7]     [,8]
 [1,]   0.00000 28.571429  0.00000  7.407407  0.000000 273.3333  0.000000 422.2222
 [2,]   0.00000  0.000000  0.00000 40.740741 14.814815   0.0000 20.370370   0.0000
 [3,]   0.00000  0.000000 35.18519  0.000000  0.000000 457.7778  0.000000   0.0000
 [4,]   0.00000 41.269841 50.00000  0.000000  7.407407   0.0000  0.000000   0.0000
 [5,]   0.00000  0.000000  0.00000 35.185185  0.000000   0.0000  0.000000 422.2222
 [6,]  75.92593  0.000000  0.00000  0.000000  0.000000   0.0000  0.000000 422.2222
 [7,]   0.00000  0.000000  0.00000  0.000000  0.000000 337.7778  0.000000 422.2222
 [8,]   0.00000  0.000000  0.00000  0.000000  0.000000   0.0000  0.000000   0.0000
 [9,]   0.00000 69.841270  0.00000  0.000000  0.000000 337.7778 14.814815 522.2222
[10,]   0.00000  0.000000 57.40741  0.000000  0.000000 217.7778  0.000000   0.0000
[11,]   0.00000  0.000000  0.00000  0.000000  0.000000 217.7778  0.000000   0.0000
[12,]   0.00000 57.142857  0.00000  0.000000  0.000000 282.2222  0.000000   0.0000
[13,]   0.00000  0.000000  0.00000  0.000000 14.814815   0.0000  0.000000   0.0000
[14,]   0.00000  0.000000  0.00000  0.000000  0.000000   0.0000  0.000000   0.0000
[15,]   0.00000 66.666667  0.00000  0.000000  0.000000   0.0000  0.000000   0.0000
[16,]  85.18519  0.000000  0.00000 40.740741  0.000000 273.3333  0.000000   0.0000
[17,]   0.00000  0.000000 35.18519 68.518519  7.407407 277.7778  0.000000   0.0000
[18,]   0.00000  0.000000  0.00000  0.000000  0.000000   0.0000  0.000000   0.0000
[19,]   0.00000  0.000000 22.22222  0.000000  0.000000   0.0000  0.000000   0.0000
[20,]   0.00000  0.000000 51.85185 27.777778  0.000000   0.0000  0.000000   0.0000
[21,]   0.00000  0.000000  0.00000 48.148148  7.407407   0.0000  0.000000   0.0000
[22,]   0.00000 57.142857  0.00000 35.185185  0.000000 355.5556 14.814815   0.0000
[23,]   0.00000 25.396825 44.44444  0.000000  0.000000   0.0000  0.000000   0.0000
[24,]   0.00000  0.000000  0.00000  0.000000  0.000000 291.1111  0.000000 722.2222
[25,]   0.00000  6.349206  0.00000  0.000000  0.000000 282.2222  0.000000   0.0000
[26,] 120.37037  0.000000 66.66667 40.740741 14.814815   0.0000 14.814815   0.0000
[27,]   0.00000  0.000000  0.00000 35.185185  0.000000 277.7778  0.000000   0.0000
[28,]   0.00000  0.000000  0.00000  0.000000  0.000000   0.0000  1.851852   0.0000
[29,]   0.00000  0.000000 44.44444  0.000000  0.000000   0.0000  0.000000   0.0000
[30,]   0.00000  0.000000  0.00000 35.185185  0.000000   0.0000  0.000000   0.0000
[31,]   0.00000  0.000000  0.00000  0.000000  0.000000   0.0000  0.000000   0.0000
[32,]   0.00000 69.841270  0.00000  0.000000  7.407407 226.6667  0.000000   0.0000
[33,]   0.00000 31.746032 46.29630  0.000000  7.407407 273.3333  0.000000   0.0000
[34,]  53.70370 34.920635  0.00000  0.000000  0.000000 411.1111 25.925926   0.0000
[35,]   0.00000 60.317460  0.00000  0.000000  0.000000   0.0000  0.000000   0.0000
[36,]   0.00000  0.000000 44.44444 40.740741  0.000000   0.0000  0.000000   0.0000
[37,]   0.00000  0.000000  0.00000 27.777778  0.000000 235.5556 27.777778   0.0000
[38,]   0.00000  0.000000  0.00000 14.814815  0.000000   0.0000  7.407407   0.0000
[39,]   0.00000  0.000000  0.00000  0.000000  0.000000   0.0000  0.000000   0.0000
[40,]   0.00000  0.000000 42.59259  0.000000  0.000000   0.0000  0.000000   0.0000
[41,] 131.48148  0.000000  0.00000  0.000000  0.000000   0.0000  0.000000 422.2222
[42,] 137.03704 41.269841  0.00000 42.592593  0.000000 217.7778  0.000000 422.2222
[43,] 138.88889  0.000000  0.00000  0.000000  0.000000   0.0000 24.074074 622.2222
[44,]   0.00000  0.000000  0.00000  0.000000  7.407407   0.0000 18.518519   0.0000
[45,]   0.00000 60.317460 53.70370 35.185185  0.000000   0.0000  0.000000   0.0000
[46,]  74.07407  6.349206 53.70370  0.000000  0.000000   0.0000  0.000000   0.0000
[47,]   0.00000  0.000000  0.00000 75.925926  0.000000   0.0000  0.000000 522.2222
[48,] 194.44444  0.000000 18.51852 27.777778  7.407407   0.0000  0.000000   0.0000
[49,]   0.00000  0.000000  0.00000  0.000000  0.000000   0.0000  0.000000   0.0000
[50,]   0.00000  0.000000  0.00000  0.000000  0.000000   0.0000 18.518519 522.2222
          [,9]
 [1,]   0.0000
 [2,]   0.0000
 [3,] 281.4815
 [4,]   0.0000
 [5,]   0.0000
 [6,] 251.8519
 [7,]   0.0000
 [8,]   0.0000
 [9,]   0.0000
[10,]   0.0000
[11,] 287.0370
[12,] 129.6296
[13,]   0.0000
[14,] 398.1481
[15,]   0.0000
[16,]   0.0000
[17,]   0.0000
[18,]   0.0000
[19,]   0.0000
[20,]   0.0000
[21,] 246.2963
[22,] 398.1481
[23,] 248.1481
[24,] 185.1852
[25,] 301.8519
[26,]   0.0000
[27,]   0.0000
[28,] 275.9259
[29,]   0.0000
[30,]   0.0000
[31,]   0.0000
[32,] 190.7407
[33,]   0.0000
[34,] 366.6667
[35,] 101.8519
[36,] 251.8519
[37,]   0.0000
[38,]  96.2963
[39,]   0.0000
[40,]   0.0000
[41,]   0.0000
[42,]   0.0000
[43,]   0.0000
[44,]   0.0000
[45,]   0.0000
[46,]   0.0000
[47,]   0.0000
[48,]   0.0000
[49,]   0.0000
[50,]   0.0000

