$totdays
[1] 365

$Psampest
[1] NA

$Pbootest
     Mean      2.5%       50%     97.5% 
0.2330327 0.0000000 0.0000000 1.7412903 

$Pboots
 [1] 0.12974934 0.11022324 0.00000000 0.00000000 0.00000000 0.00000000 0.00000000
 [8] 0.00000000 0.00000000 0.00000000 0.00000000 0.00000000 0.22044648 0.00000000
[15] 0.00000000 1.80113806 0.01952610 0.00000000 0.11022324 0.00000000 0.00000000
[22] 0.00000000 0.00000000 0.00000000 0.09069714 0.05857830 0.00000000 0.00000000
[29] 1.22516276 0.00000000 1.04142491 0.00000000 0.00000000 0.00000000 0.18139428
[36] 0.00000000 0.00000000 3.38211744 0.00000000 0.00000000 0.00000000 0.00000000
[43] 1.53514780 0.00000000 0.00000000 0.13384316 0.65007106 0.00000000 0.96189290
[50] 0.00000000

$Bboots
 [1] 0.0026875997 0.0023507942 0.0000000000 0.0000000000 0.0000000000 0.0000000000
 [7] 0.0000000000 0.0000000000 0.0000000000 0.0000000000 0.0000000000 0.0000000000
[13] 0.0047015883 0.0000000000 0.0000000000 0.0591448686 0.0003368056 0.0000000000
[19] 0.0023507942 0.0000000000 0.0000000000 0.0000000000 0.0000000000 0.0000000000
[25] 0.0020139886 0.0010104167 0.0000000000 0.0000000000 0.0758104293 0.0000000000
[31] 0.0631707837 0.0000000000 0.0000000000 0.0000000000 0.0040279772 0.0000000000
[37] 0.0000000000 0.1081558830 0.0000000000 0.0000000000 0.0000000000 0.0000000000
[43] 0.0480253467 0.0000000000 0.0000000000 0.0020139886 0.0187201404 0.0000000000
[49] 0.0308253300 0.0000000000

$Nboots
 [1] 0.8680556 0.6944444 0.0000000 0.0000000 0.0000000 0.0000000 0.0000000 0.0000000
 [9] 0.0000000 0.0000000 0.0000000 0.0000000 1.3888889 0.0000000 0.0000000 3.0092593
[17] 0.1736111 0.0000000 0.6944444 0.0000000 0.0000000 0.0000000 0.0000000 0.0000000
[25] 0.5208333 0.5208333 0.0000000 0.0000000 3.2407407 0.0000000 2.6620370 0.0000000
[33] 0.0000000 0.0000000 1.0416667 0.0000000 0.0000000 4.7453704 0.0000000 0.0000000
[41] 0.0000000 0.0000000 2.7777778 0.0000000 0.0000000 0.5208333 1.9675926 0.0000000
[49] 1.1574074 0.0000000

$julians
[1] 2040 2085 2122 2143 2192 2232 2278 2283 2362

$intdays
[1] 45 37 21 49 40 46  5 79 43

$Pintsampest
[1] NA NA NA NA NA NA NA NA NA

$Pintboots
            [,1] [,2]     [,3]      [,4] [,5] [,6] [,7] [,8]       [,9]
 [1,] 0.12974934   NA       NA        NA   NA   NA   NA   NA         NA
 [2,] 0.11022324    0       NA        NA   NA   NA   NA   NA         NA
 [3,]         NA   NA       NA        NA   NA   NA   NA   NA         NA
 [4,]         NA   NA       NA        NA    0    0   NA   NA         NA
 [5,]         NA   NA       NA        NA   NA   NA   NA    0         NA
 [6,]         NA   NA       NA        NA   NA   NA   NA    0         NA
 [7,]         NA   NA       NA        NA   NA   NA   NA   NA         NA
 [8,]         NA   NA       NA        NA   NA   NA   NA   NA         NA
 [9,]         NA    0       NA        NA   NA   NA   NA   NA         NA
[10,]         NA   NA       NA        NA   NA   NA   NA   NA         NA
[11,]         NA   NA       NA        NA   NA   NA   NA   NA         NA
[12,]         NA   NA       NA        NA   NA   NA   NA   NA         NA
[13,] 0.22044648   NA       NA        NA   NA   NA   NA   NA         NA
[14,]         NA   NA       NA        NA   NA   NA   NA   NA         NA
[15,]         NA   NA       NA        NA   NA    0   NA   NA         NA
[16,]         NA   NA       NA 1.8011381   NA   NA   NA   NA         NA
[17,] 0.01952610    0       NA        NA   NA   NA   NA   NA         NA
[18,]         NA   NA       NA        NA   NA   NA   NA   NA         NA
[19,] 0.11022324   NA       NA        NA   NA   NA   NA   NA         NA
[20,]         NA   NA       NA        NA   NA   NA   NA   NA         NA
[21,]         NA   NA       NA        NA   NA    0   NA   NA         NA
[22,]         NA   NA       NA        NA   NA   NA    0   NA         NA
[23,]         NA   NA       NA        NA   NA   NA   NA   NA         NA
[24,]         NA   NA       NA        NA    0    0   NA   NA         NA
[25,] 0.09069714   NA       NA        NA   NA   NA   NA   NA         NA
[26,] 0.05857830   NA       NA        NA   NA   NA   NA   NA         NA
[27,]         NA   NA       NA        NA   NA   NA   NA   NA         NA
[28,]         NA   NA       NA        NA   NA   NA   NA   NA         NA
[29,]         NA   NA 1.225163        NA   NA   NA   NA   NA         NA
[30,]         NA   NA       NA        NA   NA   NA   NA   NA         NA
[31,]         NA   NA 1.041425        NA   NA   NA   NA   NA         NA
[32,]         NA   NA       NA        NA   NA    0   NA   NA         NA
[33,]         NA   NA       NA        NA   NA   NA   NA   NA         NA
[34,]         NA   NA       NA        NA   NA    0   NA   NA         NA
[35,] 0.18139428   NA       NA        NA   NA   NA   NA   NA         NA
[36,]         NA   NA       NA        NA   NA   NA   NA   NA         NA
[37,]         NA   NA       NA        NA   NA   NA   NA   NA         NA
[38,]         NA   NA       NA 3.3821174   NA   NA   NA   NA         NA
[39,]         NA   NA       NA        NA   NA   NA   NA   NA         NA
[40,]         NA   NA       NA        NA   NA   NA   NA   NA         NA
[41,]         NA   NA       NA        NA   NA   NA   NA   NA         NA
[42,]         NA   NA       NA        NA   NA   NA   NA   NA         NA
[43,]         NA   NA       NA 1.5351478    0   NA   NA   NA         NA
[44,]         NA   NA       NA        NA   NA   NA   NA   NA         NA
[45,]         NA   NA       NA        NA   NA   NA   NA   NA         NA
[46,] 0.09069714   NA       NA        NA   NA   NA   NA    0 0.04314602
[47,]         NA   NA       NA 0.6500711   NA   NA    0   NA         NA
[48,]         NA   NA       NA        NA   NA   NA   NA   NA         NA
[49,]         NA   NA       NA 0.9618929   NA   NA   NA   NA         NA
[50,]         NA   NA       NA        NA   NA   NA   NA   NA         NA

$Bdatesampinfo
      DATE JULIAN N Mean Stdev
1 08/02/11   2040 4   NA    NA
2 09/16/11   2085 7   NA    NA
3 10/23/11   2122 6   NA    NA
4 11/13/11   2143 6   NA    NA
5 01/01/12   2192 6   NA    NA
6 02/10/12   2232 5   NA    NA
7 03/27/12   2278 6   NA    NA
8 04/01/12   2283 3   NA    NA
9 06/19/12   2362 6   NA    NA

$Ndatesampinfo
      DATE JULIAN N Mean Stdev
1 08/02/11   2040 4   NA    NA
2 09/16/11   2085 7   NA    NA
3 10/23/11   2122 6   NA    NA
4 11/13/11   2143 6   NA    NA
5 01/01/12   2192 6   NA    NA
6 02/10/12   2232 5   NA    NA
7 03/27/12   2278 6   NA    NA
8 04/01/12   2283 3   NA    NA
9 06/19/12   2362 6   NA    NA

$Bdateboots
             [,1] [,2] [,3]      [,4] [,5] [,6] [,7] [,8] [,9]
 [1,] 0.043001596    0    0 0.0000000    0    0    0    0    0
 [2,] 0.037612707    0    0 0.0000000    0    0    0    0    0
 [3,] 0.037612707    0    0 0.0000000    0    0    0    0    0
 [4,] 0.000000000    0    0 0.0000000    0    0    0    0    0
 [5,] 0.000000000    0    0 0.0000000    0    0    0    0    0
 [6,] 0.021555556    0    0 0.0000000    0    0    0    0    0
 [7,] 0.069836525    0    0 0.0000000    0    0    0    0    0
 [8,] 0.000000000    0    0 1.2616108    0    0    0    0    0
 [9,] 0.000000000    0    0 0.0000000    0    0    0    0    0
[10,] 0.000000000    0    0 0.0000000    0    0    0    0    0
[11,] 0.000000000    0    0 0.0000000    0    0    0    0    0
[12,] 0.000000000    0    0 0.0000000    0    0    0    0    0
[13,] 0.075225413    0    0 0.0000000    0    0    0    0    0
[14,] 0.048390484    0    0 0.0000000    0    0    0    0    0
[15,] 0.000000000    0    0 0.9463179    0    0    0    0    0
[16,] 0.069836525    0    0 0.9463179    0    0    0    0    0
[17,] 0.005388889    0    0 0.0000000    0    0    0    0    0
[18,] 0.000000000    0    0 0.0000000    0    0    0    0    0
[19,] 0.037612707    0    0 0.0000000    0    0    0    0    0
[20,] 0.000000000    0    0 0.0000000    0    0    0    0    0
[21,] 0.069836525    0    0 0.0000000    0    0    0    0    0
[22,] 0.021555556    0    0 0.0000000    0    0    0    0    0
[23,] 0.000000000    0    0 0.0000000    0    0    0    0    0
[24,] 0.000000000    0    0 0.0000000    0    0    0    0    0
[25,] 0.032223818    0    0 0.0000000    0    0    0    0    0
[26,] 0.016166667    0    0 0.0000000    0    0    0    0    0
[27,] 0.043001596    0    0 0.0000000    0    0    0    0    0
[28,] 0.037612707    0    0 0.0000000    0    0    0    0    0
[29,] 0.000000000    0    0 1.2129669    0    0    0    0    0
[30,] 0.037612707    0    0 0.0000000    0    0    0    0    0
[31,] 0.000000000    0    0 1.0107325    0    0    0    0    0
[32,] 0.000000000    0    0 0.0000000    0    0    0    0    0
[33,] 0.000000000    0    0 0.2752003    0    0    0    0    0
[34,] 0.000000000    0    0 0.0000000    0    0    0    0    0
[35,] 0.064447636    0    0 0.0000000    0    0    0    0    0
[36,] 0.000000000    0    0 0.0000000    0    0    0    0    0
[37,] 0.000000000    0    0 0.6796689    0    0    0    0    0
[38,] 0.000000000    0    0 1.7304941    0    0    0    0    0
[39,] 0.000000000    0    0 0.0000000    0    0    0    0    0
[40,] 0.000000000    0    0 0.0000000    0    0    0    0    0
[41,] 0.075225413    0    0 0.0000000    0    0    0    0    0
[42,] 0.000000000    0    0 0.0000000    0    0    0    0    0
[43,] 0.000000000    0    0 0.7684055    0    0    0    0    0
[44,] 0.000000000    0    0 0.0000000    0    0    0    0    0
[45,] 0.037612707    0    0 0.0000000    0    0    0    0    0
[46,] 0.032223818    0    0 0.0000000    0    0    0    0    0
[47,] 0.000000000    0    0 0.2995222    0    0    0    0    0
[48,] 0.000000000    0    0 0.0000000    0    0    0    0    0
[49,] 0.000000000    0    0 0.4932053    0    0    0    0    0
[50,] 0.000000000    0    0 0.0000000    0    0    0    0    0

$Ndateboots
           [,1] [,2] [,3]     [,4] [,5] [,6] [,7] [,8] [,9]
 [1,] 13.888889    0    0  0.00000    0    0    0    0    0
 [2,] 11.111111    0    0  0.00000    0    0    0    0    0
 [3,] 11.111111    0    0  0.00000    0    0    0    0    0
 [4,]  0.000000    0    0  0.00000    0    0    0    0    0
 [5,]  0.000000    0    0  0.00000    0    0    0    0    0
 [6,] 11.111111    0    0  0.00000    0    0    0    0    0
 [7,] 19.444444    0    0  0.00000    0    0    0    0    0
 [8,]  0.000000    0    0 62.96296    0    0    0    0    0
 [9,]  0.000000    0    0  0.00000    0    0    0    0    0
[10,]  0.000000    0    0  0.00000    0    0    0    0    0
[11,]  0.000000    0    0  0.00000    0    0    0    0    0
[12,]  0.000000    0    0  0.00000    0    0    0    0    0
[13,] 22.222222    0    0  0.00000    0    0    0    0    0
[14,] 16.666667    0    0  0.00000    0    0    0    0    0
[15,]  0.000000    0    0 48.14815    0    0    0    0    0
[16,] 19.444444    0    0 48.14815    0    0    0    0    0
[17,]  2.777778    0    0  0.00000    0    0    0    0    0
[18,]  0.000000    0    0  0.00000    0    0    0    0    0
[19,] 11.111111    0    0  0.00000    0    0    0    0    0
[20,]  0.000000    0    0  0.00000    0    0    0    0    0
[21,] 19.444444    0    0  0.00000    0    0    0    0    0
[22,] 11.111111    0    0  0.00000    0    0    0    0    0
[23,]  0.000000    0    0  0.00000    0    0    0    0    0
[24,]  0.000000    0    0  0.00000    0    0    0    0    0
[25,]  8.333333    0    0  0.00000    0    0    0    0    0
[26,]  8.333333    0    0  0.00000    0    0    0    0    0
[27,] 13.888889    0    0  0.00000    0    0    0    0    0
[28,] 11.111111    0    0  0.00000    0    0    0    0    0
[29,]  0.000000    0    0 51.85185    0    0    0    0    0
[30,] 11.111111    0    0  0.00000    0    0    0    0    0
[31,]  0.000000    0    0 42.59259    0    0    0    0    0
[32,]  0.000000    0    0  0.00000    0    0    0    0    0
[33,]  0.000000    0    0 25.92593    0    0    0    0    0
[34,]  0.000000    0    0  0.00000    0    0    0    0    0
[35,] 16.666667    0    0  0.00000    0    0    0    0    0
[36,]  0.000000    0    0  0.00000    0    0    0    0    0
[37,]  0.000000    0    0 44.44444    0    0    0    0    0
[38,]  0.000000    0    0 75.92593    0    0    0    0    0
[39,]  0.000000    0    0  0.00000    0    0    0    0    0
[40,]  0.000000    0    0  0.00000    0    0    0    0    0
[41,] 22.222222    0    0  0.00000    0    0    0    0    0
[42,]  0.000000    0    0  0.00000    0    0    0    0    0
[43,]  0.000000    0    0 44.44444    0    0    0    0    0
[44,]  0.000000    0    0  0.00000    0    0    0    0    0
[45,] 11.111111    0    0  0.00000    0    0    0    0    0
[46,]  8.333333    0    0  0.00000    0    0    0    0    0
[47,]  0.000000    0    0 31.48148    0    0    0    0    0
[48,]  0.000000    0    0  0.00000    0    0    0    0    0
[49,]  0.000000    0    0 18.51852    0    0    0    0    0
[50,]  0.000000    0    0  0.00000    0    0    0    0    0

