$totdays
[1] 365

$Psampest
[1] 277.7811

$Pbootest
    Mean     2.5%      50%    97.5% 
285.9722 202.0418 287.6100 387.0856 

$Pboots
 [1] 301.9491 264.8441 282.2003 298.0591 287.9740 329.1980 267.8486 270.7669 411.1930
[10] 215.1360 207.8207 392.2806 310.3105 298.4821 223.9223 258.7938 206.4198 212.0193
[19] 300.5640 309.7104 324.7972 340.9184 284.4049 244.9323 201.7065 324.2507 203.1966
[28] 274.5115 314.0855 287.2459 239.2653 368.3465 273.3444 315.5209 335.2911 336.9811
[37] 332.7638 300.1749 356.3151 274.7772 251.3811 272.1141 336.5202 170.3860 299.8290
[46] 272.3316 243.2418 290.7343 210.5583 369.1917

$Bboots
 [1] 52.80600 50.14051 52.56410 52.51567 54.71509 61.29671 50.75959 49.21351 73.92112
[10] 40.95915 41.15587 69.00345 56.95564 55.49201 39.91334 49.40335 41.01492 41.27732
[19] 58.87861 57.40281 58.19520 62.76425 54.53665 44.10281 38.13233 59.43748 36.26500
[28] 51.16464 53.06209 51.68549 41.89900 65.90896 50.47329 55.68007 58.47652 61.43205
[37] 61.02680 56.74833 63.91468 52.17454 46.57925 48.31534 58.38861 35.01026 55.64377
[46] 51.60473 45.01140 53.99239 39.12487 69.42760

$Nboots
 [1] 571.5972 448.1019 771.9213 684.9537 594.0046 764.8148 578.5880 555.6250 629.5139
[10] 486.8519 602.9861 624.3519 643.5417 735.7176 573.8889 679.2130 627.6389 587.0833
[19] 764.0509 446.1574 673.3796 710.9259 650.3472 425.2083 339.3519 583.1481 438.5880
[28] 679.2130 417.9167 589.1667 453.1481 632.6157 659.0741 514.1435 619.0741 595.0000
[37] 727.0602 618.7731 645.0926 675.5787 507.8704 520.9954 493.9120 533.7037 620.1157
[46] 689.2593 514.4907 683.6574 582.9398 729.6528

$julians
[1] 2040 2085 2122 2143 2192 2232 2278 2283 2362

$intdays
[1] 45 37 21 49 40 46  5 79 43

$Pintsampest
[1] 109.3168730  15.0936650   5.5016736   8.9364555   4.1972484   8.1037785   0.5945006
[8]  58.0127014  68.0241668

$Pintboots
           [,1]      [,2]     [,3]      [,4]     [,5]      [,6]      [,7]     [,8]
 [1,] 107.73416 14.385681 5.870674  9.431468 2.350832  6.067551 0.5001797 81.84595
 [2,] 114.31578 12.457137 4.459756  6.206479 4.259668 12.807112 1.0080831 43.00706
 [3,]  90.86475 14.959021 9.088065 18.147693 3.409405  8.353121 0.6986396 73.30276
 [4,] 108.64473 15.184303 5.132674  6.831676 3.774112  7.633115 0.5383134 77.34827
 [5,] 121.14054 23.298619 3.889417  5.023090 4.085098 11.578348 0.9217417 47.28781
 [6,] 139.99449 17.176698 9.728152 13.700921 1.595206  5.798619 0.5136714 58.01270
 [7,] 111.91134  7.547374 8.989100 18.114988 5.235429  6.663288 0.4384803 43.60989
 [8,]  94.01445 14.549890 5.529980  8.955883 4.815348  9.851120 0.6753297 68.73760
 [9,] 208.27155 18.056723 4.653138  4.905720 3.430330  7.017727 0.4590721 51.01490
[10,]  71.14115 11.393434 5.624994 11.022023 4.751095 10.715850 0.8231149 51.61773
[11,]  79.88620  9.206983 9.238766 17.659891 2.622095  6.305543 0.5259568 34.74829
[12,] 171.62498 17.010362 3.177975  5.011485 7.054667  9.856050 0.5561111 75.45098
[13,] 124.68938 15.090347 6.551516 13.306412 3.815390  8.171868 0.6257899 61.69062
[14,] 115.58480 23.304152 5.261934  8.427312 5.598963  8.713014 0.5520608 59.59158
[15,]  71.21864 15.419989 5.009132  4.520311 2.471867  6.044595 0.4851049 66.58938
[16,] 120.58842 21.727171 2.495153  7.460744 6.788782  6.377160 0.4439926 27.75049
[17,]  71.77387 21.434527 6.134731  8.537272 3.106705  8.407933 0.7054840 40.89284
[18,]  72.33498 17.263455 4.145900  5.456647 3.965833 12.670163 1.0955596 47.57222
[19,] 129.97626 22.373959 6.856920 14.708915 5.263595  9.156963 0.8409125 38.74462
[20,] 174.97938  8.240136 5.869525  7.314229 2.988726  4.844242 0.2288700 17.02560
[21,] 114.75691 17.832042 7.485735 13.435153 5.722436  6.625284 0.3385261 81.56153
[22,] 143.18112 27.718547 3.658130  6.751698 3.208613  8.747712 0.7600833 61.69062
[23,] 135.56624 21.490112 4.386843  6.505093 2.187913  8.749095 0.7728215 31.42841
[24,] 101.18447  8.422723 5.679549  8.954632 5.276326  4.677123 0.2233577 48.86669
[25,] 104.85167  7.126012 3.144370  2.832613 3.947509  7.953465 0.4645844 16.74118
[26,] 146.22561 14.919374 6.670498  9.842652 4.205897  6.029935 0.4657194 51.90215
[27,]  65.75691  7.207301 5.019317  8.537272 4.066754  6.934978 0.4439926 58.01270
[28,] 104.79965 21.988690 4.511475  8.517028 6.397318  8.252870 0.4835171 54.61920
[29,] 110.67480  4.537769 4.839433 10.489849 5.203992  7.477871 0.5632112 92.28643
[30,] 102.97690 13.329303 7.004524 11.697069 5.223963  6.029935 0.4657194 71.77305
[31,]  80.07670 12.817900 4.070883  5.723058 4.367591  6.444115 0.4095323 68.45318
[32,] 171.93489 22.025070 3.689572  6.025931 2.836851  5.917016 0.3754488 57.69429
[33,] 103.17045 26.075259 5.556229  4.918180 3.733029  5.723023 0.3001366 58.61553
[34,] 141.15151  9.528550 5.285050  7.530789 4.169082  6.341716 0.2713097 58.01270
[35,] 145.74665 11.775377 3.827284  7.185911 5.326292  5.944953 0.3658862 67.19221
[36,] 148.50478 19.451655 3.839688  4.262166 5.691411 10.188142 0.6931274 57.69429
[37,] 135.58989 20.720120 7.012431 16.087711 4.757882  4.252423 0.3096991 62.29345
[38,] 134.69665 17.507984 4.578493  5.467220 4.823572 12.346967 0.9217417 43.60989
[39,] 145.45349 13.833947 6.608671 10.933161 5.789276  8.729686 0.6079923 74.56373
[40,] 103.19838 16.904387 6.832566 12.752322 5.851696 10.122810 0.6808420 54.33478
[41,]  89.71758 17.281865 5.378659  7.279612 2.782627  8.377215 0.7929605 60.44533
[42,] 110.09640 13.216519 3.177483  6.000250 4.552310  7.847760 0.4522277 58.29712
[43,] 140.28185  6.580541 5.372506 10.767041 3.458496  6.490079 0.5520608 75.45098
[44,]  63.44301 22.634423 4.307652  8.071227 4.354952  6.586129 0.4768697 23.73898
[45,] 139.18703 20.760695 3.487340  5.455614 5.488162  7.238523 0.4590721 40.29001
[46,]  92.68274 18.191110 7.318042 11.843338 4.704370 11.263674 0.8231149 63.83884
[47,] 102.23198 10.059352 3.194753  7.205123 6.448272 10.188142 0.6753297 42.75613
[48,]  97.02683  9.161236 9.190711 19.883709 5.377184 10.040674 0.7929605 73.01835
[49,]  64.56895 18.155370 6.212496  8.309944 3.691535  5.763175 0.3231909 57.12546
[50,] 187.48692 19.340776 5.529055  7.510545 4.276789  9.411760 0.7778810 35.60204
           [,9]
 [1,]  73.76258
 [2,]  66.32299
 [3,]  63.37681
 [4,]  72.97193
 [5,]  70.74937
 [6,]  82.67757
 [7,]  65.33876
 [8,]  63.63731
 [9,] 113.38380
[10,]  48.04664
[11,]  47.62697
[12,] 102.53795
[13,]  76.36918
[14,]  71.44833
[15,]  52.16333
[16,]  65.16185
[17,]  45.42640
[18,]  47.51451
[19,]  72.64186
[20,]  88.21966
[21,]  77.03955
[22,]  85.20190
[23,]  73.31834
[24,]  61.64743
[25,]  54.64510
[26,]  83.98883
[27,]  47.21740
[28,]  64.94177
[29,]  78.01216
[30,]  68.74543
[31,]  56.90233
[32,]  97.84740
[33,]  65.25254
[34,]  83.23024
[35,]  87.92650
[36,]  86.65582
[37,]  81.74016
[38,]  76.22235
[39,]  89.79516
[40,]  64.09941
[41,]  59.32528
[42,]  68.47401
[43,]  87.56665
[44,]  36.77278
[45,]  77.46257
[46,]  61.66633
[47,]  60.48269
[48,]  66.24267
[49,]  46.40819
[50,]  99.25595

$Bdatesampinfo
      DATE JULIAN N        Mean       Stdev
1 08/02/11   2040 5 395.9546598 340.8434459
2 09/16/11   2085 6  52.0795183  63.7008087
3 10/23/11   2122 5  22.6039593  13.1209070
4 11/13/11   2143 5  25.3048326  27.4833605
5 01/01/12   2192 5   8.3145481  10.6296282
6 02/10/12   2232 4  11.2474783   8.6846357
7 03/27/12   2278 5  21.5480637  21.1918960
8 04/01/12   2283 2   0.6649971   0.9404479
9 06/19/12   2362 5 134.9746046 107.9482162

$Ndatesampinfo
      DATE JULIAN N        Mean       Stdev
1 08/02/11   2040 5 1120.000000  883.993464
2 09/16/11   2085 6 1596.296296 1727.135167
3 10/23/11   2122 5  840.000000  421.314814
4 11/13/11   2143 5  784.444444  793.787607
5 01/01/12   2192 5  166.666667  195.157423
6 02/10/12   2232 4  241.666667  123.852760
7 03/27/12   2278 5   68.888889   72.605819
8 04/01/12   2283 2    5.555556    7.856742
9 06/19/12   2362 5  726.666667  667.758365

$Bdateboots
          [,1]      [,2]     [,3]      [,4]      [,5]      [,6]      [,7]      [,8]
 [1,] 389.7677  51.77968 19.40069 31.721366  3.760276  7.196198 17.358845 1.3299942
 [2,] 427.3951  41.12672 20.51120 18.324534  5.024543 14.828402 37.001264 0.6649971
 [3,] 316.1175  56.29088 17.72640 61.412829  6.859675  9.030464 24.774147 1.3299942
 [4,] 395.9547  49.32477 25.80723 18.888299  6.812801 10.777122 20.113674 0.0000000
 [5,] 402.1416  94.35188 20.92967 12.939527  5.957582 13.081744 33.775181 0.6649971
 [6,] 524.4415  49.32477 35.66561 49.047523  2.496009  4.938736 18.527941 0.6649971
 [7,] 444.6043  14.06329 23.28114 54.996296 13.153174 11.247478 15.718494 0.6649971
 [8,] 334.9311  50.38602 21.60685 26.548437  7.144029 15.298758 24.568186 0.6649971
 [9,] 791.0586  62.54036 26.80434 13.715370  4.740189 11.247478 17.152885 0.0000000
[10,] 252.2457  39.32549 17.04922 31.933443  9.531941 12.611387 30.755058 0.0000000
[11,] 300.8954  26.51748 19.03871 61.412829  5.024543  7.196198 18.321981 1.3299942
[12,] 641.1627  62.24052 21.92678  5.747150 13.106300 19.773234 20.113674 0.6649971
[13,] 450.7913  60.24718 14.41987 42.630990  7.428383 10.353926 22.717160 0.6649971
[14,] 383.3279  90.39558 24.91338 20.907747 10.796208 15.298758 19.962331 0.6649971
[15,] 246.0588  45.83004 30.46812 13.151604  3.854024  7.666555 16.795582 1.3299942
[16,] 402.1416  92.08908 15.41698  6.310916 21.756765  9.883569 15.924455 0.6649971
[17,] 216.2228  77.94140 28.11665 25.304833  6.812801  7.666555 26.359879 0.0000000
[18,] 233.4320  63.03232 22.38729 13.715370  6.812801 11.670674 39.604750 1.3299942
[19,] 444.6043  88.10240 22.60396 37.106373 18.229280  6.302646 30.755058 0.6649971
[20,] 702.1862  14.96500 25.80723 25.304833  2.211655 11.717835  7.886556 0.6649971
[21,] 408.5814  61.74856 26.48441 38.701665 11.842033 14.828402 11.983767 0.6649971
[22,] 463.4180 123.40864 13.74269 18.112456  7.287761  7.666555 27.734936 0.6649971
[23,] 466.0133  89.60379 16.72929 21.471513  3.000962  7.196198 28.210906 0.6649971
[24,] 402.1416  12.56191 29.11376 20.343981 13.343780 11.247478  7.680596 0.6649971
[25,] 414.7683  14.96500 20.29454  7.086759  3.569670 14.828402 17.358845 0.0000000
[26,] 558.4773  40.82688 32.99421 25.092755 11.935781  7.666555 16.736248 0.6649971
[27,] 252.2457  17.25818 18.40358 25.304833  6.812801 12.141031 15.924455 0.6649971
[28,] 341.1181  88.40224 20.39780 18.888299 13.153174 16.662668 16.736248 1.3299942
[29,] 448.1959   5.40368 17.04922 25.092755 14.370567  9.883569 20.378968 0.6649971
[30,] 389.7677  32.28205 33.67139 27.324280 16.680659  7.666555 16.736248 0.6649971
[31,] 288.2686  39.92518 23.49781 11.951606  9.578815 10.777122 15.301858 0.0000000
[32,] 607.1270  97.54676 11.43327 20.695669  1.974175 11.247478 12.698372 1.3299942
[33,] 328.4913  94.35188 34.66850 13.715370  4.787063 12.611387 10.549376 0.6649971
[34,] 552.2904  26.21763 20.92967 25.092755  3.238442 16.192311  9.472289 0.6649971
[35,] 558.4773  38.86393 19.40069 13.927448 13.106300 11.717835 12.341069 1.3299942
[36,] 539.6636  68.98195 27.26485  6.171305  9.863169 16.662668 24.568186 1.3299942
[37,] 469.6049  86.10906 16.41409 44.650438 15.872314  6.302646 10.906679 0.6649971
[38,] 491.0139  61.03897 25.59056 14.279136  6.288810 16.192311 33.775181 0.6649971
[39,] 558.4773  37.66239 30.78805 26.760514 14.370567 12.611387 22.717160 0.0000000
[40,] 361.9189  61.03897 22.60396 36.894295 11.080562 16.192311 24.774147 0.6649971
[41,] 309.6776  58.02915 27.48152 19.356060  8.030194  4.938736 28.963365 0.6649971
[42,] 395.9547  55.27440 10.12096 17.548690  5.024543 16.192311 15.567152 1.3299942
[43,] 558.4773  16.46638 16.09416 30.689839  9.816295  6.302646 19.962331 0.6649971
[44,] 165.9687  94.05203 17.94307 19.568138 10.796208  9.500821 17.152885 0.6649971
[45,] 491.0139  79.44279 23.28114  7.086759 13.437528 12.141031 17.152885 0.0000000
[46,] 316.1175  63.74190 26.26774 37.458061  7.097155 14.828402 30.755058 0.0000000
[47,] 383.3279  35.66905 14.10467 13.715370 13.390654 16.662668 24.568186 0.6649971
[48,] 370.9541  26.70959 18.62025 61.412829 13.390654 11.670674 28.963365 0.6649971
[49,] 203.5960  61.03897 28.79383 25.304833  5.957582 11.247478 12.075775 0.0000000
[50,] 702.1862  66.22720 29.47101 18.676222  9.578815 10.353926 27.734936 1.3299942
           [,9]
 [1,] 190.03412
 [2,]  99.88979
 [3,] 170.05942
 [4,] 180.84835
 [5,] 109.89868
 [6,] 134.97460
 [7,] 101.29937
 [8,] 160.05053
 [9,] 119.27802
[10,] 120.68760
[11,]  79.91509
[12,] 175.74712
[13,] 143.57391
[14,] 138.66625
[15,] 154.36283
[16,]  64.21850
[17,]  95.61168
[18,] 109.89868
[19,]  89.92398
[20,]  39.14258
[21,] 190.03412
[22,] 143.57391
[23,]  72.81781
[24,] 113.59032
[25,]  39.14258
[26,] 120.68760
[27,] 134.97460
[28,] 126.37530
[29,] 215.11005
[30,] 167.14781
[31,] 160.05053
[32,] 133.56502
[33,] 136.38419
[34,] 134.97460
[35,] 155.77242
[36,] 133.56502
[37,] 144.98349
[38,] 101.29937
[39,] 174.33753
[40,] 126.37530
[41,] 140.66230
[42,] 134.97460
[43,] 175.74712
[44,]  54.83916
[45,]  94.20209
[46,] 149.26161
[47,]  99.30332
[48,] 170.05942
[49,] 133.56502
[50,]  81.91114

$Ndateboots
           [,1]      [,2]      [,3]      [,4]      [,5]     [,6]      [,7]      [,8]
 [1,] 1086.6667 1583.3333  777.7778  906.6667  80.00000 191.6667  53.33333 11.111111
 [2,] 1157.7778 1070.3704  628.8889  617.7778  95.55556 305.5556 124.44444  5.555556
 [3,]  877.7778 2164.8148  717.7778 1860.0000 155.55556 180.5556  77.77778 11.111111
 [4,] 1120.0000 2090.7407  902.2222  662.2222 151.11111 255.5556  66.66667  0.000000
 [5,] 1153.3333 2287.0370  780.0000  411.1111 102.22222 230.5556 115.55556  5.555556
 [6,] 1502.2222 2090.7407 1131.1111 1486.6667  64.44444 172.2222  53.33333  5.555556
 [7,] 1260.0000  453.7037  940.0000 1737.7778 257.77778 241.6667  57.77778  5.555556
 [8,]  913.3333 1383.3333  880.0000  700.0000 160.00000 291.6667  84.44444  5.555556
 [9,] 2135.5556 1938.8889  862.2222  455.5556  91.11111 241.6667  60.00000  0.000000
[10,]  735.5556 1014.8148  617.7778  906.6667 177.77778 244.4444 100.00000  0.000000
[11,]  875.5556 1022.2222  844.4444 1860.0000  95.55556 191.6667  60.00000 11.111111
[12,] 1717.7778 1925.9259  740.0000  244.4444 253.33333 372.2222  66.66667  5.555556
[13,] 1293.3333 1700.0000  671.1111 1364.4444 164.44444 225.0000  68.88889  5.555556
[14,] 1117.7778 2751.8519  926.6667  622.2222 193.33333 291.6667  55.55556  5.555556
[15,]  702.2222 1822.2222 1148.8889  411.1111  88.88889 177.7778  55.55556 11.111111
[16,] 1153.3333 2964.8148  631.1111  288.8889 420.00000 238.8889  51.11111  5.555556
[17,]  597.7778 2183.3333  988.8889  784.4444 151.11111 177.7778  91.11111  0.000000
[18,]  700.0000 2122.2222  964.4444  455.5556 151.11111 272.2222 126.66667 11.111111
[19,] 1260.0000 2512.9630  840.0000 1113.3333 348.88889 175.0000 100.00000  5.555556
[20,] 1924.4444  470.3704  902.2222  784.4444  60.00000 227.7778  20.00000  5.555556
[21,] 1122.2222 1742.5926 1002.2222 1073.3333 237.77778 305.5556  33.33333  5.555556
[22,] 1295.5556 3129.6296  571.1111  617.7778 151.11111 177.7778  84.44444  5.555556
[23,] 1295.5556 2555.5556  757.7778  666.6667  75.55556 191.6667 106.66667  5.555556
[24,] 1153.3333  411.1111  948.8889  577.7778 253.33333 241.6667  26.66667  5.555556
[25,] 1155.5556  470.3704  753.3333  333.3333  84.44444 305.5556  53.33333  0.000000
[26,] 1540.0000 1057.4074 1111.1111  784.4444 246.66667 177.7778  46.66667  5.555556
[27,]  735.5556  709.2593  817.7778  784.4444 151.11111 258.3333  51.11111  5.555556
[28,]  946.6667 2525.9259  737.7778  662.2222 257.77778 294.4444  46.66667 11.111111
[29,] 1293.3333  166.6667  617.7778  784.4444 268.88889 238.8889  68.88889  5.555556
[30,] 1086.6667 1066.6667 1211.1111  744.4444 328.88889 177.7778  46.66667  5.555556
[31,]  873.3333 1040.7407  815.5556  366.6667 182.22222 255.5556  44.44444  0.000000
[32,] 1680.0000 2542.5926  484.4444  622.2222  60.00000 241.6667  42.22222 11.111111
[33,]  944.4444 2287.0370 1171.1111  455.5556  95.55556 244.4444  31.11111  5.555556
[34,] 1506.6667 1009.2593  780.0000  784.4444  75.55556 308.3333  33.33333  5.555556
[35,] 1540.0000 1748.1481  777.7778  455.5556 253.33333 227.7778  37.77778 11.111111
[36,] 1504.4444 1883.3333 1086.6667  244.4444 186.66667 294.4444  84.44444 11.111111
[37,] 1328.8889 2287.0370  591.1111 1324.4444 284.44444 175.0000  35.55556  5.555556
[38,] 1364.4444 1896.2963 1026.6667  500.0000 111.11111 308.3333 115.55556  5.555556
[39,] 1540.0000 1718.5185 1008.8889  700.0000 268.88889 244.4444  68.88889  0.000000
[40,] 1082.2222 1896.2963  840.0000 1113.3333 197.77778 308.3333  77.77778  5.555556
[41,]  908.8889 1357.4074  962.2222  533.3333 162.22222 172.2222  93.33333  5.555556
[42,] 1120.0000 1851.8519  357.7778  573.3333  95.55556 308.3333  46.66667 11.111111
[43,] 1540.0000  512.9630  731.1111  991.1111 182.22222 175.0000  55.55556  5.555556
[44,]  524.4444 2274.0741  593.3333  533.3333 193.33333 166.6667  60.00000  5.555556
[45,] 1364.4444 2225.9259  940.0000  333.3333 262.22222 258.3333  60.00000  0.000000
[46,]  877.7778 1968.5185 1126.6667 1157.7778 155.55556 305.5556 100.00000  0.000000
[47,] 1117.7778 1492.5926  504.4444  455.5556 257.77778 294.4444  84.44444  5.555556
[48,] 1051.1111 1192.5926  693.3333 1860.0000 257.77778 272.2222  93.33333  5.555556
[49,]  595.5556 1896.2963 1088.8889  784.4444 102.22222 241.6667  35.55556  0.000000
[50,] 1924.4444 2377.7778 1188.8889  662.2222 182.22222 225.0000  84.44444 11.111111
           [,9]
 [1,]  851.1111
 [2,]  315.5556
 [3,] 1137.7778
 [4,] 1582.2222
 [5,]  486.6667
 [6,]  726.6667
 [7,]  608.8889
 [8,]  966.6667
 [9,]  637.7778
[10,]  931.1111
[11,]  602.2222
[12,] 1055.5556
[13,]  604.4444
[14,]  960.0000
[15,] 1048.8889
[16,]  513.3333
[17,]  691.1111
[18,]  486.6667
[19,]  773.3333
[20,]  273.3333
[21,]  851.1111
[22,]  604.4444
[23,]  391.1111
[24,]  720.0000
[25,]  273.3333
[26,]  931.1111
[27,]  726.6667
[28,]  848.8889
[29,] 1091.1111
[30,] 1177.7778
[31,]  966.6667
[32,]  433.3333
[33,] 1020.0000
[34,]  726.6667
[35,] 1342.2222
[36,]  433.3333
[37,]  897.7778
[38,]  608.8889
[39,]  762.2222
[40,]  848.8889
[41,]  644.4444
[42,]  726.6667
[43,] 1055.5556
[44,]  362.2222
[45,]  397.7778
[46,]  522.2222
[47,]  924.4444
[48,] 1137.7778
[49,]  433.3333
[50,]  286.6667

