$totdays
[1] 365

$Psampest
[1] 174.4449

$Pbootest
    Mean     2.5%      50%    97.5% 
178.2699 107.6084 177.5592 257.5690 

$Pboots
 [1] 194.2965 163.3516 164.7716 107.0607 136.9751 193.6080 215.2200 231.0598 180.0052
[10] 136.6680 157.3580 116.1456 168.8836 152.1297 171.8501 249.0655 126.8882 258.0031
[19] 181.7217 213.1221 175.1133 193.6169 197.7216 218.0761 130.4969 154.7836 237.3950
[28] 194.7056 166.0717 125.2191 192.4159 195.0874 104.7579 208.6882 114.6260 152.8471
[37] 146.3096 182.4178 147.2969 109.4947 173.2076 280.5149 197.3824 128.5980 222.5183
[46] 226.0509 188.2085 256.0740 156.3100 219.3041

$Bboots
 [1] 3.065304 2.713317 2.866714 1.628949 2.184812 2.870557 4.098444 4.158402 2.889047
[10] 2.075783 2.766437 2.206274 3.103747 2.659533 2.648921 4.121075 2.175710 4.592828
[19] 3.151242 3.731822 3.066787 3.145556 3.397391 3.546009 2.376526 2.362269 3.916861
[28] 3.013887 2.694982 2.025276 3.525428 2.944818 1.609242 3.262944 2.016907 2.432249
[37] 2.568413 3.355067 2.201521 1.869847 3.265049 4.704985 3.193000 1.998096 3.948357
[46] 3.780893 3.150381 3.922891 2.641905 3.915359

$Nboots
 [1] 452.9630 436.1111 471.2037 225.8333 333.8889 414.0278 690.0463 663.3796 431.6667
[10] 285.2315 436.4815 381.4815 518.6111 431.2963 393.9352 657.6389 357.4074 761.1111
[19] 486.6667 590.0926 474.7685 496.5278 518.9815 538.9352 381.8056 324.4907 634.3056
[28] 469.7685 402.1296 290.6019 599.0278 464.5370 243.4259 486.2500 328.7037 343.3796
[37] 429.1204 563.1019 328.3796 294.2593 545.9722 764.6759 482.7778 288.3796 646.9444
[46] 612.5463 494.0278 587.4074 388.7500 629.4907

$julians
[1] 2040 2085 2122 2143 2192 2232 2278 2283 2362

$intdays
[1] 45 37 21 49 40 46  5 79 43

$Pintsampest
[1] 62.12501313 26.28604624  0.15428553  0.43387313  0.20731789  0.05126593  0.03476753
[8] 43.59098288 41.56136993

$Pintboots
          [,1]     [,2]       [,3]       [,4]      [,5]       [,6]       [,7]     [,8]
 [1,] 68.80398 24.94268 0.17302953 0.54541639 0.2073179 0.05126593 0.03476753 52.38705
 [2,] 52.28279 23.88881 0.15428553 0.80558090 0.4146358 0.05126593 0.03635257 47.72752
 [3,] 57.81842 28.58925 0.14870933 0.95420215 0.6219537 0.10253186 0.03871291 38.40746
 [4,] 34.35328 16.06561 0.13832963 0.38449524 0.2073179 0.00000000 0.02923711 31.01459
 [5,] 50.48281 17.56213 0.17860574 0.95420215 0.6219537 0.10253186 0.04029794 33.72337
 [6,] 61.26978 20.67201 0.21888184 0.59479429 0.2073179 0.00000000 0.02923711 63.91645
 [7,] 83.15856 51.47450 0.16264984 0.64465975 0.4146358 0.10253186 0.04188298 31.04025
 [8,] 88.70199 48.31412 0.20292594 0.70682512 0.4146358 0.10253186 0.03871291 39.45445
 [9,] 65.77135 25.26387 0.07853682 0.00000000 0.0000000 0.00000000 0.03082215 45.13631
[10,] 44.40239 19.14288 0.24599014 0.43387313 0.2073179 0.10253186 0.04188298 39.97844
[11,] 69.12668 26.32879 0.12996533 0.58249438 0.4146358 0.05126593 0.03476753 21.74586
[12,] 50.73944 21.63960 0.10564512 0.69403764 0.4146358 0.05126593 0.03476753 14.32733
[13,] 66.04943 35.58011 0.10564512 0.43387313 0.2073179 0.05126593 0.03635257 27.40205
[14,] 60.92210 25.13387 0.12996533 0.32232987 0.2073179 0.10253186 0.04029794 28.42338
[15,] 66.70579 19.53079 0.16822604 0.50882598 0.2073179 0.05126593 0.03476753 41.47245
[16,] 88.57905 35.14977 0.08968923 0.90482426 0.6219537 0.00000000 0.03082215 63.94211
[17,] 55.56728 12.34553 0.15428553 0.69403764 0.4146358 0.15379779 0.04582836 24.33707
[18,] 97.09586 48.32778 0.12438912 0.69403764 0.4146358 0.05126593 0.03318249 50.98385
[19,] 76.12978 30.58877 0.05700472 0.58249438 0.4146358 0.05126593 0.03318249 29.46927
[20,] 80.14828 39.82851 0.09728082 0.63187227 0.4146358 0.10253186 0.04188298 42.09698
[21,] 74.60542 29.54345 0.14111774 0.54541639 0.2073179 0.15379779 0.04582836 26.90372
[22,] 69.35166 23.87598 0.17581763 0.12433074 0.0000000 0.10253186 0.03871291 52.50351
[23,] 75.10229 37.20360 0.17024143 0.37170777 0.2073179 0.00000000 0.03082215 38.31666
[24,] 70.52485 34.76185 0.27031035 0.54541639 0.2073179 0.00000000 0.02923711 61.32524
[25,] 58.69758 24.78098 0.10843323 0.38449524 0.2073179 0.05126593 0.03318249 14.30167
[26,] 58.15916 18.74726 0.24877825 0.60758176 0.2073179 0.05126593 0.03635257 38.45878
[27,] 72.22597 40.51741 0.05979282 0.37170777 0.2073179 0.05126593 0.03476753 70.26342
[28,] 49.57254 27.42665 0.20013784 0.38449524 0.2073179 0.05126593 0.03476753 73.18518
[29,] 69.38052 20.67266 0.15428553 0.32232987 0.2073179 0.00000000 0.02923711 33.13313
[30,] 51.08400 18.79000 0.17024143 0.63187227 0.4146358 0.05126593 0.03635257 23.29118
[31,] 76.19401 37.97860 0.13275343 0.38449524 0.2073179 0.10253186 0.04029794 32.20371
[32,] 49.59057 21.76783 0.10285702 0.26016451 0.2073179 0.10253186 0.04188298 78.03816
[33,] 30.02492 12.85221 0.27867466 0.24866147 0.0000000 0.00000000 0.02923711 36.91346
[34,] 65.17360 30.12548 0.11958563 0.49603850 0.2073179 0.05126593 0.03476753 63.91645
[35,] 51.05081 15.92706 0.12996533 0.06216537 0.0000000 0.00000000 0.02923711 18.10766
[36,] 57.90092 22.76683 0.13275343 0.11154326 0.0000000 0.10253186 0.04188298 34.67845
[37,] 53.57978 24.99648 0.12717723 0.37170777 0.2073179 0.00000000 0.02923711 32.53426
[38,] 79.39265 34.94407 0.11958563 0.23587399 0.0000000 0.15379779 0.04582836 23.26552
[39,] 49.26006 16.97177 0.26752225 0.22308652 0.0000000 0.05126593 0.03318249 44.75444
[40,] 47.16978 15.47712 0.15149743 0.64465975 0.4146358 0.00000000 0.03082215 18.13332
[41,] 73.69411 35.76150 0.15428553 0.43387313 0.2073179 0.05126593 0.03476753 21.74586
[42,] 91.39350 42.21515 0.10564512 0.32232987 0.2073179 0.00000000 0.02923711 80.60371
[43,] 74.75097 25.23093 0.16264984 0.49603850 0.2073179 0.05126593 0.03635257 47.72752
[44,] 51.06283 12.81862 0.29741866 0.71912502 0.2073179 0.05126593 0.03318249 30.65839
[45,] 92.17392 38.50423 0.15428553 0.06216537 0.0000000 0.05126593 0.03318249 37.33591
[46,] 79.39265 35.00016 0.09728082 0.11154326 0.0000000 0.10253186 0.03871291 57.66138
[47,] 65.64664 28.05976 0.24877825 0.59479429 0.2073179 0.05126593 0.03318249 48.72319
[48,] 82.35780 31.41924 0.15428553 0.18649610 0.0000000 0.00000000 0.02923711 80.60371
[49,] 58.32441 30.62171 0.04864041 0.26016451 0.2073179 0.05126593 0.03635257 30.56758
[50,] 94.35839 40.00126 0.12438912 0.43387313 0.2073179 0.00000000 0.03082215 30.70970
          [,9]
 [1,] 47.15105
 [2,] 37.99032
 [3,] 38.09037
 [4,] 24.86787
 [5,] 33.30924
 [6,] 46.69955
 [7,] 48.18037
 [8,] 53.12359
 [9,] 43.72427
[10,] 32.11265
[11,] 38.94354
[12,] 28.13884
[13,] 39.01760
[14,] 36.84791
[15,] 43.17066
[16,] 59.74727
[17,] 33.17577
[18,] 60.27806
[19,] 44.39528
[20,] 49.76014
[21,] 42.96726
[22,] 47.44435
[23,] 46.31898
[24,] 50.41192
[25,] 31.93201
[26,] 38.26708
[27,] 53.66336
[28,] 43.64321
[29,] 42.17220
[30,] 30.74950
[31,] 45.17215
[32,] 44.97613
[33,] 24.41072
[34,] 48.56370
[35,] 29.31913
[36,] 37.11216
[37,] 34.46361
[38,] 44.26044
[39,] 35.73559
[40,] 27.47287
[41,] 41.12458
[42,] 65.63797
[43,] 48.71933
[44,] 32.74981
[45,] 54.20339
[46,] 53.64665
[47,] 44.64353
[48,] 61.32324
[49,] 36.19258
[50,] 53.43831

$Bdatesampinfo
      DATE JULIAN N        Mean       Stdev
1 08/02/11   2040 5 11.94764887  8.42863627
2 09/16/11   2085 6 12.19551176 12.11944622
3 10/23/11   2122 5  0.06935265  0.08390623
4 11/13/11   2143 5  0.06468598  0.09263292
5 01/01/12   2192 5  0.07155028  0.15999129
6 02/10/12   2232 4  0.00000000  0.00000000
7 03/27/12   2278 5  0.02000644  0.04473576
8 04/01/12   2283 2  0.11169886  0.01649916
9 06/19/12   2362 5  9.15347714  9.37268392

$Ndatesampinfo
      DATE JULIAN N        Mean       Stdev
1 08/02/11   2040 5 1806.666667 1406.984342
2 09/16/11   2085 6 1968.518519 2187.274268
3 10/23/11   2122 5   11.111111   11.111111
4 11/13/11   2143 5    8.888889   12.171612
5 01/01/12   2192 5    6.666667   14.907120
6 02/10/12   2232 4    0.000000    0.000000
7 03/27/12   2278 5    2.222222    4.969040
8 04/01/12   2283 2   16.666667    7.856742
9 06/19/12   2362 5 1386.666667 1216.283552

$Bdateboots
           [,1]      [,2]       [,3]       [,4]       [,5] [,6]       [,7]      [,8]
 [1,] 15.435299 11.166316 0.04001288 0.10469886 0.07155028    0 0.02000644 0.1116989
 [2,]  9.469895 11.491995 0.02933977 0.10469886 0.14310056    0 0.02000644 0.1233655
 [3,]  9.469895 13.636019 0.06001931 0.06468598 0.21465083    0 0.04001288 0.1000322
 [4,]  5.787829  6.499598 0.07868598 0.04934621 0.07155028    0 0.00000000 0.1116989
 [5,] 10.937753  7.562532 0.08935909 0.06468598 0.21465083    0 0.04001288 0.1116989
 [6,] 13.382280  9.380613 0.06001931 0.12003863 0.07155028    0 0.00000000 0.1116989
 [7,]  7.810296 25.101090 0.09869242 0.04934621 0.14310056    0 0.04001288 0.1233655
 [8,] 12.175292 22.627980 0.10003219 0.07401931 0.14310056    0 0.04001288 0.1000322
 [9,] 12.571389 11.784200 0.06935265 0.00000000 0.00000000    0 0.00000000 0.1233655
[10,]  7.843523  7.888475 0.14004507 0.06468598 0.07155028    0 0.04001288 0.1233655
[11,] 14.392176 12.195512 0.08935909 0.02467310 0.14310056    0 0.02000644 0.1116989
[12,] 10.479790 10.446954 0.02933977 0.06468598 0.14310056    0 0.02000644 0.1116989
[13,]  9.275479 16.776861 0.02933977 0.06468598 0.07155028    0 0.02000644 0.1233655
[14,] 12.142065 11.750462 0.08935909 0.02467310 0.07155028    0 0.04001288 0.1116989
[15,] 15.632391  8.385156 0.05867954 0.09869242 0.07155028    0 0.02000644 0.1116989
[16,] 18.301885 16.862230 0.03867310 0.04934621 0.21465083    0 0.00000000 0.1233655
[17,] 17.061670  5.865605 0.06935265 0.06468598 0.14310056    0 0.06001931 0.1116989
[18,] 15.662942 23.210029 0.04001288 0.06468598 0.14310056    0 0.02000644 0.1000322
[19,] 15.857358 13.910332 0.02933977 0.02467310 0.14310056    0 0.02000644 0.1000322
[20,] 13.412831 18.457943 0.04001288 0.04001288 0.14310056    0 0.04001288 0.1233655
[21,] 15.629715 13.499020 0.02800000 0.10469886 0.07155028    0 0.06001931 0.1116989
[22,] 17.094897 10.721266 0.10003219 0.04934621 0.00000000    0 0.04001288 0.1000322
[23,] 11.947649 17.102804 0.10003219 0.04001288 0.07155028    0 0.00000000 0.1233655
[24,] 10.548921 16.365549 0.12003863 0.10469886 0.07155028    0 0.00000000 0.1116989
[25,] 10.515694 11.869569 0.04934621 0.04934621 0.07155028    0 0.02000644 0.1000322
[26,] 12.765805  8.007582 0.08002575 0.12937196 0.07155028    0 0.02000644 0.1233655
[27,]  9.469895 18.988361 0.01866667 0.04001288 0.07155028    0 0.02000644 0.1116989
[28,]  7.253011 12.606824 0.12003863 0.04934621 0.07155028    0 0.02000644 0.1116989
[29,] 16.869930  9.533458 0.10936552 0.02467310 0.07155028    0 0.00000000 0.1116989
[30,] 10.288050  8.007582 0.10003219 0.04001288 0.14310056    0 0.02000644 0.1233655
[31,] 11.980876 18.217368 0.06935265 0.04934621 0.07155028    0 0.04001288 0.1116989
[32,]  9.469895 10.446954 0.08935909 0.00000000 0.07155028    0 0.04001288 0.1233655
[33,]  5.560185  5.933081 0.14004507 0.09869242 0.00000000    0 0.00000000 0.1116989
[34,] 10.515694 13.995700 0.02800000 0.08935909 0.07155028    0 0.02000644 0.1116989
[35,] 13.151961  7.202851 0.08935909 0.02467310 0.00000000    0 0.00000000 0.1116989
[36,] 11.947649  9.654925 0.07868598 0.04001288 0.00000000    0 0.04001288 0.1233655
[37,]  9.503122 11.903307 0.06935265 0.04001288 0.07155028    0 0.00000000 0.1116989
[38,] 14.197760 16.828492 0.02800000 0.08935909 0.00000000    0 0.06001931 0.1116989
[39,] 10.676882  7.030017 0.14004507 0.08002575 0.00000000    0 0.02000644 0.1000322
[40,] 10.288050  7.288220 0.08002575 0.04934621 0.14310056    0 0.00000000 0.1233655
[41,] 12.142065 17.361007 0.06935265 0.06468598 0.07155028    0 0.02000644 0.1116989
[42,] 17.094897 20.553479 0.06935265 0.02467310 0.07155028    0 0.00000000 0.1116989
[43,] 16.675514 11.784200 0.05867954 0.08935909 0.07155028    0 0.02000644 0.1233655
[44,] 12.765805  5.780236 0.08002575 0.16938484 0.07155028    0 0.02000644 0.1000322
[45,] 18.107469 18.132000 0.10936552 0.02467310 0.00000000    0 0.02000644 0.1000322
[46,] 14.197760 16.828492 0.04001288 0.04001288 0.00000000    0 0.04001288 0.1000322
[47,] 13.185188 13.139339 0.08935909 0.12003863 0.07155028    0 0.02000644 0.1000322
[48,] 16.869930 14.440750 0.06001931 0.07401931 0.00000000    0 0.00000000 0.1116989
[49,]  7.810296 13.910332 0.04001288 0.00000000 0.07155028    0 0.02000644 0.1233655
[50,] 18.301885 18.491681 0.04001288 0.06468598 0.07155028    0 0.00000000 0.1233655
           [,9]
 [1,] 10.581002
 [2,] 10.118163
 [3,]  8.166692
 [4,]  6.653594
 [5,]  7.853357
 [6,] 13.058786
 [7,]  6.653594
 [8,]  8.188792
 [9,]  9.699522
[10,]  8.712737
[11,]  4.702124
[12,]  3.189025
[13,]  6.212854
[14,]  6.234954
[15,]  9.258782
[16,] 13.058786
[17,]  5.120764
[18,] 10.666575
[19,]  6.107549
[20,]  8.607432
[21,]  5.688909
[22,] 11.212620
[23,]  7.535074
[24,] 12.640145
[25,]  3.189025
[26,]  8.166692
[27,] 14.699288
[28,] 15.010256
[29,]  6.548289
[30,]  5.248169
[31,]  7.307312
[32,] 16.104714
[33,]  7.620647
[34,] 13.058786
[35,]  4.261384
[36,]  7.094334
[37,]  7.199639
[38,]  5.248169
[39,]  9.807195
[40,]  4.261384
[41,]  4.702124
[42,] 16.523354
[43,] 10.118163
[44,]  6.761267
[45,]  8.294097
[46,] 12.199405
[47,] 10.140262
[48,] 16.523354
[49,]  6.129648
[50,]  6.761267

$Ndateboots
           [,1]      [,2]      [,3]      [,4]      [,5] [,6]     [,7]     [,8]
 [1,] 2344.4444 1714.8148  4.444444 13.333333  6.666667    0 2.222222 16.66667
 [2,] 1517.7778 1894.4444  6.666667 13.333333 13.333333    0 2.222222 22.22222
 [3,] 1517.7778 2318.5185  6.666667  8.888889 20.000000    0 4.444444 11.11111
 [4,]  882.2222  766.6667 15.555556  8.888889  6.666667    0 0.000000 16.66667
 [5,] 1557.7778 1011.1111 13.333333  8.888889 20.000000    0 4.444444 16.66667
 [6,] 1868.8889 1466.6667  6.666667 13.333333  6.666667    0 0.000000 16.66667
 [7,] 1020.0000 4392.5926 17.777778  8.888889 13.333333    0 4.444444 22.22222
 [8,] 1882.2222 3703.7037 11.111111 13.333333 13.333333    0 4.444444 11.11111
 [9,] 1500.0000 1872.2222 11.111111  0.000000  0.000000    0 0.000000 22.22222
[10,]  997.7778  979.6296 15.555556  8.888889  6.666667    0 4.444444 22.22222
[11,] 2117.7778 1968.5185 13.333333  4.444444 13.333333    0 2.222222 16.66667
[12,] 1766.6667 1796.2963  6.666667  8.888889 13.333333    0 2.222222 16.66667
[13,] 1420.0000 2788.8889  6.666667  8.888889  6.666667    0 2.222222 22.22222
[14,] 1904.4444 1881.4815 13.333333  4.444444  6.666667    0 4.444444 16.66667
[15,] 2082.2222 1203.7037 13.333333 17.777778  6.666667    0 2.222222 16.66667
[16,] 2828.8889 2916.6667 11.111111  8.888889 20.000000    0 0.000000 22.22222
[17,] 2864.4444  975.9259 11.111111  8.888889 13.333333    0 6.666667 16.66667
[18,] 2420.0000 4055.5556  4.444444  8.888889 13.333333    0 2.222222 11.11111
[19,] 2517.7778 2150.0000  6.666667  4.444444 13.333333    0 2.222222 11.11111
[20,] 2206.6667 2979.6296  4.444444  4.444444 13.333333    0 4.444444 22.22222
[21,] 2442.2222 2053.7037 13.333333 13.333333  6.666667    0 6.666667 16.66667
[22,] 2842.2222 1627.7778 11.111111  8.888889  0.000000    0 4.444444 11.11111
[23,] 1806.6667 2757.4074 11.111111  4.444444  6.666667    0 0.000000 22.22222
[24,] 1362.2222 2692.5926 13.333333 13.333333  6.666667    0 0.000000 16.66667
[25,] 1384.4444 2000.0000  8.888889  8.888889  6.666667    0 2.222222 11.11111
[26,] 1597.7778 1098.1481  8.888889 17.777778  6.666667    0 2.222222 22.22222
[27,] 1517.7778 3194.4444  8.888889  4.444444  6.666667    0 2.222222 16.66667
[28,] 1282.2222 2064.8148 13.333333  8.888889  6.666667    0 2.222222 16.66667
[29,] 2406.6667 1575.9259 15.555556  4.444444  6.666667    0 0.000000 16.66667
[30,] 1308.8889 1098.1481 11.111111  4.444444 13.333333    0 2.222222 22.22222
[31,] 1784.4444 3138.8889 11.111111  8.888889  6.666667    0 4.444444 16.66667
[32,] 1517.7778 1796.2963 13.333333  0.000000  6.666667    0 4.444444 22.22222
[33,]  806.6667  957.4074 15.555556 17.777778  0.000000    0 0.000000 16.66667
[34,] 1384.4444 2277.7778 13.333333 13.333333  6.666667    0 2.222222 16.66667
[35,] 2153.3333 1051.8519 13.333333  4.444444  0.000000    0 0.000000 16.66667
[36,] 1806.6667 1298.1481 15.555556  4.444444  0.000000    0 4.444444 22.22222
[37,] 1495.5556 1990.7407 11.111111  4.444444  6.666667    0 0.000000 16.66667
[38,] 2020.0000 2925.9259 13.333333 13.333333  0.000000    0 6.666667 16.66667
[39,] 1504.4444  981.4815 15.555556  8.888889  0.000000    0 2.222222 11.11111
[40,] 1308.8889 1179.6296  8.888889  8.888889 13.333333    0 0.000000 22.22222
[41,] 1904.4444 2955.5556 11.111111  8.888889  6.666667    0 2.222222 16.66667
[42,] 2842.2222 3562.9630 11.111111  4.444444  6.666667    0 0.000000 16.66667
[43,] 2308.8889 1872.2222 13.333333 13.333333  6.666667    0 2.222222 22.22222
[44,] 1597.7778  848.1481  8.888889 22.222222  6.666667    0 2.222222 11.11111
[45,] 2731.1111 3011.1111 15.555556  4.444444  0.000000    0 2.222222 11.11111
[46,] 2020.0000 2925.9259  4.444444  4.444444  0.000000    0 4.444444 11.11111
[47,] 2131.1111 2094.4444 13.333333 13.333333  6.666667    0 2.222222 11.11111
[48,] 2406.6667 2364.8148  6.666667 13.333333  0.000000    0 0.000000 16.66667
[49,] 1020.0000 2150.0000  4.444444  0.000000  6.666667    0 2.222222 22.22222
[50,] 2828.8889 2970.3704  4.444444  8.888889  6.666667    0 0.000000 22.22222
           [,9]
 [1,] 1386.6667
 [2,] 1555.5556
 [3,] 1282.2222
 [4,] 1102.2222
 [5,] 1635.5556
 [6,] 1735.5556
 [7,] 1102.2222
 [8,] 1217.7778
 [9,] 1595.5556
[10,] 1491.1111
[11,]  828.8889
[12,]  648.8889
[13,] 1206.6667
[14,] 1142.2222
[15,] 1700.0000
[16,] 1735.5556
[17,]  788.8889
[18,] 1566.6667
[19,]  893.3333
[20,] 1177.7778
[21,]  933.3333
[22,] 1775.5556
[23,]  893.3333
[24,] 1775.5556
[25,]  648.8889
[26,] 1282.2222
[27,] 2164.4444
[28,] 2008.8889
[29,]  788.8889
[30,] 1037.7778
[31,] 1426.6667
[32,] 2228.8889
[33,] 1073.3333
[34,] 1735.5556
[35,]  933.3333
[36,]  997.7778
[37,] 1311.1111
[38,] 1037.7778
[39,] 1711.1111
[40,]  933.3333
[41,]  828.8889
[42,] 2188.8889
[43,] 1555.5556
[44,] 1217.7778
[45,] 1531.1111
[46,] 1880.0000
[47,] 1491.1111
[48,] 2188.8889
[49,]  828.8889
[50,] 1217.7778

