$totdays
[1] 365

$Psampest
[1] 2.72666

$Pbootest
     Mean      2.5%       50%     97.5% 
 6.982940  0.139054  5.820023 13.638570 

$Pboots
 [1]  0.6180177  4.8929966 11.2189245  2.7266603  3.3446780 10.6573203 12.7659629
 [8]  2.7266603 10.6573203 12.1479452  0.6180177 11.5299276 14.2565879 12.7659629
[15]  4.8929966 11.2189245 13.3839806  3.4023716  1.8540530  1.2360353  6.1290319
[22]  4.8353029  2.7843539  5.5110142 11.5299276  4.8929966  5.5110142  2.7843539
[29]  5.5110142 12.1479452 12.1479452  4.0203893  0.6180177  7.6196569 10.6573203
[36]  2.7843539  0.6180177  0.6180177 12.1479452  0.6180177 13.6385702 11.8933556
[43] 13.6385702  7.0016392  9.4212849  0.0000000  0.0000000 12.7659629  8.2376745
[50] 12.1479452

$Bboots
 [1] 0.01761097 0.11328905 0.32107392 0.08687259 0.10448356 0.20837600 0.27763763
 [8] 0.08687259 0.20837600 0.26002666 0.01761097 0.24241569 0.32928828 0.27763763
[15] 0.11328905 0.32107392 0.29524860 0.06163840 0.05283291 0.03522194 0.14851099
[22] 0.15613422 0.04402743 0.13090002 0.24241569 0.11328905 0.13090002 0.04402743
[29] 0.13090002 0.26002666 0.26002666 0.07924937 0.01761097 0.20016164 0.20837600
[36] 0.04402743 0.01761097 0.01761097 0.26002666 0.01761097 0.31167731 0.24359794
[43] 0.31167731 0.18255067 0.17315406 0.00000000 0.00000000 0.27763763 0.21777261
[50] 0.26002666

$Nboots
 [1]  2.777778 15.833333 42.500000 11.666667 14.444444 27.777778 36.666667 11.666667
 [9] 27.777778 33.888889  2.777778 31.111111 42.777778 36.666667 15.833333 42.500000
[17] 39.444444  9.722222  8.333333  5.555556 21.388889 20.555556  6.944444 18.611111
[25] 31.111111 15.833333 18.611111  6.944444 18.611111 33.888889 33.888889 12.500000
[33]  2.777778 27.500000 27.777778  6.944444  2.777778  2.777778 33.888889  2.777778
[41] 40.000000 33.333333 40.000000 24.722222 22.222222  0.000000  0.000000 36.666667
[49] 30.277778 33.888889

$julians
[1] 2040 2085 2122 2143 2192 2232 2278 2283 2362

$intdays
[1] 45 37 21 49 40 46  5 79 43

$Pintsampest
[1] 0.0000000 0.0000000 0.9065727 1.8200876 0.0000000 0.0000000 0.0000000 0.0000000
[9] 0.0000000

$Pintboots
          [,1] [,2]      [,3]      [,4] [,5] [,6] [,7] [,8]      [,9]
 [1,] 0.000000    0 0.2033613 0.4146564    0    0    0    0 0.0000000
 [2,] 1.886916    0 0.7032114 1.4054312    0    0    0    0 0.8974375
 [3,] 1.886916    0 2.8128456 5.6217250    0    0    0    0 0.8974375
 [4,] 0.000000    0 0.9065727 1.8200876    0    0    0    0 0.0000000
 [5,] 0.000000    0 1.1099340 2.2347440    0    0    0    0 0.0000000
 [6,] 6.386189    0 0.4067226 0.8293127    0    0    0    0 3.0350964
 [7,] 6.386189    0 1.1099340 2.2347440    0    0    0    0 3.0350964
 [8,] 0.000000    0 0.9065727 1.8200876    0    0    0    0 0.0000000
 [9,] 6.386189    0 0.4067226 0.8293127    0    0    0    0 3.0350964
[10,] 6.386189    0 0.9065727 1.8200876    0    0    0    0 3.0350964
[11,] 0.000000    0 0.2033613 0.4146564    0    0    0    0 0.0000000
[12,] 6.386189    0 0.7032114 1.4054312    0    0    0    0 3.0350964
[13,] 6.386189    0 1.6097841 3.2255189    0    0    0    0 3.0350964
[14,] 6.386189    0 1.1099340 2.2347440    0    0    0    0 3.0350964
[15,] 1.886916    0 0.7032114 1.4054312    0    0    0    0 0.8974375
[16,] 1.886916    0 2.8128456 5.6217250    0    0    0    0 0.8974375
[17,] 6.386189    0 1.3132953 2.6494003    0    0    0    0 3.0350964
[18,] 1.886916    0 0.2033613 0.4146564    0    0    0    0 0.8974375
[19,] 0.000000    0 0.6100839 1.2439691    0    0    0    0 0.0000000
[20,] 0.000000    0 0.4067226 0.8293127    0    0    0    0 0.0000000
[21,] 1.886916    0 1.1099340 2.2347440    0    0    0    0 0.8974375
[22,] 0.000000    0 1.6097841 3.2255189    0    0    0    0 0.0000000
[23,] 1.886916    0 0.0000000 0.0000000    0    0    0    0 0.8974375
[24,] 1.886916    0 0.9065727 1.8200876    0    0    0    0 0.8974375
[25,] 6.386189    0 0.7032114 1.4054312    0    0    0    0 3.0350964
[26,] 1.886916    0 0.7032114 1.4054312    0    0    0    0 0.8974375
[27,] 1.886916    0 0.9065727 1.8200876    0    0    0    0 0.8974375
[28,] 1.886916    0 0.0000000 0.0000000    0    0    0    0 0.8974375
[29,] 1.886916    0 0.9065727 1.8200876    0    0    0    0 0.8974375
[30,] 6.386189    0 0.9065727 1.8200876    0    0    0    0 3.0350964
[31,] 6.386189    0 0.9065727 1.8200876    0    0    0    0 3.0350964
[32,] 1.886916    0 0.4067226 0.8293127    0    0    0    0 0.8974375
[33,] 0.000000    0 0.2033613 0.4146564    0    0    0    0 0.0000000
[34,] 1.886916    0 1.6097841 3.2255189    0    0    0    0 0.8974375
[35,] 6.386189    0 0.4067226 0.8293127    0    0    0    0 3.0350964
[36,] 1.886916    0 0.0000000 0.0000000    0    0    0    0 0.8974375
[37,] 0.000000    0 0.2033613 0.4146564    0    0    0    0 0.0000000
[38,] 0.000000    0 0.2033613 0.4146564    0    0    0    0 0.0000000
[39,] 6.386189    0 0.9065727 1.8200876    0    0    0    0 3.0350964
[40,] 0.000000    0 0.2033613 0.4146564    0    0    0    0 0.0000000
[41,] 6.386189    0 1.4064228 2.8108625    0    0    0    0 3.0350964
[42,] 6.386189    0 0.8134452 1.6586254    0    0    0    0 3.0350964
[43,] 6.386189    0 1.4064228 2.8108625    0    0    0    0 3.0350964
[44,] 1.886916    0 1.4064228 2.8108625    0    0    0    0 0.8974375
[45,] 6.386189    0 0.0000000 0.0000000    0    0    0    0 3.0350964
[46,] 0.000000    0 0.0000000 0.0000000    0    0    0    0 0.0000000
[47,] 0.000000    0 0.0000000 0.0000000    0    0    0    0 0.0000000
[48,] 6.386189    0 1.1099340 2.2347440    0    0    0    0 3.0350964
[49,] 1.886916    0 1.8131454 3.6401752    0    0    0    0 0.8974375
[50,] 6.386189    0 0.9065727 1.8200876    0    0    0    0 3.0350964

$Bdatesampinfo
      DATE JULIAN N      Mean    Stdev
1 08/02/11   2040 1 0.0000000       NA
2 09/16/11   2085 6 0.0000000 0.000000
3 10/23/11   2122 5 0.0000000 0.000000
4 11/13/11   2143 5 0.6949808 1.199658
5 01/01/12   2192 5 0.0000000 0.000000
6 02/10/12   2232 4 0.0000000 0.000000
7 03/27/12   2278 5 0.0000000 0.000000
8 04/01/12   2283 2 0.0000000 0.000000
9 06/19/12   2362 5 0.0000000 0.000000

$Ndatesampinfo
      DATE JULIAN N     Mean    Stdev
1 08/02/11   2040 1  0.00000       NA
2 09/16/11   2085 6  0.00000   0.0000
3 10/23/11   2122 5  0.00000   0.0000
4 11/13/11   2143 5 93.33333 154.2805
5 01/01/12   2192 5  0.00000   0.0000
6 02/10/12   2232 4  0.00000   0.0000
7 03/27/12   2278 5  0.00000   0.0000
8 04/01/12   2283 2  0.00000   0.0000
9 06/19/12   2362 5  0.00000   0.0000

$Bdateboots
           [,1] [,2] [,3]      [,4] [,5] [,6] [,7] [,8] [,9]
 [1,] 0.0000000    0    0 0.1408878    0    0    0    0    0
 [2,] 0.7044388    0    0 0.5540930    0    0    0    0    0
 [3,] 0.7044388    0    0 2.2163720    0    0    0    0    0
 [4,] 0.0000000    0    0 0.6949808    0    0    0    0    0
 [5,] 0.0000000    0    0 0.8358685    0    0    0    0    0
 [6,] 2.7704650    0    0 0.2817755    0    0    0    0    0
 [7,] 2.7704650    0    0 0.8358685    0    0    0    0    0
 [8,] 0.0000000    0    0 0.6949808    0    0    0    0    0
 [9,] 2.7704650    0    0 0.2817755    0    0    0    0    0
[10,] 2.7704650    0    0 0.6949808    0    0    0    0    0
[11,] 0.0000000    0    0 0.1408878    0    0    0    0    0
[12,] 2.7704650    0    0 0.5540930    0    0    0    0    0
[13,] 2.7704650    0    0 1.2490738    0    0    0    0    0
[14,] 2.7704650    0    0 0.8358685    0    0    0    0    0
[15,] 0.7044388    0    0 0.5540930    0    0    0    0    0
[16,] 0.7044388    0    0 2.2163720    0    0    0    0    0
[17,] 2.7704650    0    0 0.9767563    0    0    0    0    0
[18,] 0.7044388    0    0 0.1408878    0    0    0    0    0
[19,] 0.0000000    0    0 0.4226633    0    0    0    0    0
[20,] 0.0000000    0    0 0.2817755    0    0    0    0    0
[21,] 0.7044388    0    0 0.8358685    0    0    0    0    0
[22,] 0.0000000    0    0 1.2490738    0    0    0    0    0
[23,] 0.7044388    0    0 0.0000000    0    0    0    0    0
[24,] 0.7044388    0    0 0.6949808    0    0    0    0    0
[25,] 2.7704650    0    0 0.5540930    0    0    0    0    0
[26,] 0.7044388    0    0 0.5540930    0    0    0    0    0
[27,] 0.7044388    0    0 0.6949808    0    0    0    0    0
[28,] 0.7044388    0    0 0.0000000    0    0    0    0    0
[29,] 0.7044388    0    0 0.6949808    0    0    0    0    0
[30,] 2.7704650    0    0 0.6949808    0    0    0    0    0
[31,] 2.7704650    0    0 0.6949808    0    0    0    0    0
[32,] 0.7044388    0    0 0.2817755    0    0    0    0    0
[33,] 0.0000000    0    0 0.1408878    0    0    0    0    0
[34,] 0.7044388    0    0 1.2490738    0    0    0    0    0
[35,] 2.7704650    0    0 0.2817755    0    0    0    0    0
[36,] 0.7044388    0    0 0.0000000    0    0    0    0    0
[37,] 0.0000000    0    0 0.1408878    0    0    0    0    0
[38,] 0.0000000    0    0 0.1408878    0    0    0    0    0
[39,] 2.7704650    0    0 0.6949808    0    0    0    0    0
[40,] 0.0000000    0    0 0.1408878    0    0    0    0    0
[41,] 2.7704650    0    0 1.1081860    0    0    0    0    0
[42,] 2.7704650    0    0 0.5635510    0    0    0    0    0
[43,] 2.7704650    0    0 1.1081860    0    0    0    0    0
[44,] 0.7044388    0    0 1.1081860    0    0    0    0    0
[45,] 2.7704650    0    0 0.0000000    0    0    0    0    0
[46,] 0.0000000    0    0 0.0000000    0    0    0    0    0
[47,] 0.0000000    0    0 0.0000000    0    0    0    0    0
[48,] 2.7704650    0    0 0.8358685    0    0    0    0    0
[49,] 0.7044388    0    0 1.3899615    0    0    0    0    0
[50,] 2.7704650    0    0 0.6949808    0    0    0    0    0

$Ndateboots
          [,1] [,2] [,3]      [,4] [,5] [,6] [,7] [,8] [,9]
 [1,]   0.0000    0    0  22.22222    0    0    0    0    0
 [2,] 111.1111    0    0  71.11111    0    0    0    0    0
 [3,] 111.1111    0    0 284.44444    0    0    0    0    0
 [4,]   0.0000    0    0  93.33333    0    0    0    0    0
 [5,]   0.0000    0    0 115.55556    0    0    0    0    0
 [6,] 355.5556    0    0  44.44444    0    0    0    0    0
 [7,] 355.5556    0    0 115.55556    0    0    0    0    0
 [8,]   0.0000    0    0  93.33333    0    0    0    0    0
 [9,] 355.5556    0    0  44.44444    0    0    0    0    0
[10,] 355.5556    0    0  93.33333    0    0    0    0    0
[11,]   0.0000    0    0  22.22222    0    0    0    0    0
[12,] 355.5556    0    0  71.11111    0    0    0    0    0
[13,] 355.5556    0    0 164.44444    0    0    0    0    0
[14,] 355.5556    0    0 115.55556    0    0    0    0    0
[15,] 111.1111    0    0  71.11111    0    0    0    0    0
[16,] 111.1111    0    0 284.44444    0    0    0    0    0
[17,] 355.5556    0    0 137.77778    0    0    0    0    0
[18,] 111.1111    0    0  22.22222    0    0    0    0    0
[19,]   0.0000    0    0  66.66667    0    0    0    0    0
[20,]   0.0000    0    0  44.44444    0    0    0    0    0
[21,] 111.1111    0    0 115.55556    0    0    0    0    0
[22,]   0.0000    0    0 164.44444    0    0    0    0    0
[23,] 111.1111    0    0   0.00000    0    0    0    0    0
[24,] 111.1111    0    0  93.33333    0    0    0    0    0
[25,] 355.5556    0    0  71.11111    0    0    0    0    0
[26,] 111.1111    0    0  71.11111    0    0    0    0    0
[27,] 111.1111    0    0  93.33333    0    0    0    0    0
[28,] 111.1111    0    0   0.00000    0    0    0    0    0
[29,] 111.1111    0    0  93.33333    0    0    0    0    0
[30,] 355.5556    0    0  93.33333    0    0    0    0    0
[31,] 355.5556    0    0  93.33333    0    0    0    0    0
[32,] 111.1111    0    0  44.44444    0    0    0    0    0
[33,]   0.0000    0    0  22.22222    0    0    0    0    0
[34,] 111.1111    0    0 164.44444    0    0    0    0    0
[35,] 355.5556    0    0  44.44444    0    0    0    0    0
[36,] 111.1111    0    0   0.00000    0    0    0    0    0
[37,]   0.0000    0    0  22.22222    0    0    0    0    0
[38,]   0.0000    0    0  22.22222    0    0    0    0    0
[39,] 355.5556    0    0  93.33333    0    0    0    0    0
[40,]   0.0000    0    0  22.22222    0    0    0    0    0
[41,] 355.5556    0    0 142.22222    0    0    0    0    0
[42,] 355.5556    0    0  88.88889    0    0    0    0    0
[43,] 355.5556    0    0 142.22222    0    0    0    0    0
[44,] 111.1111    0    0 142.22222    0    0    0    0    0
[45,] 355.5556    0    0   0.00000    0    0    0    0    0
[46,]   0.0000    0    0   0.00000    0    0    0    0    0
[47,]   0.0000    0    0   0.00000    0    0    0    0    0
[48,] 355.5556    0    0 115.55556    0    0    0    0    0
[49,] 111.1111    0    0 186.66667    0    0    0    0    0
[50,] 355.5556    0    0  93.33333    0    0    0    0    0

