$totdays
[1] 365

$Psampest
[1] NA

$Pbootest
     Mean      2.5%       50%     97.5% 
0.1873992 0.0000000 0.0000000 1.6079587 

$Pboots
 [1] 0.00000000 0.00000000 0.12056113 0.31527980 0.16888657 0.00000000 0.00000000
 [8] 1.42098885 0.06703302 0.00000000 0.00000000 0.25563560 0.08698722 0.00000000
[15] 0.10394413 0.12678139 0.00000000 0.00000000 0.00000000 0.00000000 2.60458402
[22] 0.08766880 0.00000000 0.00000000 0.00000000 0.65948309 0.00000000 0.25643778
[29] 0.00000000 0.06884480 0.00000000 0.00000000 0.64970128 0.00000000 0.00000000
[36] 0.00000000 0.45449517 0.00000000 0.10751681 0.05467795 0.00000000 0.00000000
[43] 0.00000000 0.09821293 0.00000000 0.00000000 0.00000000 0.00000000 1.66224026
[50] 0.00000000

$Bboots
 [1] 0.00000000 0.00000000 0.02834732 0.09485628 0.06109824 0.00000000 0.00000000
 [8] 0.20765186 0.15654037 0.00000000 0.00000000 0.20133472 0.20313886 0.00000000
[15] 0.05657187 0.03920718 0.00000000 0.00000000 0.00000000 0.00000000 0.38061292
[22] 0.02711161 0.00000000 0.00000000 0.00000000 0.19334807 0.00000000 0.24575199
[29] 0.00000000 0.03746897 0.00000000 0.00000000 0.16642534 0.00000000 0.00000000
[36] 0.00000000 0.11642198 0.00000000 0.05851631 0.02975862 0.00000000 0.00000000
[43] 0.00000000 0.02309262 0.00000000 0.00000000 0.00000000 0.00000000 0.27754829
[50] 0.00000000

$Nboots
 [1]   0.000000   0.000000   9.027778  31.071429  18.865741   0.000000   0.000000
 [8]  58.796296  43.287037   0.000000   0.000000  61.574074  55.555556   0.000000
[15]  20.601852   9.474206   0.000000   0.000000   0.000000   0.000000 101.967593
[22]   9.953704   0.000000   0.000000   0.000000  28.058862   0.000000  73.564815
[29]   0.000000  13.657407   0.000000   0.000000   6.349206   0.000000   0.000000
[36]   0.000000   4.265873   0.000000  21.527778  12.268519   0.000000   0.000000
[43]   0.000000   8.333333   0.000000   0.000000   0.000000   0.000000  81.134259
[50]   0.000000

$julians
[1] 2040 2085 2122 2143 2192 2232 2278 2283 2362

$intdays
[1] 45 37 21 49 40 46  5 79 43

$Pintsampest
[1] NA NA NA NA NA NA NA NA NA

$Pintboots
           [,1]      [,2]       [,3]       [,4]      [,5]      [,6]       [,7]     [,8]
 [1,]        NA        NA         NA         NA        NA        NA         NA       NA
 [2,]        NA        NA         NA         NA        NA        NA         NA       NA
 [3,]        NA        NA         NA 0.12056113        NA        NA         NA       NA
 [4,]        NA 0.1680399         NA         NA 0.1472399        NA         NA       NA
 [5,]        NA        NA 0.06918977 0.09969680        NA        NA         NA       NA
 [6,]        NA        NA         NA         NA        NA        NA         NA       NA
 [7,]        NA        NA         NA         NA        NA        NA         NA       NA
 [8,]        NA        NA         NA         NA        NA        NA         NA 1.420989
 [9,]        NA        NA         NA         NA        NA        NA 0.06703302       NA
[10,]        NA        NA         NA         NA        NA        NA         NA       NA
[11,]        NA        NA         NA         NA        NA        NA         NA       NA
[12,]        NA        NA         NA         NA        NA 0.1899999 0.06563566       NA
[13,]        NA        NA         NA         NA        NA        NA 0.08698722       NA
[14,]        NA        NA         NA         NA        NA        NA         NA       NA
[15,]        NA        NA 0.10394413         NA        NA        NA         NA       NA
[16,]        NA 0.1267814         NA         NA        NA        NA         NA       NA
[17,]        NA        NA         NA         NA        NA        NA         NA       NA
[18,]        NA        NA         NA         NA        NA        NA         NA       NA
[19,]        NA        NA         NA         NA        NA        NA         NA       NA
[20,]        NA        NA         NA         NA        NA        NA         NA       NA
[21,]        NA        NA         NA         NA        NA        NA         NA 2.604584
[22,]        NA 0.0876688         NA         NA        NA        NA         NA       NA
[23,]        NA        NA         NA         NA        NA        NA         NA       NA
[24,]        NA        NA         NA         NA        NA        NA         NA       NA
[25,]        NA        NA         NA         NA        NA        NA         NA       NA
[26,] 0.3233720 0.1589370 0.06374219 0.11343187        NA        NA         NA       NA
[27,]        NA        NA         NA         NA        NA        NA         NA       NA
[28,]        NA        NA         NA         NA        NA 0.1695691 0.08686870       NA
[29,]        NA        NA         NA         NA        NA        NA         NA       NA
[30,]        NA        NA 0.06884480         NA        NA        NA         NA       NA
[31,]        NA        NA         NA         NA        NA        NA         NA       NA
[32,]        NA        NA         NA         NA        NA        NA         NA       NA
[33,] 0.6497013        NA         NA         NA        NA        NA         NA       NA
[34,]        NA        NA         NA         NA        NA        NA         NA       NA
[35,]        NA        NA         NA         NA        NA        NA         NA       NA
[36,]        NA        NA         NA         NA        NA        NA         NA       NA
[37,] 0.4544952        NA         NA         NA        NA        NA         NA       NA
[38,]        NA        NA         NA         NA        NA        NA         NA       NA
[39,]        NA        NA 0.10751681         NA        NA        NA         NA       NA
[40,]        NA        NA 0.05467795         NA        NA        NA         NA       NA
[41,]        NA        NA         NA         NA        NA        NA         NA       NA
[42,]        NA        NA         NA         NA        NA        NA         NA       NA
[43,]        NA        NA         NA         NA        NA        NA         NA       NA
[44,]        NA        NA         NA 0.09821293        NA        NA         NA       NA
[45,]        NA        NA         NA         NA        NA        NA         NA       NA
[46,]        NA        NA         NA         NA        NA        NA         NA       NA
[47,]        NA        NA         NA         NA        NA        NA         NA       NA
[48,]        NA        NA         NA         NA        NA        NA         NA       NA
[49,]        NA        NA 0.08701353         NA        NA        NA         NA 1.575227
[50,]        NA        NA         NA         NA        NA        NA         NA       NA
      [,9]
 [1,]   NA
 [2,]   NA
 [3,]   NA
 [4,]   NA
 [5,]   NA
 [6,]   NA
 [7,]   NA
 [8,]   NA
 [9,]   NA
[10,]   NA
[11,]   NA
[12,]   NA
[13,]   NA
[14,]   NA
[15,]   NA
[16,]   NA
[17,]   NA
[18,]   NA
[19,]   NA
[20,]   NA
[21,]   NA
[22,]   NA
[23,]   NA
[24,]   NA
[25,]   NA
[26,]   NA
[27,]   NA
[28,]   NA
[29,]   NA
[30,]   NA
[31,]   NA
[32,]   NA
[33,]   NA
[34,]   NA
[35,]   NA
[36,]   NA
[37,]   NA
[38,]   NA
[39,]   NA
[40,]   NA
[41,]   NA
[42,]   NA
[43,]   NA
[44,]   NA
[45,]   NA
[46,]   NA
[47,]   NA
[48,]   NA
[49,]   NA
[50,]   NA

$Bdatesampinfo
      DATE JULIAN N Mean Stdev
1 08/02/11   2040 3   NA    NA
2 09/16/11   2085 7   NA    NA
3 10/23/11   2122 6   NA    NA
4 11/13/11   2143 6   NA    NA
5 01/01/12   2192 6   NA    NA
6 02/10/12   2232 5   NA    NA
7 03/27/12   2278 6   NA    NA
8 04/01/12   2283 3   NA    NA
9 06/19/12   2362 6   NA    NA

$Ndatesampinfo
      DATE JULIAN N Mean Stdev
1 08/02/11   2040 3   NA    NA
2 09/16/11   2085 7   NA    NA
3 10/23/11   2122 6   NA    NA
4 11/13/11   2143 6   NA    NA
5 01/01/12   2192 6   NA    NA
6 02/10/12   2232 5   NA    NA
7 03/27/12   2278 6   NA    NA
8 04/01/12   2283 3   NA    NA
9 06/19/12   2362 6   NA    NA

$Bdateboots
           [,1]      [,2]      [,3]      [,4]       [,5]      [,6]      [,7]      [,8]
 [1,] 0.0000000 0.0000000 0.0000000 0.0000000 0.00000000 0.0000000 0.0000000 1.3301383
 [2,] 0.0000000 0.0000000 0.0000000 0.0000000 0.00000000 0.0000000 0.2755717 0.0000000
 [3,] 0.0000000 0.0000000 0.0000000 0.2361433 0.21741374 0.0000000 0.0000000 2.1501801
 [4,] 0.0000000 0.2626441 0.5688180 0.0000000 0.08890498 0.5973333 0.0000000 0.0000000
 [5,] 1.6001075 0.0000000 0.3163481 0.2861594 0.08890498 0.0000000 0.3783763 0.0000000
 [6,] 0.0000000 0.0000000 0.0000000 0.0000000 0.21906968 0.0000000 0.0000000 0.0000000
 [7,] 0.0000000 0.0000000 0.0000000 0.0000000 0.00000000 0.5600000 0.0000000 0.0000000
 [8,] 0.0000000 0.0000000 0.0000000 0.0000000 0.00000000 0.0000000 0.0000000 1.3301383
 [9,] 0.0000000 0.2626441 0.0000000 0.0000000 0.00000000 0.0000000 0.3544659 2.1501801
[10,] 1.6001075 0.0000000 0.0000000 0.0000000 0.22908041 0.0000000 0.3600483 0.0000000
[11,] 0.8000538 0.0000000 0.0000000 0.0000000 0.00000000 0.0000000 0.0000000 0.0000000
[12,] 0.0000000 0.0000000 0.3163481 0.0000000 0.00000000 0.4666667 0.3022544 2.1501801
[13,] 0.0000000 0.0000000 0.0000000 0.0000000 0.36813935 0.0000000 0.2800000 2.9702218
[14,] 0.0000000 0.0000000 0.0000000 0.0000000 0.00000000 0.2613333 0.0000000 1.3301383
[15,] 1.6001075 0.0000000 0.6568005 0.2483494 0.00000000 0.5786667 0.0000000 0.0000000
[16,] 0.0000000 0.2626441 0.3646707 0.0000000 0.00000000 0.0000000 0.0000000 0.0000000
[17,] 0.0000000 0.0000000 0.0000000 0.0000000 0.00000000 0.0000000 0.0000000 0.0000000
[18,] 1.6001075 0.0000000 0.0000000 0.0000000 0.00000000 0.0000000 0.3516935 0.0000000
[19,] 0.0000000 0.0000000 0.0000000 0.0000000 0.00000000 0.0000000 0.3317096 0.0000000
[20,] 0.0000000 0.5252883 0.0000000 0.2734138 0.00000000 0.5600000 0.0000000 0.0000000
[21,] 0.0000000 0.0000000 0.0000000 0.0000000 0.00000000 0.0000000 0.0000000 2.9702218
[22,] 0.0000000 0.0000000 0.4337858 0.0000000 0.38481138 0.0000000 0.0000000 0.0000000
[23,] 1.6001075 0.0000000 0.0000000 0.0000000 0.35924510 0.0000000 0.4050590 0.0000000
[24,] 0.0000000 0.0000000 0.0000000 0.3711755 0.00000000 0.0000000 0.0000000 0.5100966
[25,] 0.0000000 0.0000000 0.0000000 0.0000000 0.00000000 0.0000000 0.0000000 0.0000000
[26,] 0.8000538 0.5252883 0.2611326 0.2939372 0.13279924 0.0000000 0.0000000 0.0000000
[27,] 0.0000000 0.5252883 0.0000000 0.3211594 0.00000000 0.0000000 0.3600483 0.0000000
[28,] 0.0000000 0.5252883 0.0000000 0.0000000 0.00000000 0.4106667 0.2755717 2.9702218
[29,] 0.0000000 0.0000000 0.0000000 0.0000000 0.00000000 0.0000000 0.0000000 2.1501801
[30,] 0.0000000 0.0000000 0.2783441 0.3211594 0.00000000 0.0000000 0.0000000 0.0000000
[31,] 0.0000000 0.7879324 0.0000000 0.0000000 0.12001609 0.0000000 0.0000000 0.0000000
[32,] 0.0000000 0.5252883 0.0000000 0.3283977 0.00000000 0.0000000 0.0000000 0.0000000
[33,] 2.4001613 0.2626441 0.0000000 0.3339050 0.00000000 0.4480000 0.0000000 0.0000000
[34,] 0.0000000 0.0000000 0.0000000 0.0000000 0.00000000 0.0000000 0.4261594 0.0000000
[35,] 1.6001075 0.0000000 0.0000000 0.0000000 0.00000000 0.0000000 0.0000000 0.0000000
[36,] 0.0000000 0.0000000 0.0000000 0.0000000 0.00000000 0.0000000 0.0000000 0.0000000
[37,] 1.6001075 0.2626441 0.0000000 0.0000000 0.36813935 0.0000000 0.0000000 0.0000000
[38,] 0.0000000 0.0000000 0.0000000 0.3066828 0.00000000 0.6160000 0.0000000 0.0000000
[39,] 0.0000000 0.0000000 0.6723561 0.2639050 0.00000000 0.0000000 0.0000000 2.1501801
[40,] 0.0000000 0.0000000 0.1694552 0.3066828 0.00000000 0.0000000 0.0000000 0.0000000
[41,] 0.0000000 0.0000000 0.0000000 0.0000000 0.07612184 0.0000000 0.2444605 0.0000000
[42,] 0.8000538 0.0000000 0.0000000 0.0000000 0.00000000 0.0000000 0.3094552 0.0000000
[43,] 1.6001075 0.0000000 0.3389103 0.0000000 0.00000000 0.0000000 0.3472651 0.0000000
[44,] 0.0000000 0.5252883 0.0000000 0.3061433 0.06333870 0.0000000 0.0000000 0.0000000
[45,] 0.0000000 0.0000000 0.0000000 0.2711433 0.00000000 0.8773333 0.0000000 2.1501801
[46,] 0.0000000 0.0000000 0.0000000 0.0000000 0.07889425 0.0000000 0.0000000 0.0000000
[47,] 0.0000000 0.0000000 0.4096814 0.0000000 0.26019152 0.0000000 0.3472651 0.0000000
[48,] 0.0000000 0.0000000 0.0000000 0.0000000 0.23408577 0.0000000 0.0000000 0.0000000
[49,] 0.0000000 0.0000000 0.4943521 0.2633655 0.00000000 0.0000000 0.0000000 1.3301383
[50,] 0.0000000 0.0000000 0.5721298 0.0000000 0.00000000 0.0000000 0.0000000 1.3301383
           [,9]
 [1,] 0.0000000
 [2,] 0.0000000
 [3,] 0.0000000
 [4,] 0.0000000
 [5,] 0.0000000
 [6,] 2.5615725
 [7,] 0.0000000
 [8,] 1.9922915
 [9,] 0.0000000
[10,] 1.5875066
[11,] 0.0000000
[12,] 0.0000000
[13,] 0.0000000
[14,] 0.0000000
[15,] 0.0000000
[16,] 0.0000000
[17,] 2.0459311
[18,] 0.0000000
[19,] 2.8649809
[20,] 0.0000000
[21,] 3.1195849
[22,] 0.0000000
[23,] 0.0000000
[24,] 0.0000000
[25,] 0.0000000
[26,] 0.0000000
[27,] 0.0000000
[28,] 0.0000000
[29,] 0.0000000
[30,] 1.5338669
[31,] 0.6626056
[32,] 0.0000000
[33,] 1.5338669
[34,] 0.0000000
[35,] 1.4897073
[36,] 0.0000000
[37,] 3.1750131
[38,] 0.0000000
[39,] 0.0000000
[40,] 0.0000000
[41,] 1.2206180
[42,] 0.0000000
[43,] 0.0000000
[44,] 0.0000000
[45,] 0.0000000
[46,] 0.0000000
[47,] 0.0000000
[48,] 0.0000000
[49,] 2.3529168
[50,] 0.0000000

$Ndateboots
           [,1]     [,2]      [,3]      [,4]      [,5]     [,6]      [,7]     [,8]
 [1,]   0.00000 0.000000   0.00000   0.00000   0.00000   0.0000   0.00000 340.7407
 [2,]   0.00000 0.000000   0.00000   0.00000   0.00000   0.0000 112.96296   0.0000
 [3,]   0.00000 0.000000   0.00000  75.92593  68.51852   0.0000   0.00000 548.1481
 [4,]   0.00000 1.587302 187.03704   0.00000  24.07407 284.4444   0.00000   0.0000
 [5,]  66.66667 0.000000 114.81481  81.48148  24.07407   0.0000 131.48148   0.0000
 [6,]   0.00000 0.000000   0.00000   0.00000  81.48148   0.0000   0.00000   0.0000
 [7,]   0.00000 0.000000   0.00000   0.00000   0.00000 266.6667   0.00000   0.0000
 [8,]   0.00000 0.000000   0.00000   0.00000   0.00000   0.0000   0.00000 340.7407
 [9,]   0.00000 1.587302   0.00000   0.00000   0.00000   0.0000 144.44444 548.1481
[10,]  66.66667 0.000000   0.00000   0.00000  74.07407   0.0000 116.66667   0.0000
[11,]  33.33333 0.000000   0.00000   0.00000   0.00000   0.0000   0.00000   0.0000
[12,]   0.00000 0.000000 114.81481   0.00000   0.00000 222.2222 107.40741 548.1481
[13,]   0.00000 0.000000   0.00000   0.00000 129.62963   0.0000 133.33333 755.5556
[14,]   0.00000 0.000000   0.00000   0.00000   0.00000 124.4444   0.00000 340.7407
[15,]  66.66667 0.000000 229.62963 100.00000   0.00000 275.5556   0.00000   0.0000
[16,]   0.00000 1.587302 150.00000   0.00000   0.00000   0.0000   0.00000   0.0000
[17,]   0.00000 0.000000   0.00000   0.00000   0.00000   0.0000   0.00000   0.0000
[18,]  66.66667 0.000000   0.00000   0.00000   0.00000   0.0000 137.03704   0.0000
[19,]   0.00000 0.000000   0.00000   0.00000   0.00000   0.0000 109.25926   0.0000
[20,]   0.00000 3.174603   0.00000  38.88889   0.00000 266.6667   0.00000   0.0000
[21,]   0.00000 0.000000   0.00000   0.00000   0.00000   0.0000   0.00000 755.5556
[22,]   0.00000 0.000000 159.25926   0.00000 131.48148   0.0000   0.00000   0.0000
[23,]  66.66667 0.000000   0.00000   0.00000 131.48148   0.0000 125.92593   0.0000
[24,]   0.00000 0.000000   0.00000 103.70370   0.00000   0.0000   0.00000 133.3333
[25,]   0.00000 0.000000   0.00000   0.00000   0.00000   0.0000   0.00000   0.0000
[26,]  33.33333 3.174603 100.00000  85.18519  38.88889   0.0000   0.00000   0.0000
[27,]   0.00000 3.174603   0.00000  98.14815   0.00000   0.0000 116.66667   0.0000
[28,]   0.00000 3.174603   0.00000   0.00000   0.00000 195.5556 112.96296 755.5556
[29,]   0.00000 0.000000   0.00000   0.00000   0.00000   0.0000   0.00000 548.1481
[30,]   0.00000 0.000000 120.37037  98.14815   0.00000   0.0000   0.00000   0.0000
[31,]   0.00000 4.761905   0.00000   0.00000  38.88889   0.0000   0.00000   0.0000
[32,]   0.00000 3.174603   0.00000  83.33333   0.00000   0.0000   0.00000   0.0000
[33,] 100.00000 1.587302   0.00000 140.74074   0.00000 213.3333   0.00000   0.0000
[34,]   0.00000 0.000000   0.00000   0.00000   0.00000   0.0000 148.14815   0.0000
[35,]  66.66667 0.000000   0.00000   0.00000   0.00000   0.0000   0.00000   0.0000
[36,]   0.00000 0.000000   0.00000   0.00000   0.00000   0.0000   0.00000   0.0000
[37,]  66.66667 1.587302   0.00000   0.00000 129.62963   0.0000   0.00000   0.0000
[38,]   0.00000 0.000000   0.00000 127.77778   0.00000 293.3333   0.00000   0.0000
[39,]   0.00000 0.000000 237.03704 107.40741   0.00000   0.0000   0.00000 548.1481
[40,]   0.00000 0.000000  68.51852 127.77778   0.00000   0.0000   0.00000   0.0000
[41,]   0.00000 0.000000   0.00000   0.00000  24.07407   0.0000  98.14815   0.0000
[42,]  33.33333 0.000000   0.00000   0.00000   0.00000   0.0000 135.18519   0.0000
[43,]  66.66667 0.000000 137.03704   0.00000   0.00000   0.0000 116.66667   0.0000
[44,]   0.00000 3.174603   0.00000 109.25926  24.07407   0.0000   0.00000   0.0000
[45,]   0.00000 0.000000   0.00000  92.59259   0.00000 417.7778   0.00000 548.1481
[46,]   0.00000 0.000000   0.00000   0.00000  31.48148   0.0000   0.00000   0.0000
[47,]   0.00000 0.000000 159.25926   0.00000  88.88889   0.0000 116.66667   0.0000
[48,]   0.00000 0.000000   0.00000   0.00000  70.37037   0.0000   0.00000   0.0000
[49,]   0.00000 0.000000 175.92593  88.88889   0.00000   0.0000   0.00000 340.7407
[50,]   0.00000 0.000000 212.96296   0.00000   0.00000   0.0000   0.00000 340.7407
          [,9]
 [1,]   0.0000
 [2,]   0.0000
 [3,]   0.0000
 [4,]   0.0000
 [5,]   0.0000
 [6,] 696.2963
 [7,]   0.0000
 [8,] 600.0000
 [9,]   0.0000
[10,] 433.3333
[11,]   0.0000
[12,]   0.0000
[13,]   0.0000
[14,]   0.0000
[15,]   0.0000
[16,]   0.0000
[17,] 548.1481
[18,]   0.0000
[19,] 755.5556
[20,]   0.0000
[21,] 875.9259
[22,]   0.0000
[23,]   0.0000
[24,]   0.0000
[25,]   0.0000
[26,]   0.0000
[27,]   0.0000
[28,]   0.0000
[29,]   0.0000
[30,] 485.1852
[31,] 240.7407
[32,]   0.0000
[33,] 485.1852
[34,]   0.0000
[35,] 411.1111
[36,]   0.0000
[37,] 866.6667
[38,]   0.0000
[39,]   0.0000
[40,]   0.0000
[41,] 420.3704
[42,]   0.0000
[43,]   0.0000
[44,]   0.0000
[45,]   0.0000
[46,]   0.0000
[47,]   0.0000
[48,]   0.0000
[49,] 692.5926
[50,]   0.0000

