$totdays
[1] 365

$Psampest
[1] 69.12982

$Pbootest
     Mean      2.5%       50%     97.5% 
 72.57400  38.43851  71.23237 107.75827 

$Pboots
 [1]  72.49749  79.20246  45.43478  69.18684  61.52648  60.58551 107.60841  43.64267
 [9]  47.28346  77.93797  50.06756  39.82588  70.67238  69.25115  70.56233 102.82648
[17]  79.98762  77.12540  77.30958 102.03620  38.03572  62.35776  64.67728  71.74904
[25]  64.01951  96.41160  60.04693  57.34921  66.43503  81.57224  95.65069  53.35318
[33]  90.86559  70.71569  82.93056  59.36518 110.01477  75.90836  66.16385 104.25008
[41]  66.42631  78.43645  51.23281  87.71732  81.85840  89.24422 107.80177  26.21334
[49]  87.70194  75.62464

$Bboots
 [1] 19.556287 20.694180 11.305872 18.092013 16.169009 15.980393 28.178485 11.811848
 [9] 11.617597 20.617406 13.409440  9.686141 17.887875 17.975460 18.673724 25.827297
[17] 21.788149 19.559498 19.824230 26.736426  9.445769 15.730987 16.682099 18.876508
[25] 16.206181 25.267225 15.685459 14.767848 17.451607 21.605101 25.265394 14.465747
[33] 23.702400 18.444326 21.817478 15.677533 29.638307 20.092119 17.382971 27.248053
[41] 17.039640 20.827527 13.649924 22.234962 21.544294 22.458313 27.007974  6.226936
[49] 22.699395 19.633302

$Nboots
 [1] 15.353535 12.525253  7.676768 13.333333 12.929293 13.737374 18.181818  9.696970
 [9] 10.505051 13.737374 12.525253  6.868687 12.929293 12.121212 12.929293 13.333333
[17] 16.565657 12.929293 15.353535 18.181818 10.101010  9.292929 12.929293 17.373737
[25] 12.929293 16.565657 14.545455 12.121212 13.737374 14.545455 18.181818 15.353535
[33] 17.373737 13.737374 18.989899  8.888889 18.989899 15.757576 12.929293 19.393939
[41] 12.525253 14.141414 12.121212 12.525253 13.333333 14.545455 16.969697  7.272727
[49] 14.545455 14.141414

$julians
 [1] 1760 1795 1846 1880 1904 1934 1956 1999 2026 2054 2083 2116

$intdays
 [1] 35 51 34 24 30 22 43 27 28 29 33  9

$Pintsampest
 [1]  8.523085  0.000000  0.000000  0.000000  0.000000  0.000000  0.000000  0.000000
 [9]  6.641730 22.548764 26.662755  4.753485

$Pintboots
           [,1] [,2] [,3] [,4] [,5] [,6] [,7] [,8]      [,9]     [,10]    [,11]
 [1,]  3.399269    0    0    0    0    0    0    0 10.936625 29.384350 24.92653
 [2,]  8.523085    0    0    0    0    0    0    0  6.641730 29.151045 29.71557
 [3,] 10.222719    0    0    0    0    0    0    0  0.000000 13.693308 17.76199
 [4,]  1.699634    0    0    0    0    0    0    0  6.641730 23.723716 32.46117
 [5,]  3.399269    0    0    0    0    0    0    0  6.641730 21.757820 25.76259
 [6,]  3.399269    0    0    0    0    0    0    0  8.988565 19.482300 24.87210
 [7,]  6.823450    0    0    0    0    0    0    0 10.936625 37.503676 45.26722
 [8,]  0.000000    0    0    0    0    0    0    0  6.641730 17.846438 16.84985
 [9,] 13.621988    0    0    0    0    0    0    0  2.346835  9.880335 17.29944
[10,]  3.399269    0    0    0    0    0    0    0  8.589790 29.199592 31.93940
[11,]  0.000000    0    0    0    0    0    0    0  6.641730 19.515773 21.03322
[12,] 15.346535    0    0    0    0    0    0    0  0.000000  9.803432 11.15724
[13,] 11.922353    0    0    0    0    0    0    0  4.294895 20.121958 28.84046
[14,]  3.399269    0    0    0    0    0    0    0  4.294895 24.779849 31.96388
[15,]  1.699634    0    0    0    0    0    0    0  6.641730 27.613592 30.24931
[16,]  1.699634    0    0    0    0    0    0    0  0.000000 30.830758 61.64399
[17,]  3.399269    0    0    0    0    0    0    0 13.283460 34.074710 25.32496
[18,]  3.399269    0    0    0    0    0    0    0  2.346835 23.556351 41.68066
[19,] 11.922353    0    0    0    0    0    0    0  6.641730 23.361214 29.76510
[20,] 15.346535    0    0    0    0    0    0    0 12.884685 34.453290 32.86405
[21,]  3.399269    0    0    0    0    0    0    0  2.346835  7.593853 21.33612
[22,]  0.000000    0    0    0    0    0    0    0  0.000000 19.526151 37.67815
[23,] 10.222719    0    0    0    0    0    0    0  6.641730 19.770419 23.50073
[24,]  1.699634    0    0    0    0    0    0    0 11.335400 21.162597 32.83912
[25,] 15.346535    0    0    0    0    0    0    0  6.641730 15.880542 21.25139
[26,] 10.222719    0    0    0    0    0    0    0  9.387340 35.089147 35.52595
[27,]  6.823450    0    0    0    0    0    0    0  8.988565 17.560840 22.68530
[28,] 13.646900    0    0    0    0    0    0    0  6.641730 17.099929 16.00025
[29,]  0.000000    0    0    0    0    0    0    0  6.641730 23.361214 32.04861
[30,] 13.646900    0    0    0    0    0    0    0 10.936625 30.451446 21.78558
[31,]  8.523085    0    0    0    0    0    0    0 13.283460 32.878252 35.06340
[32,]  8.523085    0    0    0    0    0    0    0 13.283460 17.728204 11.18230
[33,] 20.470351    0    0    0    0    0    0    0 13.283460 28.197432 23.09727
[34,]  6.823450    0    0    0    0    0    0    0  7.040505 24.136079 27.99996
[35,] 13.646900    0    0    0    0    0    0    0 15.231520 24.016530 24.86300
[36,]  0.000000    0    0    0    0    0    0    0  2.346835 26.226841 27.08670
[37,]  1.699634    0    0    0    0    0    0    0 15.231520 44.999421 42.10461
[38,] 13.621988    0    0    0    0    0    0    0 11.335400 26.973934 19.53623
[39,] 13.646900    0    0    0    0    0    0    0  8.589790 23.388255 16.50893
[40,]  8.523085    0    0    0    0    0    0    0 12.884685 33.278339 42.62696
[41,] 10.222719    0    0    0    0    0    0    0  4.693670 21.325266 25.38522
[42,]  0.000000    0    0    0    0    0    0    0  8.589790 30.012042 35.04175
[43,]  8.523085    0    0    0    0    0    0    0  8.589790 18.323427 12.92238
[44,]  8.523085    0    0    0    0    0    0    0  2.346835 27.808729 42.16487
[45,]  1.699634    0    0    0    0    0    0    0  6.641730 31.459033 36.80349
[46,] 15.346535    0    0    0    0    0    0    0  4.693670 24.379763 37.67815
[47,] 22.169985    0    0    0    0    0    0    0  6.641730 27.185149 43.03953
[48,]  8.523085    0    0    0    0    0    0    0  0.000000  3.992095 11.07650
[49,] 13.646900    0    0    0    0    0    0    0  8.589790 28.408648 31.03923
[50,] 10.222719    0    0    0    0    0    0    0  8.589790 23.750757 27.91581
         [,12]
 [1,] 3.850721
 [2,] 5.171036
 [3,] 3.756759
 [4,] 4.660594
 [5,] 3.965073
 [6,] 3.843277
 [7,] 7.077443
 [8,] 2.304655
 [9,] 4.134864
[10,] 4.809913
[11,] 2.876839
[12,] 3.518678
[13,] 5.492713
[14,] 4.813261
[15,] 4.358064
[16,] 8.652102
[17,] 3.905217
[18,] 6.142284
[19,] 5.619182
[20,] 6.487648
[21,] 3.359640
[22,] 5.153466
[23,] 4.541682
[24,] 4.712289
[25,] 4.899316
[26,] 6.186443
[27,] 3.988779
[28,] 3.960401
[29,] 4.383480
[30,] 4.751694
[31,] 5.902492
[32,] 2.636130
[33,] 5.817078
[34,] 4.715698
[35,] 5.172612
[36,] 3.704810
[37,] 5.979585
[38,] 4.440803
[39,] 4.029976
[40,] 6.937006
[41,] 4.799434
[42,] 4.792870
[43,] 2.874132
[44,] 6.873802
[45,] 5.254518
[46,] 7.146101
[47,] 8.765385
[48,] 2.621659
[49,] 6.017372
[50,] 5.145559

$Bdatesampinfo
       DATE JULIAN N      Mean    Stdev
1  10/26/10   1760 5  46.74671 81.02674
2  11/30/10   1795 5   0.00000  0.00000
3  01/20/11   1846 5   0.00000  0.00000
4  02/23/11   1880 5   0.00000  0.00000
5  03/19/11   1904 5   0.00000  0.00000
6  04/18/11   1934 5   0.00000  0.00000
7  05/10/11   1956 5   0.00000  0.00000
8  06/22/11   1999 5   0.00000  0.00000
9  07/19/11   2026 5   0.00000  0.00000
10 08/16/11   2054 5  45.16065 66.12346
11 09/14/11   2083 5 103.10754 91.10770
12 10/17/11   2116 5  50.93897 83.31461

$Ndatesampinfo
       DATE JULIAN N     Mean    Stdev
1  10/26/10   1760 5 26.66667 39.75232
2  11/30/10   1795 5  0.00000  0.00000
3  01/20/11   1846 5  0.00000  0.00000
4  02/23/11   1880 5  0.00000  0.00000
5  03/19/11   1904 5  0.00000  0.00000
6  04/18/11   1934 5  0.00000  0.00000
7  05/10/11   1956 5  0.00000  0.00000
8  06/22/11   1999 5  0.00000  0.00000
9  07/19/11   2026 5  0.00000  0.00000
10 08/16/11   2054 5 44.44444 62.85394
11 09/14/11   2083 5 71.11111 24.34322
12 10/17/11   2116 5 35.55556 57.94847

$Bdateboots
            [,1] [,2] [,3] [,4] [,5] [,6] [,7] [,8] [,9]     [,10]     [,11]     [,12]
 [1,]  18.644166    0    0    0    0    0    0    0    0  74.36384 118.85131  25.16386
 [2,]  46.746715    0    0    0    0    0    0    0    0  45.16065 146.52005  25.16386
 [3,]  56.068797    0    0    0    0    0    0    0    0   0.00000  90.03922  12.58193
 [4,]   9.322083    0    0    0    0    0    0    0    0  45.16065 110.83341  76.71408
 [5,]  18.644166    0    0    0    0    0    0    0    0  45.16065  97.90688  50.93897
 [6,]  18.644166    0    0    0    0    0    0    0    0  61.11811  66.98709  76.71408
 [7,]  37.424632    0    0    0    0    0    0    0    0  74.36384 172.23917  89.29601
 [8,]   0.000000    0    0    0    0    0    0    0    0  45.16065  72.18775  25.16386
 [9,]  74.712963    0    0    0    0    0    0    0    0  15.95746  49.01014  50.93897
[10,]  18.644166    0    0    0    0    0    0    0    0  58.40638 133.59351  50.93897
[11,]   0.000000    0    0    0    0    0    0    0    0  45.16065  83.16468  38.35704
[12,]  84.171346    0    0    0    0    0    0    0    0   0.00000  64.46188   0.00000
[13,]  65.390880    0    0    0    0    0    0    0    0  29.20319 103.10754  63.52090
[14,]  18.644166    0    0    0    0    0    0    0    0  29.20319 133.73530  50.93897
[15,]   9.322083    0    0    0    0    0    0    0    0  45.16065 136.41075  38.35704
[16,]   9.322083    0    0    0    0    0    0    0    0   0.00000 202.72514 153.42817
[17,]  18.644166    0    0    0    0    0    0    0    0  90.32130 133.73530  12.58193
[18,]  18.644166    0    0    0    0    0    0    0    0  15.95746 138.93596 101.87795
[19,]  65.390880    0    0    0    0    0    0    0    0  45.16065 108.44999  63.52090
[20,]  84.171346    0    0    0    0    0    0    0    0  87.60957 138.93596  50.93897
[21,]  18.644166    0    0    0    0    0    0    0    0  15.95746  33.97591  89.29601
[22,]   0.000000    0    0    0    0    0    0    0    0   0.00000 128.39285  89.29601
[23,]  56.068797    0    0    0    0    0    0    0    0  45.16065  84.83856  50.93897
[24,]   9.322083    0    0    0    0    0    0    0    0  77.07556  62.07846 127.65306
[25,]  84.171346    0    0    0    0    0    0    0    0  45.16065  59.26122  63.52090
[26,]  56.068797    0    0    0    0    0    0    0    0  63.82983 166.89672  38.35704
[27,]  37.424632    0    0    0    0    0    0    0    0  61.11811  54.35259  76.71408
[28,]  74.849263    0    0    0    0    0    0    0    0  45.16065  67.27912  25.16386
[29,]   0.000000    0    0    0    0    0    0    0    0  45.16065 108.44999  76.71408
[30,]  74.849263    0    0    0    0    0    0    0    0  74.36384 125.86764   0.00000
[31,]  46.746715    0    0    0    0    0    0    0    0  90.32130 125.86764  76.71408
[32,]  46.746715    0    0    0    0    0    0    0    0  90.32130  26.25004  38.35704
[33,] 112.273895    0    0    0    0    0    0    0    0  90.32130  95.08964  38.35704
[34,]  37.424632    0    0    0    0    0    0    0    0  47.87237 110.83341  50.93897
[35,]  74.849263    0    0    0    0    0    0    0    0 103.56703  54.35259  89.29601
[36,]   0.000000    0    0    0    0    0    0    0    0  15.95746 156.49540   0.00000
[37,]   9.322083    0    0    0    0    0    0    0    0 103.56703 192.32382  50.93897
[38,]  74.712963    0    0    0    0    0    0    0    0  77.07556 100.29030  12.58193
[39,]  74.849263    0    0    0    0    0    0    0    0  58.40638  95.38167   0.00000
[40,]  46.746715    0    0    0    0    0    0    0    0  87.60957 131.21009 115.07113
[41,]  56.068797    0    0    0    0    0    0    0    0  31.91492 108.30820  38.35704
[42,]   0.000000    0    0    0    0    0    0    0    0  58.40638 138.93596  63.52090
[43,]  46.746715    0    0    0    0    0    0    0    0  58.40638  62.07846  12.58193
[44,]  46.746715    0    0    0    0    0    0    0    0  15.95746 166.89672  76.71408
[45,]   9.322083    0    0    0    0    0    0    0    0  45.16065 161.69606  50.93897
[46,]  84.171346    0    0    0    0    0    0    0    0  31.91492 128.39285  89.29601
[47,] 121.595978    0    0    0    0    0    0    0    0  45.16065 133.59351 115.07113
[48,]  46.746715    0    0    0    0    0    0    0    0   0.00000  26.25004  37.74579
[49,]  74.849263    0    0    0    0    0    0    0    0  58.40638 128.39285  50.93897
[50,]  56.068797    0    0    0    0    0    0    0    0  58.40638  97.76509  63.52090

$Ndateboots
           [,1] [,2] [,3] [,4] [,5] [,6] [,7] [,8] [,9]    [,10]    [,11]      [,12]
 [1,] 17.777778    0    0    0    0    0    0    0    0 71.11111 80.00000  17.777778
 [2,] 26.666667    0    0    0    0    0    0    0    0 44.44444 71.11111  17.777778
 [3,] 35.555556    0    0    0    0    0    0    0    0  0.00000 62.22222   8.888889
 [4,]  8.888889    0    0    0    0    0    0    0    0 44.44444 71.11111  53.333333
 [5,] 17.777778    0    0    0    0    0    0    0    0 44.44444 71.11111  35.555556
 [6,] 17.777778    0    0    0    0    0    0    0    0 62.22222 53.33333  53.333333
 [7,] 17.777778    0    0    0    0    0    0    0    0 71.11111 88.88889  62.222222
 [8,]  0.000000    0    0    0    0    0    0    0    0 44.44444 53.33333  17.777778
 [9,] 53.333333    0    0    0    0    0    0    0    0 17.77778 53.33333  35.555556
[10,] 17.777778    0    0    0    0    0    0    0    0 53.33333 71.11111  35.555556
[11,]  0.000000    0    0    0    0    0    0    0    0 44.44444 80.00000  26.666667
[12,] 44.444444    0    0    0    0    0    0    0    0  0.00000 53.33333   0.000000
[13,] 44.444444    0    0    0    0    0    0    0    0 26.66667 71.11111  44.444444
[14,] 17.777778    0    0    0    0    0    0    0    0 26.66667 80.00000  35.555556
[15,]  8.888889    0    0    0    0    0    0    0    0 44.44444 80.00000  26.666667
[16,]  8.888889    0    0    0    0    0    0    0    0  0.00000 88.88889 106.666667
[17,] 17.777778    0    0    0    0    0    0    0    0 88.88889 80.00000   8.888889
[18,] 17.777778    0    0    0    0    0    0    0    0 17.77778 80.00000  71.111111
[19,] 44.444444    0    0    0    0    0    0    0    0 44.44444 80.00000  44.444444
[20,] 44.444444    0    0    0    0    0    0    0    0 80.00000 80.00000  35.555556
[21,] 17.777778    0    0    0    0    0    0    0    0 17.77778 53.33333  62.222222
[22,]  0.000000    0    0    0    0    0    0    0    0  0.00000 71.11111  62.222222
[23,] 35.555556    0    0    0    0    0    0    0    0 44.44444 62.22222  35.555556
[24,]  8.888889    0    0    0    0    0    0    0    0 80.00000 62.22222  88.888889
[25,] 44.444444    0    0    0    0    0    0    0    0 44.44444 53.33333  44.444444
[26,] 35.555556    0    0    0    0    0    0    0    0 71.11111 80.00000  26.666667
[27,] 17.777778    0    0    0    0    0    0    0    0 62.22222 62.22222  53.333333
[28,] 35.555556    0    0    0    0    0    0    0    0 44.44444 62.22222  17.777778
[29,]  0.000000    0    0    0    0    0    0    0    0 44.44444 80.00000  53.333333
[30,] 35.555556    0    0    0    0    0    0    0    0 71.11111 71.11111   0.000000
[31,] 26.666667    0    0    0    0    0    0    0    0 88.88889 71.11111  53.333333
[32,] 26.666667    0    0    0    0    0    0    0    0 88.88889 53.33333  26.666667
[33,] 53.333333    0    0    0    0    0    0    0    0 88.88889 62.22222  26.666667
[34,] 17.777778    0    0    0    0    0    0    0    0 53.33333 71.11111  35.555556
[35,] 35.555556    0    0    0    0    0    0    0    0 97.77778 62.22222  62.222222
[36,]  0.000000    0    0    0    0    0    0    0    0 17.77778 80.00000   0.000000
[37,]  8.888889    0    0    0    0    0    0    0    0 97.77778 88.88889  35.555556
[38,] 53.333333    0    0    0    0    0    0    0    0 80.00000 62.22222   8.888889
[39,] 35.555556    0    0    0    0    0    0    0    0 53.33333 71.11111   0.000000
[40,] 26.666667    0    0    0    0    0    0    0    0 80.00000 80.00000  80.000000
[41,] 35.555556    0    0    0    0    0    0    0    0 35.55556 71.11111  26.666667
[42,]  0.000000    0    0    0    0    0    0    0    0 53.33333 80.00000  44.444444
[43,] 26.666667    0    0    0    0    0    0    0    0 53.33333 62.22222   8.888889
[44,] 26.666667    0    0    0    0    0    0    0    0 17.77778 80.00000  53.333333
[45,]  8.888889    0    0    0    0    0    0    0    0 44.44444 80.00000  35.555556
[46,] 44.444444    0    0    0    0    0    0    0    0 35.55556 71.11111  62.222222
[47,] 62.222222    0    0    0    0    0    0    0    0 44.44444 71.11111  80.000000
[48,] 26.666667    0    0    0    0    0    0    0    0  0.00000 53.33333  26.666667
[49,] 35.555556    0    0    0    0    0    0    0    0 53.33333 71.11111  35.555556
[50,] 35.555556    0    0    0    0    0    0    0    0 53.33333 62.22222  44.444444

