$totdays
[1] 365

$Psampest
[1] 0.8080881

$Pbootest
     Mean      2.5%       50%     97.5% 
0.5171764 0.0000000 0.8080881 1.6161763 

$Pboots
 [1] 0.0000000 0.8080881 0.8080881 0.8080881 0.8080881 0.8080881 0.0000000 0.0000000
 [9] 0.8080881 0.0000000 0.0000000 0.0000000 0.8080881 0.8080881 1.6161763 0.0000000
[17] 0.0000000 0.0000000 0.8080881 0.8080881 0.8080881 0.8080881 0.8080881 0.0000000
[25] 1.6161763 0.8080881 0.8080881 0.8080881 1.6161763 0.0000000 0.0000000 0.8080881
[33] 0.8080881 0.8080881 0.0000000 0.0000000 0.0000000 0.8080881 0.0000000 0.0000000
[41] 0.0000000 0.8080881 0.0000000 1.6161763 0.8080881 0.0000000 0.0000000 0.0000000
[49] 0.0000000 1.6161763

$Bboots
 [1] 0.00000000 0.02924919 0.02924919 0.02924919 0.02924919 0.02924919 0.00000000
 [8] 0.00000000 0.02924919 0.00000000 0.00000000 0.00000000 0.02924919 0.02924919
[15] 0.05849838 0.00000000 0.00000000 0.00000000 0.02924919 0.02924919 0.02924919
[22] 0.02924919 0.02924919 0.00000000 0.05849838 0.02924919 0.02924919 0.02924919
[29] 0.05849838 0.00000000 0.00000000 0.02924919 0.02924919 0.02924919 0.00000000
[36] 0.00000000 0.00000000 0.02924919 0.00000000 0.00000000 0.00000000 0.02924919
[43] 0.00000000 0.05849838 0.02924919 0.00000000 0.00000000 0.00000000 0.00000000
[50] 0.05849838

$Nboots
 [1] 0.0000000 0.8080808 0.8080808 0.8080808 0.8080808 0.8080808 0.0000000 0.0000000
 [9] 0.8080808 0.0000000 0.0000000 0.0000000 0.8080808 0.8080808 1.6161616 0.0000000
[17] 0.0000000 0.0000000 0.8080808 0.8080808 0.8080808 0.8080808 0.8080808 0.0000000
[25] 1.6161616 0.8080808 0.8080808 0.8080808 1.6161616 0.0000000 0.0000000 0.8080808
[33] 0.8080808 0.8080808 0.0000000 0.0000000 0.0000000 0.8080808 0.0000000 0.0000000
[41] 0.0000000 0.8080808 0.0000000 1.6161616 0.8080808 0.0000000 0.0000000 0.0000000
[49] 0.0000000 1.6161616

$julians
 [1] 1760 1795 1846 1880 1904 1934 1956 1999 2026 2054 2083 2116

$intdays
 [1] 35 51 34 24 30 22 43 27 28 29 33  9

$Pintsampest
 [1] 0.00000000 0.00000000 0.00000000 0.00000000 0.00000000 0.00000000 0.00000000
 [8] 0.00000000 0.00000000 0.00000000 0.72762982 0.08045831

$Pintboots
      [,1] [,2] [,3] [,4] [,5] [,6] [,7] [,8] [,9] [,10]     [,11]      [,12]
 [1,]    0    0    0    0    0    0    0    0    0     0 0.0000000 0.00000000
 [2,]    0    0    0    0    0    0    0    0    0     0 0.7276298 0.08045831
 [3,]    0    0    0    0    0    0    0    0    0     0 0.7276298 0.08045831
 [4,]    0    0    0    0    0    0    0    0    0     0 0.7276298 0.08045831
 [5,]    0    0    0    0    0    0    0    0    0     0 0.7276298 0.08045831
 [6,]    0    0    0    0    0    0    0    0    0     0 0.7276298 0.08045831
 [7,]    0    0    0    0    0    0    0    0    0     0 0.0000000 0.00000000
 [8,]    0    0    0    0    0    0    0    0    0     0 0.0000000 0.00000000
 [9,]    0    0    0    0    0    0    0    0    0     0 0.7276298 0.08045831
[10,]    0    0    0    0    0    0    0    0    0     0 0.0000000 0.00000000
[11,]    0    0    0    0    0    0    0    0    0     0 0.0000000 0.00000000
[12,]    0    0    0    0    0    0    0    0    0     0 0.0000000 0.00000000
[13,]    0    0    0    0    0    0    0    0    0     0 0.7276298 0.08045831
[14,]    0    0    0    0    0    0    0    0    0     0 0.7276298 0.08045831
[15,]    0    0    0    0    0    0    0    0    0     0 1.4552596 0.16091661
[16,]    0    0    0    0    0    0    0    0    0     0 0.0000000 0.00000000
[17,]    0    0    0    0    0    0    0    0    0     0 0.0000000 0.00000000
[18,]    0    0    0    0    0    0    0    0    0     0 0.0000000 0.00000000
[19,]    0    0    0    0    0    0    0    0    0     0 0.7276298 0.08045831
[20,]    0    0    0    0    0    0    0    0    0     0 0.7276298 0.08045831
[21,]    0    0    0    0    0    0    0    0    0     0 0.7276298 0.08045831
[22,]    0    0    0    0    0    0    0    0    0     0 0.7276298 0.08045831
[23,]    0    0    0    0    0    0    0    0    0     0 0.7276298 0.08045831
[24,]    0    0    0    0    0    0    0    0    0     0 0.0000000 0.00000000
[25,]    0    0    0    0    0    0    0    0    0     0 1.4552596 0.16091661
[26,]    0    0    0    0    0    0    0    0    0     0 0.7276298 0.08045831
[27,]    0    0    0    0    0    0    0    0    0     0 0.7276298 0.08045831
[28,]    0    0    0    0    0    0    0    0    0     0 0.7276298 0.08045831
[29,]    0    0    0    0    0    0    0    0    0     0 1.4552596 0.16091661
[30,]    0    0    0    0    0    0    0    0    0     0 0.0000000 0.00000000
[31,]    0    0    0    0    0    0    0    0    0     0 0.0000000 0.00000000
[32,]    0    0    0    0    0    0    0    0    0     0 0.7276298 0.08045831
[33,]    0    0    0    0    0    0    0    0    0     0 0.7276298 0.08045831
[34,]    0    0    0    0    0    0    0    0    0     0 0.7276298 0.08045831
[35,]    0    0    0    0    0    0    0    0    0     0 0.0000000 0.00000000
[36,]    0    0    0    0    0    0    0    0    0     0 0.0000000 0.00000000
[37,]    0    0    0    0    0    0    0    0    0     0 0.0000000 0.00000000
[38,]    0    0    0    0    0    0    0    0    0     0 0.7276298 0.08045831
[39,]    0    0    0    0    0    0    0    0    0     0 0.0000000 0.00000000
[40,]    0    0    0    0    0    0    0    0    0     0 0.0000000 0.00000000
[41,]    0    0    0    0    0    0    0    0    0     0 0.0000000 0.00000000
[42,]    0    0    0    0    0    0    0    0    0     0 0.7276298 0.08045831
[43,]    0    0    0    0    0    0    0    0    0     0 0.0000000 0.00000000
[44,]    0    0    0    0    0    0    0    0    0     0 1.4552596 0.16091661
[45,]    0    0    0    0    0    0    0    0    0     0 0.7276298 0.08045831
[46,]    0    0    0    0    0    0    0    0    0     0 0.0000000 0.00000000
[47,]    0    0    0    0    0    0    0    0    0     0 0.0000000 0.00000000
[48,]    0    0    0    0    0    0    0    0    0     0 0.0000000 0.00000000
[49,]    0    0    0    0    0    0    0    0    0     0 0.0000000 0.00000000
[50,]    0    0    0    0    0    0    0    0    0     0 1.4552596 0.16091661

$Bdatesampinfo
       DATE JULIAN N      Mean   Stdev
1  10/26/10   1760 5 0.0000000 0.00000
2  11/30/10   1795 5 0.0000000 0.00000
3  01/20/11   1846 5 0.0000000 0.00000
4  02/23/11   1880 5 0.0000000 0.00000
5  03/19/11   1904 5 0.0000000 0.00000
6  04/18/11   1934 5 0.0000000 0.00000
7  05/10/11   1956 5 0.0000000 0.00000
8  06/22/11   1999 5 0.0000000 0.00000
9  07/19/11   2026 5 0.0000000 0.00000
10 08/16/11   2054 5 0.0000000 0.00000
11 09/14/11   2083 5 0.0000000 0.00000
12 10/17/11   2116 5 0.6434822 1.43887

$Ndatesampinfo
       DATE JULIAN N     Mean    Stdev
1  10/26/10   1760 5  0.00000  0.00000
2  11/30/10   1795 5  0.00000  0.00000
3  01/20/11   1846 5  0.00000  0.00000
4  02/23/11   1880 5  0.00000  0.00000
5  03/19/11   1904 5  0.00000  0.00000
6  04/18/11   1934 5  0.00000  0.00000
7  05/10/11   1956 5  0.00000  0.00000
8  06/22/11   1999 5  0.00000  0.00000
9  07/19/11   2026 5  0.00000  0.00000
10 08/16/11   2054 5  0.00000  0.00000
11 09/14/11   2083 5  0.00000  0.00000
12 10/17/11   2116 5 17.77778 39.75232

$Bdateboots
      [,1] [,2] [,3] [,4] [,5] [,6] [,7] [,8] [,9] [,10] [,11]     [,12]
 [1,]    0    0    0    0    0    0    0    0    0     0     0 0.0000000
 [2,]    0    0    0    0    0    0    0    0    0     0     0 0.6434822
 [3,]    0    0    0    0    0    0    0    0    0     0     0 0.6434822
 [4,]    0    0    0    0    0    0    0    0    0     0     0 0.6434822
 [5,]    0    0    0    0    0    0    0    0    0     0     0 0.6434822
 [6,]    0    0    0    0    0    0    0    0    0     0     0 0.6434822
 [7,]    0    0    0    0    0    0    0    0    0     0     0 0.0000000
 [8,]    0    0    0    0    0    0    0    0    0     0     0 0.0000000
 [9,]    0    0    0    0    0    0    0    0    0     0     0 0.6434822
[10,]    0    0    0    0    0    0    0    0    0     0     0 0.0000000
[11,]    0    0    0    0    0    0    0    0    0     0     0 0.0000000
[12,]    0    0    0    0    0    0    0    0    0     0     0 0.0000000
[13,]    0    0    0    0    0    0    0    0    0     0     0 0.6434822
[14,]    0    0    0    0    0    0    0    0    0     0     0 0.6434822
[15,]    0    0    0    0    0    0    0    0    0     0     0 1.2869645
[16,]    0    0    0    0    0    0    0    0    0     0     0 0.0000000
[17,]    0    0    0    0    0    0    0    0    0     0     0 0.0000000
[18,]    0    0    0    0    0    0    0    0    0     0     0 0.0000000
[19,]    0    0    0    0    0    0    0    0    0     0     0 0.6434822
[20,]    0    0    0    0    0    0    0    0    0     0     0 0.6434822
[21,]    0    0    0    0    0    0    0    0    0     0     0 0.6434822
[22,]    0    0    0    0    0    0    0    0    0     0     0 0.6434822
[23,]    0    0    0    0    0    0    0    0    0     0     0 0.6434822
[24,]    0    0    0    0    0    0    0    0    0     0     0 0.0000000
[25,]    0    0    0    0    0    0    0    0    0     0     0 1.2869645
[26,]    0    0    0    0    0    0    0    0    0     0     0 0.6434822
[27,]    0    0    0    0    0    0    0    0    0     0     0 0.6434822
[28,]    0    0    0    0    0    0    0    0    0     0     0 0.6434822
[29,]    0    0    0    0    0    0    0    0    0     0     0 1.2869645
[30,]    0    0    0    0    0    0    0    0    0     0     0 0.0000000
[31,]    0    0    0    0    0    0    0    0    0     0     0 0.0000000
[32,]    0    0    0    0    0    0    0    0    0     0     0 0.6434822
[33,]    0    0    0    0    0    0    0    0    0     0     0 0.6434822
[34,]    0    0    0    0    0    0    0    0    0     0     0 0.6434822
[35,]    0    0    0    0    0    0    0    0    0     0     0 0.0000000
[36,]    0    0    0    0    0    0    0    0    0     0     0 0.0000000
[37,]    0    0    0    0    0    0    0    0    0     0     0 0.0000000
[38,]    0    0    0    0    0    0    0    0    0     0     0 0.6434822
[39,]    0    0    0    0    0    0    0    0    0     0     0 0.0000000
[40,]    0    0    0    0    0    0    0    0    0     0     0 0.0000000
[41,]    0    0    0    0    0    0    0    0    0     0     0 0.0000000
[42,]    0    0    0    0    0    0    0    0    0     0     0 0.6434822
[43,]    0    0    0    0    0    0    0    0    0     0     0 0.0000000
[44,]    0    0    0    0    0    0    0    0    0     0     0 1.2869645
[45,]    0    0    0    0    0    0    0    0    0     0     0 0.6434822
[46,]    0    0    0    0    0    0    0    0    0     0     0 0.0000000
[47,]    0    0    0    0    0    0    0    0    0     0     0 0.0000000
[48,]    0    0    0    0    0    0    0    0    0     0     0 0.0000000
[49,]    0    0    0    0    0    0    0    0    0     0     0 0.0000000
[50,]    0    0    0    0    0    0    0    0    0     0     0 1.2869645

$Ndateboots
      [,1] [,2] [,3] [,4] [,5] [,6] [,7] [,8] [,9] [,10] [,11]    [,12]
 [1,]    0    0    0    0    0    0    0    0    0     0     0  0.00000
 [2,]    0    0    0    0    0    0    0    0    0     0     0 17.77778
 [3,]    0    0    0    0    0    0    0    0    0     0     0 17.77778
 [4,]    0    0    0    0    0    0    0    0    0     0     0 17.77778
 [5,]    0    0    0    0    0    0    0    0    0     0     0 17.77778
 [6,]    0    0    0    0    0    0    0    0    0     0     0 17.77778
 [7,]    0    0    0    0    0    0    0    0    0     0     0  0.00000
 [8,]    0    0    0    0    0    0    0    0    0     0     0  0.00000
 [9,]    0    0    0    0    0    0    0    0    0     0     0 17.77778
[10,]    0    0    0    0    0    0    0    0    0     0     0  0.00000
[11,]    0    0    0    0    0    0    0    0    0     0     0  0.00000
[12,]    0    0    0    0    0    0    0    0    0     0     0  0.00000
[13,]    0    0    0    0    0    0    0    0    0     0     0 17.77778
[14,]    0    0    0    0    0    0    0    0    0     0     0 17.77778
[15,]    0    0    0    0    0    0    0    0    0     0     0 35.55556
[16,]    0    0    0    0    0    0    0    0    0     0     0  0.00000
[17,]    0    0    0    0    0    0    0    0    0     0     0  0.00000
[18,]    0    0    0    0    0    0    0    0    0     0     0  0.00000
[19,]    0    0    0    0    0    0    0    0    0     0     0 17.77778
[20,]    0    0    0    0    0    0    0    0    0     0     0 17.77778
[21,]    0    0    0    0    0    0    0    0    0     0     0 17.77778
[22,]    0    0    0    0    0    0    0    0    0     0     0 17.77778
[23,]    0    0    0    0    0    0    0    0    0     0     0 17.77778
[24,]    0    0    0    0    0    0    0    0    0     0     0  0.00000
[25,]    0    0    0    0    0    0    0    0    0     0     0 35.55556
[26,]    0    0    0    0    0    0    0    0    0     0     0 17.77778
[27,]    0    0    0    0    0    0    0    0    0     0     0 17.77778
[28,]    0    0    0    0    0    0    0    0    0     0     0 17.77778
[29,]    0    0    0    0    0    0    0    0    0     0     0 35.55556
[30,]    0    0    0    0    0    0    0    0    0     0     0  0.00000
[31,]    0    0    0    0    0    0    0    0    0     0     0  0.00000
[32,]    0    0    0    0    0    0    0    0    0     0     0 17.77778
[33,]    0    0    0    0    0    0    0    0    0     0     0 17.77778
[34,]    0    0    0    0    0    0    0    0    0     0     0 17.77778
[35,]    0    0    0    0    0    0    0    0    0     0     0  0.00000
[36,]    0    0    0    0    0    0    0    0    0     0     0  0.00000
[37,]    0    0    0    0    0    0    0    0    0     0     0  0.00000
[38,]    0    0    0    0    0    0    0    0    0     0     0 17.77778
[39,]    0    0    0    0    0    0    0    0    0     0     0  0.00000
[40,]    0    0    0    0    0    0    0    0    0     0     0  0.00000
[41,]    0    0    0    0    0    0    0    0    0     0     0  0.00000
[42,]    0    0    0    0    0    0    0    0    0     0     0 17.77778
[43,]    0    0    0    0    0    0    0    0    0     0     0  0.00000
[44,]    0    0    0    0    0    0    0    0    0     0     0 35.55556
[45,]    0    0    0    0    0    0    0    0    0     0     0 17.77778
[46,]    0    0    0    0    0    0    0    0    0     0     0  0.00000
[47,]    0    0    0    0    0    0    0    0    0     0     0  0.00000
[48,]    0    0    0    0    0    0    0    0    0     0     0  0.00000
[49,]    0    0    0    0    0    0    0    0    0     0     0  0.00000
[50,]    0    0    0    0    0    0    0    0    0     0     0 35.55556

