$totdays
[1] 365

$Psampest
[1] 840.8049

$Pbootest
     Mean      2.5%       50%     97.5% 
 850.8902  638.0330  853.2171 1083.4184 

$Pboots
 [1]  875.2221  866.8614 1024.3811  868.8754  731.6711  789.6469  790.3683  888.8706
 [9]  849.0326  859.8924  987.4702  637.3324  657.2069  840.1882  944.0183  623.8227
[17] 1045.6522  891.1271  846.2362 1046.6037  857.4015  800.5914  640.4462  817.5041
[25]  796.2496  981.4389  794.7503  708.9469  960.6429  655.8315  892.8363  667.3110
[33]  923.3279  889.1487  832.6843  752.2603  712.0966 1033.6526  739.5574  807.4684
[41]  819.5298  984.4304  916.7728 1094.1065  698.0792  928.9248  919.2655  739.5695
[49]  963.7258 1151.4810

$Bboots
 [1] 197.9456 201.4982 226.0966 197.3178 176.3459 192.4256 190.2237 207.9079 200.5583
[10] 200.5893 225.9436 156.0146 157.4129 204.5596 224.2597 152.4854 239.4517 207.0089
[19] 201.9875 233.5175 200.3746 195.2330 153.3989 192.7235 192.4600 227.3542 185.7712
[28] 168.9902 219.5057 155.2318 208.3281 167.4284 217.5511 208.7727 194.0646 180.0857
[37] 168.5195 230.6661 172.2298 191.1835 186.2578 227.7316 209.9427 248.6512 162.8474
[46] 209.2108 213.1021 172.8306 221.4644 265.4258

$Nboots
 [1] 116.3636 161.2121 142.6263 111.9192 126.0606 143.8384 174.5455 183.0303 209.2929
[10] 137.3737 129.6970 119.5960 153.1313 172.1212 202.8283 169.2929 205.2525 161.6162
[19] 161.6162 189.4949 155.1515 189.8990 132.5253 136.9697 176.5657 162.0202 128.0808
[28] 138.9899 160.8081 148.2828 192.3232 185.4545 141.4141 177.3737 176.9697 109.0909
[37] 139.3939 157.5758 121.2121 164.8485 128.8889 142.6263 138.1818 198.3838 123.2323
[46] 138.1818 155.5556 102.2222 170.9091 205.2525

$julians
 [1] 1760 1795 1846 1880 1904 1934 1956 1999 2026 2054 2083 2116

$intdays
 [1] 35 51 34 24 30 22 43 27 28 29 33  9

$Pintsampest
 [1] 180.355564 125.677078  15.738364   0.000000   0.000000   0.000000   0.000000
 [8]   1.655784  13.053403 141.885985 298.230133  64.208565

$Pintboots
           [,1]      [,2]     [,3] [,4] [,5] [,6] [,7]      [,8]      [,9]    [,10]
 [1,] 334.76025 147.05501  0.00000    0    0    0    0 1.9270338 13.333981 107.8356
 [2,] 249.07909 102.11387  0.00000    0    0    0    0 4.6961021 18.283969 124.6749
 [3,] 264.16319 274.91736 47.21509    0    0    0    0 2.7690683  9.696667 101.9634
 [4,] 247.35596 159.28661  0.00000    0    0    0    0 1.9270338  7.343343 122.8321
 [5,] 193.09588  23.56320 15.73836    0    0    0    0 1.3845342  9.794026 143.2784
 [6,] 124.37235  23.56320 15.73836    0    0    0    0 1.9270338 15.433809 163.8096
 [7,] 190.46005  57.17274  0.00000    0    0    0    0 3.0403181 18.671072 170.6679
 [8,] 147.07551 161.47189 31.47673    0    0    0    0 2.7690683 21.692076 166.3468
 [9,] 166.51856 102.11387  0.00000    0    0    0    0 4.1536025 23.727586 151.6912
[10,] 144.14980 137.00868 31.47673    0    0    0    0 5.8093864 12.883746 141.1272
[11,] 227.91291 195.08142 15.73836    0    0    0    0 0.0000000  5.672824 168.0231
[12,] 110.38494   0.00000  0.00000    0    0    0    0 2.7690683 16.010088 126.4208
[13,]  94.82481  80.73594 15.73836    0    0    0    0 1.6557840 23.229562 135.6903
[14,] 114.11746  68.50434 15.73836    0    0    0    0 1.9270338 27.358743 194.9118
[15,] 177.38534 104.29915 31.47673    0    0    0    0 3.3115679 22.856594 172.0567
[16,]  68.72353  23.56320 15.73836    0    0    0    0 4.1536025  9.365905 134.1909
[17,] 162.15960 240.02255 15.73836    0    0    0    0 3.0403181 24.338926 172.0562
[18,] 166.51856 149.24028 31.47673    0    0    0    0 4.1536025 16.853009 141.7042
[19,] 141.02917  92.06754 31.47673    0    0    0    0 0.2712498 27.465268 158.2699
[20,] 275.51476 261.40049  0.00000    0    0    0    0 2.7690683 20.476188 130.4421
[21,] 171.82380 137.00868 31.47673    0    0    0    0 0.5424996 11.901833 159.2178
[22,] 151.28406   0.00000  0.00000    0    0    0    0 5.5381366 14.702996 153.5084
[23,]  86.29305  68.50434 15.73836    0    0    0    0 0.2712498 19.108359 127.8237
[24,] 204.44746  80.73594 15.73836    0    0    0    0 3.3115679 18.348288 132.7311
[25,] 135.57352  57.17274  0.00000    0    0    0    0 1.3845342 13.988714 181.6664
[26,] 222.16739 149.24028 31.47673    0    0    0    0 1.6557840  9.429037 155.4699
[27,] 150.32323 127.86235 47.21509    0    0    0    0 1.3845342 18.763462 130.7489
[28,] 116.93727  89.88227  0.00000    0    0    0    0 1.6557840 22.626200 148.5225
[29,] 279.87373 147.05501  0.00000    0    0    0    0 4.4248523  6.667684 129.6715
[30,] 107.89952  80.73594 15.73836    0    0    0    0 0.2712498  5.953401 132.1655
[31,] 183.32578 147.05501  0.00000    0    0    0    0 0.2712498 19.108359 170.2225
[32,]  82.56053   0.00000  0.00000    0    0    0    0 1.9270338 27.092300 176.0942
[33,] 185.96162  89.88227  0.00000    0    0    0    0 1.6557840 15.139096 154.8496
[34,] 119.86298 137.90868 15.73836    0    0    0    0 2.7690683 13.601611 167.5773
[35,] 106.17639 161.47189 31.47673    0    0    0    0 0.8137494 11.901833 160.3667
[36,] 108.66182  57.17274  0.00000    0    0    0    0 0.5424996  5.630618 155.1533
[37,] 127.34257  92.06754 31.47673    0    0    0    0 0.5424996 18.495832 129.3368
[38,] 272.73946 260.50048 15.73836    0    0    0    0 1.6557840  9.471242 139.6208
[39,] 199.03632  89.88227  0.00000    0    0    0    0 1.6557840 10.925503 119.7045
[40,] 177.38534  57.17274  0.00000    0    0    0    0 0.0000000  9.535562 138.8091
[41,] 164.79543 182.84982 15.73836    0    0    0    0 1.6557840 11.290493 124.5546
[42,] 142.27626 194.18142 31.47673    0    0    0    0 1.3845342 16.958347 168.6156
[43,] 252.96202 147.05501  0.00000    0    0    0    0 1.6557840 15.139096 127.3242
[44,] 236.48918 251.35416 31.47673    0    0    0    0 3.3115679 20.756766 163.5891
[45,] 152.53115 102.11387  0.00000    0    0    0    0 0.2712498 13.426370 124.3847
[46,] 274.41808 206.41302 31.47673    0    0    0    0 0.0000000 14.029732 123.4754
[47,] 243.66796 134.82341  0.00000    0    0    0    0 1.9270338 11.528865 156.7380
[48,] 204.44746  57.17274  0.00000    0    0    0    0 1.6557840  8.545097 103.1736
[49,] 243.66796 134.82341  0.00000    0    0    0    0 4.1536025  9.323699 128.2354
[50,] 274.41808 206.41302 31.47673    0    0    0    0 3.0403181 24.338926 178.3903
         [,11]    [,12]
 [1,] 199.5504 70.75986
 [2,] 295.2845 72.72892
 [3,] 254.5415 69.11481
 [4,] 262.1563 67.97405
 [5,] 281.2732 63.54350
 [6,] 377.0785 67.72411
 [7,] 286.4473 63.90895
 [8,] 298.1606 59.87789
 [9,] 333.5808 67.24705
[10,] 324.3560 63.08090
[11,] 303.8846 71.15693
[12,] 323.2077 58.53973
[13,] 257.7639 47.56821
[14,] 354.3470 63.28348
[15,] 360.3173 72.31493
[16,] 315.9497 52.13757
[17,] 358.2421 70.05415
[18,] 316.2976 64.88312
[19,] 331.9430 63.71343
[20,] 281.6980 74.30310
[21,] 284.2426 61.18761
[22,] 401.0594 74.49841
[23,] 274.0229 48.68427
[24,] 295.2608 66.93059
[25,] 342.0731 64.39061
[26,] 337.0523 74.94746
[27,] 262.9667 55.48590
[28,] 276.3424 52.98046
[29,] 313.7035 79.24665
[30,] 263.0752 49.99233
[31,] 307.0525 65.80091
[32,] 324.5292 55.10768
[33,] 397.3464 78.49319
[34,] 366.0592 65.63145
[35,] 304.9772 55.49979
[36,] 361.5403 63.55897
[37,] 260.6495 52.18509
[38,] 262.5964 71.33010
[39,] 257.3151 61.03792
[40,] 353.2212 71.34436
[41,] 261.4832 57.16210
[42,] 361.6051 67.93242
[43,] 298.9080 73.72869
[44,] 313.5381 73.59087
[45,] 251.1900 54.16181
[46,] 214.1853 64.92657
[47,] 298.1606 72.41970
[48,] 297.3574 67.21735
[49,] 362.3257 81.19595
[50,] 349.9127 83.49083

$Bdatesampinfo
       DATE JULIAN N      Mean     Stdev
1  10/26/10   1760 5 605.39650 781.83795
2  11/30/10   1795 5 383.75868 531.73014
3  01/20/11   1846 5  88.55358 198.01182
4  02/23/11   1880 5   0.00000   0.00000
5  03/19/11   1904 5   0.00000   0.00000
6  04/18/11   1934 5   0.00000   0.00000
7  05/10/11   1956 5   0.00000   0.00000
8  06/22/11   1999 5   0.00000   0.00000
9  07/19/11   2026 5  11.64586  21.11635
10 08/16/11   2054 5  77.11162  95.50776
11 09/14/11   2083 5 855.84228 329.51118
12 10/17/11   2116 5 867.18246 484.22096

$Ndatesampinfo
       DATE JULIAN N      Mean     Stdev
1  10/26/10   1760 5  88.88889 108.86621
2  11/30/10   1795 5  88.88889 136.98698
3  01/20/11   1846 5  17.77778  39.75232
4  02/23/11   1880 5   0.00000   0.00000
5  03/19/11   1904 5   0.00000   0.00000
6  04/18/11   1934 5   0.00000   0.00000
7  05/10/11   1956 5   0.00000   0.00000
8  06/22/11   1999 5   0.00000   0.00000
9  07/19/11   2026 5 115.55556 234.33647
10 08/16/11   2054 5 284.44444 295.81442
11 09/14/11   2083 5 906.66667 518.87818
12 10/17/11   2116 5 293.33333 202.69785

$Bdateboots
            [,1]     [,2]      [,3] [,4] [,5] [,6] [,7] [,8]      [,9]     [,10]
 [1,] 1283.31810 552.6522   0.00000    0    0    0    0    0 13.553684  77.11162
 [2,]  982.30249 383.7587   0.00000    0    0    0    0    0 33.029773  91.29314
 [3,]  681.28688 767.5174 265.66073    0    0    0    0    0 19.476090  46.45699
 [4,]  757.99661 598.6238   0.00000    0    0    0    0    0 13.553684  36.37809
 [5,] 1059.01222   0.0000  88.55358    0    0    0    0    0  9.738045  56.85705
 [6,]  682.10623   0.0000  88.55358    0    0    0    0    0 13.553684  91.38991
 [7,]  829.70238 214.8651   0.00000    0    0    0    0    0 21.383909 105.57144
 [8,]  376.90600 429.7302 177.10715    0    0    0    0    0 19.476090 128.02081
 [9,]  529.50611 383.7587   0.00000    0    0    0    0    0 29.214135 132.12344
[10,]  452.79638 337.7871 177.10715    0    0    0    0    0 40.859999  46.74398
[11,]  605.39650 644.5954  88.55358    0    0    0    0    0  0.000000  38.57289
[12,]  605.39650   0.0000   0.00000    0    0    0    0    0 19.476090  89.38532
[13,]  305.20023 214.8651  88.55358    0    0    0    0    0 11.645864 146.30497
[14,]  456.98100 168.8936  88.55358    0    0    0    0    0 13.553684 172.47322
[15,]  757.99661 214.8651 177.10715    0    0    0    0    0 23.291729 132.12344
[16,]  376.90600   0.0000  88.55358    0    0    0    0    0 29.214135  34.47027
[17,]   75.89038 813.4889  88.55358    0    0    0    0    0 21.383909 144.11016
[18,]  529.50611 383.7587 177.10715    0    0    0    0    0 29.214135  85.37947
[19,]  604.57715 168.8936 177.10715    0    0    0    0    0  1.907819 184.84369
[20,]  528.68676 982.3825   0.00000    0    0    0    0    0 19.476090 119.75297
[21,]  604.57715 337.7871 177.10715    0    0    0    0    0  3.815639  77.11162
[22,]  829.70238   0.0000   0.00000    0    0    0    0    0 38.952180  61.02227
[23,]  304.38088 168.8936  88.55358    0    0    0    0    0  1.907819 128.02081
[24,]  906.41211 214.8651  88.55358    0    0    0    0    0 23.291729 101.46881
[25,]  528.68676 214.8651   0.00000    0    0    0    0    0  9.738045  85.37947
[26,]  834.70634 383.7587 177.10715    0    0    0    0    0 11.645864  52.46743
[27,]  609.58111 214.8651 265.66073    0    0    0    0    0  9.738045 117.84515
[28,]  303.56154 337.7871   0.00000    0    0    0    0    0 11.645864 142.20234
[29,]  982.30249 552.6522   0.00000    0    0    0    0    0 31.121954  14.21570
[30,]  376.90600 214.8651  88.55358    0    0    0    0    0  1.907819  38.57289
[31,]  452.79638 552.6522   0.00000    0    0    0    0    0  1.907819 128.02081
[32,]  452.79638   0.0000   0.00000    0    0    0    0    0 13.553684 170.66216
[33,]  682.10623 337.7871   0.00000    0    0    0    0    0 11.645864  91.29314
[34,]  227.67115 429.7302  88.55358    0    0    0    0    0 19.476090  73.00899
[35,]  152.60011 429.7302 177.10715    0    0    0    0    0  5.723458  75.20380
[36,]  381.09061 214.8651   0.00000    0    0    0    0    0  3.815639  34.47027
[37,]  529.50611 168.8936 177.10715    0    0    0    0    0  3.815639 121.94777
[38,]  605.39650 890.4394  88.55358    0    0    0    0    0 11.645864  52.75442
[39,]  753.81199 337.7871   0.00000    0    0    0    0    0 11.645864  62.64310
[40,]  757.99661 214.8651   0.00000    0    0    0    0    0  0.000000  64.83791
[41,]  305.20023 598.6238  88.55358    0    0    0    0    0 11.645864  65.12490
[42,]  227.67115 552.6522 177.10715    0    0    0    0    0  9.738045 105.57144
[43,]  834.70634 552.6522   0.00000    0    0    0    0    0 11.645864  91.29314
[44,]  529.50611 767.5174 177.10715    0    0    0    0    0 23.291729 117.84515
[45,]  452.79638 383.7587   0.00000    0    0    0    0    0  1.907819  89.38532
[46,]  906.41211 598.6238 177.10715    0    0    0    0    0  0.000000  95.39577
[47,]  829.70238 506.6807   0.00000    0    0    0    0    0 13.553684  64.83791
[48,]  906.41211 214.8651   0.00000    0    0    0    0    0 11.645864  46.45699
[49,]  829.70238 506.6807   0.00000    0    0    0    0    0 29.214135  34.18328
[50,]  906.41211 598.6238 177.10715    0    0    0    0    0 21.383909 144.11016
          [,11]     [,12]
 [1,]  631.9467  520.9570
 [2,]  728.4912  977.5126
 [3,]  623.9968  846.6231
 [4,]  771.2818  743.3208
 [5,]  885.2467  739.8069
 [6,]  985.7070 1192.8486
 [7,] 1016.6319  638.3150
 [8,]  965.7730  756.8523
 [9,]  865.3127 1061.9590
[10,]  881.2125  992.7476
[11,] 1066.2333  689.4513
[12,]  741.8774 1125.4476
[13,]  745.9115  743.3208
[14,] 1109.1423  938.0974
[15,]  999.2116 1082.5184
[16,]  847.8924  977.5126
[17,]  987.2275 1082.5184
[18,]  846.3718  981.0266
[19,]  855.8423 1061.9590
[20,]  737.9616  889.5523
[21,]  969.8072  672.4059
[22,]  948.3527 1368.7693
[23,]  712.4730  870.6964
[24,]  771.2818  934.5834
[25,] 1109.1423  867.1825
[26,]  969.8072  977.5126
[27,]  741.8774  777.4117
[28,]  834.3878  762.1767
[29,]  838.4219  973.9987
[30,]  830.4720  689.4513
[31,]  991.2616  782.7361
[32,]  987.2275  887.7418
[33,]  926.8982 1368.7693
[34,] 1028.8790 1086.0324
[35,]  979.2776  782.7361
[36,]  985.7070 1103.0778
[37,]  728.4912  777.4117
[38,]  865.3127  651.8465
[39,]  724.4570  762.1767
[40,]  847.8924 1192.8486
[41,]  753.8615  756.8523
[42,] 1003.1273 1086.0324
[43,]  745.9115  981.0266
[44,]  957.8231  853.6510
[45,]  728.4912  722.7614
[46,]  716.5071  520.9570
[47,]  965.7730  756.8523
[48,]  631.9467 1086.0324
[49,]  809.0175 1284.3229
[50,] 1028.8790  992.7476

$Ndateboots
           [,1]      [,2]     [,3] [,4] [,5] [,6] [,7] [,8]       [,9]    [,10]
 [1,] 177.77778 115.55556  0.00000    0    0    0    0    0 124.444444 284.4444
 [2,] 142.22222  88.88889  0.00000    0    0    0    0    0 337.777778 231.1111
 [3,] 106.66667 177.77778 53.33333    0    0    0    0    0 213.333333 106.6667
 [4,] 106.66667 151.11111  0.00000    0    0    0    0    0 124.444444 204.4444
 [5,] 142.22222   0.00000 17.77778    0    0    0    0    0 106.666667 231.1111
 [6,]  88.88889   0.00000 17.77778    0    0    0    0    0 124.444444 480.0000
 [7,] 124.44444  62.22222  0.00000    0    0    0    0    0 222.222222 426.6667
 [8,]  53.33333 124.44444 35.55556    0    0    0    0    0 213.333333 515.5556
 [9,]  71.11111  88.88889  0.00000    0    0    0    0    0 320.000000 560.0000
[10,]  71.11111  53.33333 35.55556    0    0    0    0    0 435.555556 133.3333
[11,]  88.88889 186.66667 17.77778    0    0    0    0    0   0.000000 240.0000
[12,]  88.88889   0.00000  0.00000    0    0    0    0    0 213.333333 222.2222
[13,]  35.55556  62.22222 17.77778    0    0    0    0    0 115.555556 506.6667
[14,]  71.11111  26.66667 17.77778    0    0    0    0    0 124.444444 364.4444
[15,] 106.66667  62.22222 35.55556    0    0    0    0    0 231.111111 560.0000
[16,]  53.33333   0.00000 17.77778    0    0    0    0    0 320.000000 195.5556
[17,]  17.77778 213.33333 17.77778    0    0    0    0    0 222.222222 471.1111
[18,]  71.11111  88.88889 35.55556    0    0    0    0    0 320.000000 426.6667
[19,] 106.66667  26.66667 35.55556    0    0    0    0    0   8.888889 551.1111
[20,]  88.88889 240.00000  0.00000    0    0    0    0    0 213.333333 373.3333
[21,] 106.66667  53.33333 35.55556    0    0    0    0    0  17.777778 284.4444
[22,] 124.44444   0.00000  0.00000    0    0    0    0    0 426.666667 328.8889
[23,]  53.33333  26.66667 17.77778    0    0    0    0    0   8.888889 515.5556
[24,] 124.44444  62.22222 17.77778    0    0    0    0    0 231.111111 382.2222
[25,]  88.88889  62.22222  0.00000    0    0    0    0    0 106.666667 426.6667
[26,] 106.66667  88.88889 35.55556    0    0    0    0    0 115.555556 160.0000
[27,]  88.88889  62.22222 53.33333    0    0    0    0    0 106.666667 364.4444
[28,]  71.11111  53.33333  0.00000    0    0    0    0    0 115.555556 462.2222
[29,] 142.22222 115.55556  0.00000    0    0    0    0    0 328.888889 142.2222
[30,]  53.33333  62.22222 17.77778    0    0    0    0    0   8.888889 240.0000
[31,]  71.11111 115.55556  0.00000    0    0    0    0    0   8.888889 515.5556
[32,]  71.11111   0.00000  0.00000    0    0    0    0    0 124.444444 604.4444
[33,]  88.88889  53.33333  0.00000    0    0    0    0    0 115.555556 231.1111
[34,]  53.33333 124.44444 17.77778    0    0    0    0    0 213.333333 240.0000
[35,]  17.77778 124.44444 35.55556    0    0    0    0    0  26.666667 275.5556
[36,]  53.33333  62.22222  0.00000    0    0    0    0    0  17.777778 195.5556
[37,]  71.11111  26.66667 35.55556    0    0    0    0    0  17.777778 408.8889
[38,]  88.88889 168.88889 17.77778    0    0    0    0    0 115.555556 186.6667
[39,] 106.66667  53.33333  0.00000    0    0    0    0    0 115.555556 311.1111
[40,] 106.66667  62.22222  0.00000    0    0    0    0    0   0.000000 346.6667
[41,]  35.55556 151.11111 17.77778    0    0    0    0    0 115.555556 373.3333
[42,]  53.33333 115.55556 35.55556    0    0    0    0    0 106.666667 426.6667
[43,] 106.66667 115.55556  0.00000    0    0    0    0    0 115.555556 231.1111
[44,]  71.11111 177.77778 35.55556    0    0    0    0    0 231.111111 364.4444
[45,]  71.11111  88.88889  0.00000    0    0    0    0    0   8.888889 222.2222
[46,] 124.44444 151.11111 35.55556    0    0    0    0    0   0.000000 275.5556
[47,] 124.44444  80.00000  0.00000    0    0    0    0    0 124.444444 346.6667
[48,] 124.44444  62.22222  0.00000    0    0    0    0    0 115.555556 106.6667
[49,] 124.44444  80.00000  0.00000    0    0    0    0    0 320.000000 168.8889
[50,] 124.44444 151.11111 35.55556    0    0    0    0    0 222.222222 471.1111
          [,11]    [,12]
 [1,]  586.6667 160.0000
 [2,]  880.0000 328.8889
 [3,]  817.7778 293.3333
 [4,]  577.7778 240.0000
 [5,]  835.5556 248.8889
 [6,]  702.2222 426.6667
 [7,] 1057.7778 177.7778
 [8,]  968.8889 257.7778
 [9,] 1102.2222 391.1111
[10,]  640.0000 355.5556
[11,]  835.5556 204.4444
[12,]  648.8889 373.3333
[13,]  844.4444 240.0000
[14,] 1155.5556 337.7778
[15,] 1093.3333 391.1111
[16,] 1137.7778 328.8889
[17,] 1128.8889 391.1111
[18,]  711.1111 320.0000
[19,]  906.6667 391.1111
[20,] 1075.5556 275.5556
[21,] 1164.4444 195.5556
[22,] 1004.4444 533.3333
[23,]  720.0000 284.4444
[24,]  577.7778 346.6667
[25,] 1155.5556 293.3333
[26,] 1164.4444 328.8889
[27,]  648.8889 257.7778
[28,]  746.6667 231.1111
[29,]  942.2222 337.7778
[30,] 1173.3333 204.4444
[31,] 1324.4444 231.1111
[32,] 1128.8889 293.3333
[33,]  844.4444 533.3333
[34,] 1137.7778 382.2222
[35,] 1360.0000 231.1111
[36,]  702.2222 391.1111
[37,]  880.0000 257.7778
[38,] 1102.2222 195.5556
[39,]  684.4444 231.1111
[40,] 1137.7778 426.6667
[41,]  613.3333 257.7778
[42,]  666.6667 382.2222
[43,]  844.4444 320.0000
[44,] 1200.0000 275.5556
[45,]  880.0000 240.0000
[46,]  915.5556 160.0000
[47,]  968.8889 257.7778
[48,]  586.6667 382.2222
[49,] 1013.3333 471.1111
[50,] 1137.7778 355.5556

