$totdays
[1] 365

$Psampest
[1] 39.08155

$Pbootest
    Mean     2.5%      50%    97.5% 
38.11532 25.77134 37.93892 57.87108 

$Pboots
 [1] 42.09145 24.58830 33.07085 37.84738 45.95977 34.14219 38.01302 32.83781 59.23703
[10] 53.16612 38.51693 47.13615 30.58648 31.45475 29.62514 40.13416 45.77184 28.58310
[19] 25.61882 49.10287 37.93345 28.05731 37.94440 40.54848 44.29182 62.55222 39.92472
[28] 41.18593 36.02577 38.80402 36.13800 35.77383 51.07793 33.92494 35.13161 41.98629
[37] 40.29160 45.48561 29.56769 35.18914 31.98305 39.96912 37.41635 30.47327 38.57727
[46] 39.22528 26.29669 31.83178 30.11139 40.56314

$Bboots
 [1] 10.538350  7.416952 10.239153  5.900401 10.379497  7.961871 13.499058  7.456012
 [9] 15.625919 14.670391 12.914873 12.187125  8.706253  8.890869  6.240938 11.269937
[17] 12.817005  7.889717  8.744340 13.656342  8.035329  7.570685  9.612262 12.405187
[25] 11.188161 16.025763 11.746487  9.574154  8.599491  9.179272  6.556112 11.571327
[33] 10.298922  9.004714 10.254771 11.962504  8.380605 11.608371  7.931869  9.355093
[41]  7.896474  8.537122  9.228428  8.232866  8.156402  9.820038  8.506447  8.049146
[49]  9.524108 10.965594

$Nboots
 [1] 345.8586 230.7071 307.0707 298.1818 371.7172 276.3636 310.7071 272.3232 450.9091
[10] 411.3131 333.3333 379.7980 279.5960 260.6061 267.0707 359.1919 369.2929 252.5253
[19] 239.5960 386.2626 324.8485 243.2323 345.4545 336.5657 373.7374 485.6566 331.7172
[28] 337.3737 295.7576 314.7475 296.9697 324.8485 400.0000 298.1818 298.1818 357.1717
[37] 338.5859 358.3838 255.7576 288.8889 299.3939 331.3131 303.4343 261.4141 322.8283
[46] 306.2626 227.0707 269.4949 270.7071 322.4242

$julians
 [1] 1760 1795 1846 1880 1904 1934 1956 1999 2026 2054 2083 2116

$intdays
 [1] 35 51 34 24 30 22 43 27 28 29 33  9

$Pintsampest
 [1] 10.0343611 10.6946074  1.6052571  0.8992503  1.2815067  1.3347217  2.0299650
 [8]  2.7828862  3.4557808  1.6868638  0.8590758  2.4172715

$Pintboots
           [,1]      [,2]      [,3]      [,4]       [,5]      [,6]       [,7]
 [1,] 10.899613 10.497684 2.0445420 0.9819695 2.02348940 2.2157077 3.30038808
 [2,]  8.067091  4.644601 1.8299307 0.9854621 2.13229938 2.0816797 2.62409089
 [3,]  8.548559  7.785561 1.7935880 1.0250754 1.28150673 1.3347217 2.30953874
 [4,]  9.911625 10.966475 0.6013298 0.3844605 2.13229938 1.7743146 1.55748343
 [5,] 12.536073 14.858962 2.4667917 1.5002519 1.70158531 1.3511605 0.90998469
 [6,]  8.725298 12.218212 1.4048082 0.8992503 0.05440499 0.4457640 2.17080833
 [7,]  9.144753  5.196953 1.3534807 0.8165311 0.43071408 0.5921346 1.45398152
 [8,] 11.928191 12.167389 0.7341271 0.1724236 0.48511907 0.2934969 0.15792938
 [9,] 12.914565 15.074775 2.5194027 1.5002519 0.43071408 0.6008619 1.34512477
[10,] 11.792463 13.814556 0.9153183 0.5067929 0.53952406 1.3146821 4.56975472
[11,]  6.811453  6.217363 1.4837555 0.8596370 1.70158531 1.9309525 3.29933160
[12,] 12.274255 14.471142 0.5925567 0.1689310 1.59277532 1.6454273 2.02890849
[13,]  9.729520  9.072342 1.6303042 1.1543931 1.44472170 1.4862188 2.91326416
[14,]  8.957469 11.733647 0.5749991 0.2982487 1.33591172 0.8933286 0.17607187
[15,]  9.092103  9.094937 1.0786021 0.4205811 2.44356798 2.0850202 1.56602644
[16,] 11.679668 10.897360 2.6146240 1.5433578 1.33591172 1.1832246 1.44543851
[17,] 10.339668 14.103319 1.9326415 1.0250754 0.48511907 0.3066094 0.19315788
[18,]  8.953339  5.833991 1.3238109 0.9854621 0.91583315 1.1842549 2.62303442
[19,]  9.188870  7.841160 1.2373683 0.8596370 0.10880998 0.3161067 1.36326726
[20,]  9.589452 12.157578 1.6294875 0.8165311 0.53952406 0.7392609 2.02036548
[21,] 12.213129 11.613251 2.1536256 1.3744269 1.22710174 1.0448257 1.04977158
[22,]  9.634872  7.828100 0.3482755 0.1724236 0.95960263 0.7513288 0.89184220
[23,] 12.266554 11.936399 0.7842212 0.3844605 1.01400763 0.7644413 1.04765863
[24,] 10.616794  7.994345 2.7779078 1.4571460 1.60341083 1.6500585 1.97447921
[25,] 12.279222 13.420247 2.8655780 1.6691829 1.33591172 1.3390926 2.02890849
[26,] 13.252301 16.767075 1.8825417 0.9423562 1.60341083 1.9137438 3.43911849
[27,]  9.291845 10.683541 1.6578681 0.8992503 1.64718032 2.0868204 3.75261417
[28,] 11.482188 11.414533 1.6829208 0.9819695 0.48511907 0.8732890 2.69666266
[29,]  8.805085 10.630139 1.4979235 0.9854621 1.39031671 1.4687498 2.69666266
[30,] 11.094387 13.343642 2.3419565 1.4606386 0.53952406 0.4493649 0.63041091
[31,]  8.940813 10.068433 1.7739862 0.6872134 0.85079265 0.6085734 0.02562902
[32,]  6.761903  4.512017 1.8624730 1.1077946 1.65781582 1.9137438 3.30893108
[33,] 16.933414 19.950573 1.3238109 0.7303193 1.17269675 1.6289886 3.30787461
[34,]  9.080528  9.090902 1.2833122 0.8165311 0.86142816 1.1624150 2.54727629
[35,] 10.912281 11.655916 0.6977844 0.1293177 1.65781582 1.3383226 0.76914133
[36,] 10.793420  9.516694 0.7503954 0.3413546 0.95960263 1.3354917 3.15954471
[37,] 12.233032 13.351002 1.9029716 1.1509005 2.92868705 2.3741463 1.43583903
[38,]  9.891399 12.782088 4.3928210 2.5764301 0.75261818 1.3182830 3.71869227
[39,]  9.255286  7.055691 1.0097172 0.3809678 0.90519764 1.1970927 2.76387778
[40,] 10.348511 10.573751 2.2078259 0.9819695 0.43071408 0.7392609 2.02036548
[41,]  9.843928  7.518123 1.7605789 1.0681813 0.91583315 1.3182830 3.29933160
[42,] 12.657715 12.927071 0.6121585 0.4240737 1.65781582 1.7578759 2.83644955
[43,] 10.577905 12.450457 1.5154810 0.8561444 0.43071408 0.7392609 1.89017807
[44,]  5.692711  6.531784 1.5020794 1.1077946 0.90519764 1.4695197 4.09621671
[45,] 12.563534 14.741479 0.9692185 0.3378620 0.85079265 0.8897277 1.43689550
[46,]  9.169109 11.176588 0.8126075 0.3809678 0.90519764 1.1970927 2.64328986
[47,]  7.512889  9.017408 1.7530894 0.8992503 0.86142816 0.7428618 0.76914133
[48,]  6.559056  8.269336 1.6085964 0.8130385 0.43071408 1.0247861 3.56076289
[49,] 10.850529  9.858730 0.3725002 0.2155295 1.28150673 1.0491965 0.77874081
[50,]  8.516758  9.097853 1.8549835 0.8992503 1.33591172 1.0448257 0.63041091
            [,8]       [,9]       [,10]     [,11]    [,12]
 [1,] 2.78676436 3.45277619 1.181734541 0.2594155 2.447369
 [2,] 0.17396304 0.04475846 0.001606559 0.2826396 1.720173
 [3,] 3.03549865 2.46425749 0.758852941 0.7061439 2.027548
 [4,] 0.27399941 3.43799559 3.670149084 0.7061439 2.431100
 [5,] 2.91629467 2.17291576 1.010258586 1.4122877 3.123201
 [6,] 0.30411252 2.31969217 2.616481286 0.8358516 2.147506
 [7,] 8.01734853 7.71999898 1.181734541 0.1529319 1.952457
 [8,] 0.18247216 1.33682290 1.686060554 0.8822999 2.811477
 [9,] 8.00529337 8.85935591 3.246464204 1.4122877 3.327937
[10,] 5.40953507 7.87130589 3.292283254 0.2594155 2.880488
[11,] 5.40246777 6.87785629 2.363469082 0.1529319 1.416127
[12,] 5.38689135 4.44458112 0.630786197 0.8358516 3.064045
[13,] 0.43253318 0.19019287 0.127263464 0.3058638 2.099867
[14,] 2.79002340 2.31912574 0.128066743 0.1529319 2.094923
[15,] 0.29205736 0.04252948 0.505932573 0.8590758 2.144709
[16,] 2.80075183 2.47568592 0.758049661 0.7293680 2.670720
[17,] 5.39887658 5.58464110 2.191993127 1.4122877 2.798447
[18,] 0.16793546 2.32037000 2.110548714 0.2826396 1.881876
[19,] 0.17507270 0.33755360 0.758049661 1.1649395 2.267984
[20,] 7.99574454 7.71164764 2.191993127 1.2825800 2.428703
[21,] 0.41114626 0.31344824 1.765898408 1.7293084 3.037515
[22,] 0.30141391 2.61478882 2.364272361 0.1297077 2.060683
[23,] 0.43231610 1.34105074 2.695515861 2.1881040 3.089667
[24,] 2.78288616 4.59436210 2.237812177 0.4123474 2.446931
[25,] 2.78654728 2.32879811 0.633196037 0.7293680 2.875771
[26,] 8.13655251 7.57271077 2.063926384 1.4122877 3.566195
[27,] 2.66020607 3.46653135 1.183341100 0.4123474 2.183176
[28,] 2.78399582 3.30994594 1.559600370 1.0352318 2.880476
[29,] 0.17396304 2.46735556 2.742138191 0.8358516 2.332123
[30,] 0.05274956 2.46634985 2.742138191 0.8590758 2.823783
[31,] 2.61958161 3.27741672 2.569055677 2.3178118 2.398692
[32,] 2.79853251 5.74214289 3.796609268 0.8358516 1.476015
[33,] 0.17403298 0.04405541 0.505129293 1.0120076 4.295024
[34,] 2.66235545 2.18396901 1.010258586 1.1528722 2.073096
[35,] 2.79354465 2.32747708 0.126460184 0.2594155 2.464137
[36,] 5.25584930 4.58036838 1.262375674 1.4122877 2.618906
[37,] 0.17285339 0.18904211 0.631589477 0.8822999 3.039240
[38,] 3.17332827 3.32240531 1.056880916 0.1529319 2.347732
[39,] 0.30023432 2.32192116 2.112155273 0.2826396 1.982909
[40,] 2.77796824 2.31912574 0.128066743 0.2826396 2.378940
[41,] 0.17299325 1.18155852 1.560403650 1.1649395 2.178895
[42,] 0.29912466 1.32684788 1.686060554 0.7061439 3.077785
[43,] 2.64692618 2.30715186 0.631589477 0.8590758 2.511464
[44,] 2.89240143 3.44543056 1.183341100 0.2826396 1.364152
[45,] 0.16933213 0.32534959 1.262375674 1.7413756 3.289333
[46,] 2.77355440 4.42597309 2.615678007 0.8358516 2.289368
[47,] 0.18455160 1.33897936 1.181734541 0.2594155 1.775942
[48,] 3.00912387 3.58018688 1.308194725 0.2826396 1.385342
[49,] 0.19064912 1.48526187 1.308194725 0.2594155 2.461139
[50,] 5.26194681 6.71061804 2.741334911 0.5764361 1.892814

$Bdatesampinfo
       DATE JULIAN N       Mean      Stdev
1  10/26/10   1760 5  6.1551463  4.9115618
2  11/30/10   1795 5 15.3841160 19.1694377
3  01/20/11   1846 5  0.5785311  0.5838818
4  02/23/11   1880 5  1.9708651  3.6914920
5  03/19/11   1904 5  0.1055799  0.1445713
6  04/18/11   1934 5  3.1072362  4.2721008
7  05/10/11   1956 5 20.8740038 23.1285228
8  06/22/11   1999 5  4.8143496  9.8176020
9  07/19/11   2026 5 50.0616315 50.5674194
10 08/16/11   2054 5 10.1781989 13.4434109
11 09/14/11   2083 5  2.6160728  5.8497166
12 10/17/11   2116 5  0.3297897  0.4549868

$Ndatesampinfo
       DATE JULIAN N       Mean      Stdev
1  10/26/10   1760 5  853.33333  645.89874
2  11/30/10   1795 5 1288.88889 1137.46523
3  01/20/11   1846 5   80.00000   73.02967
4  02/23/11   1880 5  195.55556  297.47912
5  03/19/11   1904 5   35.55556   48.68645
6  04/18/11   1934 5  213.33333  318.01856
7  05/10/11   1956 5  302.22222  353.32635
8  06/22/11   1999 5   71.11111  102.31879
9  07/19/11   2026 5  533.33333  804.92312
10 08/16/11   2054 5  222.22222  325.08309
11 09/14/11   2083 5  168.88889  377.64704
12 10/17/11   2116 5   62.22222   97.37290

$Bdateboots
           [,1]      [,2]       [,3]       [,4]       [,5]     [,6]      [,7]
 [1,]  7.809256 14.032723 0.95014912 2.18327465 0.05278996 4.552088 22.692659
 [2,]  9.641258  4.255971 0.81731165 2.02365510 0.15836987 4.552088 28.008877
 [3,]  6.964617 10.757486 0.59966738 2.18327465 0.10557991 3.107236 20.874004
 [4,]  5.945888 16.735509 0.29721631 0.37077938 0.15836987 4.552088  9.765639
 [5,]  6.155146 21.784459 0.57853110 3.62374086 0.10557991 2.889704 15.081857
 [6,]  1.950412 17.444054 0.21240951 2.02365510 0.05278996 0.000000 16.900512
 [7,]  9.550410  6.822663 0.31835259 1.86403555 0.05278996 1.662384 17.712622
 [8,]  7.596194 17.157829 0.84394437 0.10557991 0.10557991 1.662384  3.973492
 [9,]  6.877572 24.452323 0.55739481 3.67653081 0.05278996 1.662384 22.216730
[10,]  5.942085 22.814705 0.46709158 0.63722852 0.15836987 1.662384 28.484806
[11,]  4.923356  6.315909 0.46709158 1.86403555 0.10557991 2.889704 26.666151
[12,]  6.155146 23.237024 0.47232634 0.26519946 0.00000000 2.889704 24.847495
[13,]  6.364404 11.078633 0.36088683 2.18327465 0.26394979 3.107236 28.008877
[14,]  2.969140 17.021735 0.43005378 0.26519946 0.15836987 3.107236  7.946983
[15,]  5.855040 12.395104 0.70587213 0.63722852 0.05278996 4.334555 13.739130
[16,]  7.505346 15.384116 0.76954265 3.62374086 0.15836987 3.107236 13.739130
[17,]  4.204734 22.814705 0.76954265 2.18327465 0.10557991 1.662384 15.893967
[18,]  8.618726  6.315909 0.12734104 2.02365510 0.15836987 3.324769 31.982369
[19,]  7.687043 11.972785 0.14873899 1.86403555 0.10557991 0.000000 26.190222
[20,]  4.501037 17.021735 0.85984589 1.75845563 0.15836987 1.662384 20.874004
[21,]  8.831788 17.021735 0.31835259 3.46412130 0.05278996 3.107236 15.081857
[22,]  8.109362  9.304921 0.36088683 0.05278996 0.15836987 1.444852 11.108365
[23,]  8.318620 17.021735 0.62106533 0.31798942 0.21115983 1.444852 23.028840
[24,] 10.572942 11.550465 1.00832320 3.62374086 0.05278996 4.769621 41.272078
[25,]  6.873768 18.795447 0.90761489 3.83615036 0.15836987 3.107236 24.847495
[26,]  6.668314 28.893900 0.79617537 2.07644505 0.05278996 4.769621 26.666151
[27,]  4.710295 15.384116 0.55739481 2.02365510 0.05278996 2.889704 37.774516
[28,]  7.596194 19.403373 0.53599686 2.13048469 0.10557991 1.662384 15.557786
[29,]  4.200930 18.981054 0.43005378 1.97086514 0.21115983 3.107236 15.557786
[30,]  5.945888 21.463311 0.55189838 3.46412130 0.15836987 1.662384 15.081857
[31,]  5.432720 13.746497 1.13566424 1.70566567 0.05278996 1.444852 11.920475
[32,]  6.964617  3.326897 0.53599686 2.34289420 0.10557991 4.769621 26.666151
[33,]  8.618726 33.942850 0.33975054 1.81124559 0.00000000 3.107236 30.639643
[34,]  5.645782 10.013466 0.29721631 1.81124559 0.10557991 3.324769 15.557786
[35,]  6.364404 15.806436 0.83870960 0.05278996 0.10557991 4.769621 19.055348
[36,]  8.105558 13.746497 0.60516381 0.31798942 0.15836987 1.444852 26.666151
[37,]  7.386936 21.463311 0.57853110 2.34289420 0.15836987 5.996940 13.739130
[38,]  4.501037 18.373128 0.95014912 6.82266269 0.00000000 3.324769 26.666151
[39,]  8.618726  7.667302 0.76954265 0.47760897 0.10557991 1.444852 28.008877
[40,]  6.873768 14.961796 1.18892967 2.18327465 0.05278996 1.662384 20.874004
[41,]  7.805452  8.089622 0.50962582 2.18327465 0.15836987 3.324769 26.666151
[42,]  7.596194 21.463311 0.14873899 0.53039893 0.10557991 4.769621 15.557786
[43,]  4.623250 17.444054 0.47232634 1.97086514 0.05278996 1.662384 20.874004
[44,]  2.459776 10.335166 0.04253424 2.34289420 0.10557991 1.444852 21.349933
[45,]  7.177678 23.237024 0.72700842 0.47760897 0.05278996 1.444852  9.765639
[46,]  4.501037 16.735509 0.51486058 0.47760897 0.10557991 1.444852 28.008877
[47,]  3.391460 13.324178 0.76954265 1.97086514 0.10557991 3.324769 19.055348
[48,]  2.459776  8.375847 0.68997061 1.91807518 0.05278996 1.662384 22.692659
[49,]  8.109362 14.168817 0.23354579 0.15836987 0.10557991 3.107236 19.055348
[50,]  5.732827  9.591146 1.00832320 1.91807518 0.15836987 3.107236 15.081857
            [,8]     [,9]     [,10]    [,11]     [,12]
 [1,]  9.2792246 48.46950  9.624213 0.000000 0.3612129
 [2,]  4.8143496 30.86236  1.107972 0.000000 0.3297897
 [3,]  5.5132986 50.11343 13.188017 2.616073 0.1806065
 [4,]  0.6989490 15.89397 10.752571 2.616073 0.1806065
 [5,]  9.6286991 50.88360  1.107972 5.232146 0.3612129
 [6,]  9.6286991 29.27023  8.276353 2.616073 0.3612129
 [7,]  9.2792246 96.30355  9.624213 0.000000 0.1491832
 [8,]  4.8143496 37.16541  9.624213 2.616073 0.2983665
 [9,]  0.3494745 96.30355 13.762389 5.232146 0.3612129
[10,]  9.2792246 77.92625 16.792593 0.000000 0.3612129
[11,]  4.8143496 77.15608 19.248426 0.000000 0.1491832
[12,]  0.3494745 70.08287  6.040023 2.616073 0.3612129
[13,]  9.9781737 30.86236  6.594009 0.000000 0.2983665
[14,]  9.2792246 50.88360  7.147995 0.000000 0.1491832
[15,]  0.6989490 29.27023  1.107972 2.616073 0.3297897
[16,]  9.2792246 58.83058 12.634031 2.616073 0.1491832
[17,]  9.2792246 70.03107 10.732185 5.232146 0.3612129
[18,]  0.3494745 30.86236  7.168380 0.000000 0.3297897
[19,]  4.8143496 31.68433 12.634031 2.616073 0.6281562
[20,]  0.3494745 89.23034 10.732185 5.232146 0.1806065
[21,]  9.9781737 15.02020 12.080045 7.848218 0.0000000
[22,]  5.1638241 31.73613 19.802412 0.000000 0.1806065
[23,]  1.0484236 39.63131 10.178199 7.848218 0.4475497
[24,]  4.8143496 50.06163 13.762389 0.000000 0.5103962
[25,]  0.3494745 57.23845  7.701981 2.616073 0.1491832
[26,]  5.1638241 95.53339  3.584190 5.232146 0.3612129
[27,]  0.0000000 57.18665 10.732185 0.000000 0.5103962
[28,]  4.8143496 50.88360  3.584190 2.616073 0.4475497
[29,]  4.8143496 30.86236 13.762389 2.616073 0.3612129
[30,]  8.9297501 30.14400 13.762389 2.616073 0.3297897
[31,]  0.0000000 27.09445  4.138176 7.848218 0.6281562
[32,]  9.2792246 57.18665 16.792593 2.616073 0.3612129
[33,]  4.8143496 30.91416  0.553986 2.616073 0.4789729
[34,]  0.0000000 58.77878  1.107972 5.232146 0.0000000
[35,]  4.8143496 57.95681  6.040023 0.000000 0.3612129
[36,]  4.4648751 62.08409 12.634031 5.232146 0.3612129
[37,]  4.8143496 30.04039  6.594009 2.616073 0.2983665
[38,]  5.8627731 58.67517  4.692162 0.000000 0.1491832
[39,]  5.1638241 30.86236  8.276353 0.000000 0.3297897
[40,]  0.3494745 50.88360  7.147995 0.000000 0.3297897
[41,]  4.8143496 30.14400  4.138176 2.616073 0.6281562
[42,]  5.1638241 30.04039  9.624213 2.616073 0.1806065
[43,]  4.4648751 42.88481  6.594009 2.616073 0.3297897
[44,]  0.6989490 42.11465 10.732185 0.000000 0.3297897
[45,]  9.2792246 22.96718 12.634031 5.232146 0.6281562
[46,] 13.7440997 34.21947  7.722367 2.616073 0.3612129
[47,]  4.8143496 38.70574  9.624213 0.000000 0.3612129
[48,]  1.0484236 35.04144 15.664236 0.000000 0.3297897
[49,]  9.2792246 38.75754 15.664236 0.000000 0.3612129
[50,]  8.9297501 62.13589 13.208403 2.616073 0.0000000

$Ndateboots
           [,1]      [,2]       [,3]      [,4]     [,5]      [,6]      [,7]      [,8]
 [1,] 1137.7778 1253.3333 124.444444 231.11111 17.77778 355.55556 426.66667  97.77778
 [2,] 1137.7778  568.8889 106.666667 213.33333 53.33333 355.55556 373.33333  71.11111
 [3,]  853.3333 1040.0000  80.000000 231.11111 35.55556 213.33333 302.22222 160.00000
 [4,]  711.1111 1324.4444  44.444444  88.88889 53.33333 355.55556 195.55556  88.88889
 [5,]  853.3333 1715.5556  80.000000 320.00000 35.55556 284.44444 142.22222 142.22222
 [6,]  355.5556 1537.7778  35.555556 213.33333 17.77778   0.00000 266.66667 142.22222
 [7,] 1351.1111  568.8889  44.444444 195.55556 17.77778  71.11111 266.66667  97.77778
 [8,] 1137.7778 1466.6667 106.666667  35.55556 35.55556  71.11111  35.55556  71.11111
 [9,]  924.4444 1760.0000  80.000000 337.77778 17.77778  71.11111 213.33333  44.44444
[10,]  853.3333 1653.3333  71.111111 106.66667 53.33333  71.11111 586.66667  97.77778
[11,]  711.1111  817.7778  71.111111 195.55556 35.55556 284.44444 462.22222  71.11111
[12,]  853.3333 1795.5556  62.222222  53.33333  0.00000 284.44444 337.77778  44.44444
[13,]  995.5556 1137.7778  53.333333 231.11111 88.88889 213.33333 373.33333 186.66667
[14,]  497.7778 1395.5556  62.222222  53.33333 53.33333 213.33333  71.11111  97.77778
[15,]  924.4444 1146.6667  97.777778 106.66667 17.77778 426.66667 231.11111  88.88889
[16,] 1351.1111 1288.8889 106.666667 320.00000 53.33333 213.33333 231.11111  97.77778
[17,]  497.7778 1653.3333 106.666667 231.11111 35.55556  71.11111 142.22222  97.77778
[18,] 1137.7778  817.7778  17.777778 213.33333 53.33333 142.22222 408.88889  44.44444
[19,]  924.4444 1004.4444  26.666667 195.55556 35.55556   0.00000 248.88889  71.11111
[20,]  568.8889 1395.5556 115.555556 160.00000 53.33333  71.11111 302.22222  44.44444
[21,] 1137.7778 1395.5556  44.444444 302.22222 17.77778 213.33333 142.22222 186.66667
[22,] 1066.6667  960.0000  53.333333  17.77778 53.33333 142.22222 106.66667 115.55556
[23,] 1208.8889 1395.5556  88.888889  71.11111 71.11111 142.22222 213.33333 133.33333
[24,] 1351.1111  862.2222 133.333333 320.00000 17.77778 284.44444 391.11111  71.11111
[25,] 1066.6667 1573.3333 115.555556 355.55556 53.33333 213.33333 337.77778  44.44444
[26,]  782.2222 1982.2222 106.666667 231.11111 17.77778 284.44444 462.22222 115.55556
[27,]  711.1111 1288.8889  80.000000 213.33333 17.77778 284.44444 568.88889   0.00000
[28,] 1137.7778 1368.8889  71.111111 213.33333 35.55556  71.11111 355.55556  71.11111
[29,]  640.0000 1226.6667  62.222222 195.55556 71.11111 213.33333 355.55556  71.11111
[30,]  711.1111 1617.7778  80.000000 302.22222 53.33333  71.11111 142.22222  53.33333
[31,]  782.2222 1182.2222 151.111111 142.22222 17.77778 142.22222 106.66667   0.00000
[32,]  853.3333  675.5556  71.111111 248.88889 35.55556 284.44444 462.22222  97.77778
[33,] 1137.7778 2373.3333  53.333333 177.77778  0.00000 213.33333 497.77778  71.11111
[34,]  782.2222 1173.3333  44.444444 177.77778 35.55556 142.22222 355.55556   0.00000
[35,]  995.5556 1431.1111 115.555556  17.77778 35.55556 284.44444 177.77778  71.11111
[36,] 1208.8889 1182.2222  80.000000  71.11111 53.33333 142.22222 462.22222  26.66667
[37,]  995.5556 1617.7778  80.000000 248.88889 53.33333 497.77778 231.11111  71.11111
[38,]  568.8889 1431.1111 124.444444 568.88889  0.00000 142.22222 462.22222 204.44444
[39,] 1137.7778  853.3333 106.666667  88.88889 35.55556 142.22222 373.33333 115.55556
[40,] 1066.6667 1146.6667 151.111111 231.11111 17.77778  71.11111 302.22222  44.44444
[41,] 1280.0000  995.5556  80.000000 231.11111 53.33333 142.22222 462.22222  71.11111
[42,] 1137.7778 1617.7778  26.666667 106.66667 35.55556 284.44444 355.55556 115.55556
[43,]  782.2222 1537.7778  62.222222 195.55556 17.77778  71.11111 302.22222  26.66667
[44,]  426.6667  897.7778   8.888889 248.88889 35.55556 142.22222 515.55556  88.88889
[45,]  853.3333 1795.5556  97.777778  88.88889 17.77778 142.22222 195.55556  97.77778
[46,]  568.8889 1324.4444  71.111111  88.88889 35.55556 142.22222 373.33333 124.44444
[47,]  640.0000 1040.0000 106.666667 195.55556 35.55556 142.22222 177.77778  71.11111
[48,]  426.6667 1066.6667  88.888889 177.77778 17.77778  71.11111 426.66667 133.33333
[49,] 1066.6667 1324.4444  35.555556  53.33333 35.55556 213.33333 177.77778  97.77778
[50,]  711.1111 1031.1111 133.333333 177.77778 53.33333 213.33333 142.22222  53.33333
            [,9]      [,10]    [,11]     [,12]
 [1,]  497.77778 213.333333   0.0000  35.55556
 [2,]  177.77778  17.777778   0.0000  62.22222
 [3,]  568.88889 142.222222 168.8889  17.77778
 [4,]  142.22222 453.333333 168.8889  17.77778
 [5,]  568.88889  17.777778 337.7778  35.55556
 [6,]  142.22222 320.000000 168.8889  35.55556
 [7,] 1244.44444 213.333333   0.0000  44.44444
 [8,]  177.77778 213.333333 168.8889  88.88889
 [9,] 1244.44444 373.333333 337.7778  35.55556
[10,]  924.44444 515.555556   0.0000  35.55556
[11,]  924.44444 426.666667   0.0000  44.44444
[12,]  924.44444  62.222222 168.8889  35.55556
[13,]  177.77778  71.111111   0.0000  88.88889
[14,]  568.88889  80.000000   0.0000  44.44444
[15,]  142.22222  17.777778 168.8889  62.22222
[16,]  640.00000 133.333333 168.8889  44.44444
[17,]  888.88889 231.111111 337.7778  35.55556
[18,]  177.77778 302.222222   0.0000  62.22222
[19,]  213.33333 133.333333 168.8889 151.11111
[20,] 1244.44444 231.111111 337.7778  17.77778
[21,]   71.11111 124.444444 506.6667   0.00000
[22,]  248.88889 435.555556   0.0000  17.77778
[23,]  284.44444 222.222222 506.6667 133.33333
[24,]  533.33333 373.333333   0.0000  80.00000
[25,]  604.44444  88.888889 168.8889  44.44444
[26,] 1244.44444 151.111111 337.7778  35.55556
[27,]  568.88889 231.111111   0.0000  80.00000
[28,]  568.88889 151.111111 168.8889 133.33333
[29,]  177.77778 373.333333 168.8889  35.55556
[30,]  213.33333 373.333333 168.8889  62.22222
[31,]  391.11111 160.000000 506.6667 151.11111
[32,]  568.88889 515.555556 168.8889  35.55556
[33,]  213.33333   8.888889 168.8889 106.66667
[34,]  604.44444  17.777778 337.7778   0.00000
[35,]  568.88889  62.222222   0.0000  35.55556
[36,]  817.77778 133.333333 337.7778  35.55556
[37,]  142.22222  71.111111 168.8889  88.88889
[38,]  533.33333 168.888889   0.0000  44.44444
[39,]  177.77778 320.000000   0.0000  62.22222
[40,]  568.88889  80.000000   0.0000  62.22222
[41,]  213.33333 160.000000 168.8889 151.11111
[42,]  142.22222 213.333333 168.8889  17.77778
[43,]  462.22222  71.111111 168.8889  62.22222
[44,]  462.22222 231.111111   0.0000  62.22222
[45,]  142.22222 133.333333 337.7778 151.11111
[46,]  426.66667 311.111111 168.8889  35.55556
[47,]  177.77778 213.333333   0.0000  35.55556
[48,]  462.22222 275.555556   0.0000  62.22222
[49,]  213.33333 275.555556   0.0000  35.55556
[50,]  853.33333 364.444444 168.8889   0.00000

