$totdays
[1] 365

$Psampest
[1] 3.787714e-08

$Pbootest
        Mean         2.5%          50%        97.5% 
3.787131e-08 2.128705e-08 3.788054e-08 5.574959e-08 

$Pboots
 [1] 3.615171e-08 5.468384e-08 3.113294e-08 3.717000e-08 3.886505e-08 3.972527e-08
 [7] 3.889275e-08 3.677348e-08 2.840940e-08 3.256399e-08 2.253444e-08 2.986318e-08
[13] 2.280496e-08 3.438173e-08 2.466726e-08 3.985451e-08 2.473217e-08 4.048118e-08
[19] 4.101809e-08 6.577912e-08 4.006080e-08 5.139411e-08 5.345438e-08 4.573202e-08
[25] 3.679787e-08 5.271144e-08 5.315212e-08 5.153248e-08 2.970782e-08 4.008248e-08
[31] 3.147450e-08 2.703945e-08 4.909418e-08 4.368782e-08 4.693244e-08 3.175721e-08
[37] 2.685475e-08 3.833000e-08 4.367085e-08 3.161908e-08 2.092490e-08 3.888232e-08
[43] 4.466269e-08 2.761293e-08 3.097563e-08 3.428993e-08 3.863443e-08 1.852168e-08
[49] 3.743108e-08 5.605900e-08

$Bboots
 [1] 1.071289e-08 1.643733e-08 9.159111e-09 1.120356e-08 1.185778e-08 1.169422e-08
 [7] 1.169422e-08 1.104000e-08 8.014222e-09 9.486222e-09 6.460444e-09 8.995556e-09
[13] 6.624000e-09 1.014044e-08 7.360000e-09 1.161244e-08 7.032889e-09 1.153067e-08
[19] 1.185778e-08 1.962667e-08 1.169422e-08 1.463822e-08 1.570133e-08 1.365689e-08
[25] 1.087644e-08 1.529244e-08 1.545600e-08 1.570133e-08 8.832000e-09 1.153067e-08
[31] 9.322667e-09 7.932444e-09 1.472000e-08 1.308444e-08 1.382044e-08 9.240889e-09
[37] 7.687111e-09 1.120356e-08 1.267556e-08 9.240889e-09 6.051556e-09 1.128533e-08
[43] 1.332978e-08 7.850667e-09 9.077333e-09 9.731556e-09 1.161244e-08 5.479111e-09
[49] 1.079467e-08 1.700978e-08

$Nboots
 [1] 105.85859 162.42424  90.50505 110.70707 117.17172 115.55556 115.55556 109.09091
 [9]  79.19192  93.73737  63.83838  88.88889  65.45455 100.20202  72.72727 114.74747
[17]  69.49495 113.93939 117.17172 193.93939 115.55556 144.64646 155.15152 134.94949
[25] 107.47475 151.11111 152.72727 155.15152  87.27273 113.93939  92.12121  78.38384
[33] 145.45455 129.29293 136.56566  91.31313  75.95960 110.70707 125.25253  91.31313
[41]  59.79798 111.51515 131.71717  77.57576  89.69697  96.16162 114.74747  54.14141
[49] 106.66667 168.08081

$julians
 [1] 1760 1795 1846 1880 1904 1934 1956 1999 2026 2054 2083 2116

$intdays
 [1] 35 51 34 24 30 22 43 27 28 29 33  9

$Pintsampest
 [1] 0.000000e+00 0.000000e+00 0.000000e+00 2.293677e-10 4.308961e-10 2.101700e-10
 [7] 5.957427e-09 1.599203e-08 1.394426e-08 1.112992e-09 0.000000e+00 0.000000e+00

$Pintboots
      [,1] [,2] [,3]         [,4]         [,5]         [,6]         [,7]         [,8]
 [1,]    0    0    0 1.146839e-10 2.872640e-10 4.203401e-10 4.724856e-09 1.444441e-08
 [2,]    0    0    0 2.293677e-10 2.872640e-10 1.050850e-10 5.135713e-09 2.476185e-08
 [3,]    0    0    0 2.293677e-10 2.872640e-10 3.152551e-10 4.724856e-09 1.238093e-08
 [4,]    0    0    0 1.146839e-10 1.436320e-10 1.050850e-10 2.670571e-09 1.444441e-08
 [5,]    0    0    0 2.293677e-10 4.308961e-10 3.152551e-10 2.054285e-09 1.702377e-08
 [6,]    0    0    0 0.000000e+00 0.000000e+00 0.000000e+00 5.751998e-09 1.702377e-08
 [7,]    0    0    0 2.293677e-10 4.308961e-10 2.101700e-10 3.492285e-09 1.650790e-08
 [8,]    0    0    0 3.440516e-10 5.745281e-10 2.101700e-10 3.492285e-09 1.547616e-08
 [9,]    0    0    0 1.146839e-10 2.872640e-10 1.050850e-10 7.395426e-09 1.134918e-08
[10,]    0    0    0 3.440516e-10 5.745281e-10 1.050850e-10 5.751998e-09 1.341267e-08
[11,]    0    0    0 2.293677e-10 2.872640e-10 0.000000e+00 4.930284e-09 9.285695e-09
[12,]    0    0    0 2.293677e-10 2.872640e-10 0.000000e+00 2.465142e-09 1.289680e-08
[13,]    0    0    0 2.293677e-10 4.308961e-10 3.152551e-10 4.519427e-09 9.801567e-09
[14,]    0    0    0 2.293677e-10 2.872640e-10 0.000000e+00 4.930284e-09 1.496029e-08
[15,]    0    0    0 1.146839e-10 2.872640e-10 3.152551e-10 2.875999e-09 1.031744e-08
[16,]    0    0    0 2.293677e-10 8.617921e-10 4.203401e-10 7.395426e-09 1.753965e-08
[17,]    0    0    0 1.146839e-10 4.308961e-10 4.203401e-10 6.162855e-09 9.801567e-09
[18,]    0    0    0 4.587354e-10 7.181601e-10 1.050850e-10 9.860569e-09 1.753965e-08
[19,]    0    0    0 3.440516e-10 5.745281e-10 1.050850e-10 8.217140e-09 1.753965e-08
[20,]    0    0    0 1.146839e-10 2.872640e-10 2.101700e-10 7.600855e-09 2.992057e-08
[21,]    0    0    0 0.000000e+00 1.436320e-10 3.152551e-10 6.984569e-09 1.702377e-08
[22,]    0    0    0 4.587354e-10 7.181601e-10 1.050850e-10 1.232571e-08 2.166662e-08
[23,]    0    0    0 1.146839e-10 4.308961e-10 3.152551e-10 8.422569e-09 2.321424e-08
[24,]    0    0    0 5.734193e-10 8.617921e-10 2.101700e-10 5.135713e-09 1.960313e-08
[25,]    0    0    0 3.440516e-10 5.745281e-10 2.101700e-10 5.135713e-09 1.547616e-08
[26,]    0    0    0 1.146839e-10 1.436320e-10 0.000000e+00 9.860569e-09 2.269837e-08
[27,]    0    0    0 1.146839e-10 2.872640e-10 1.050850e-10 9.860569e-09 2.373011e-08
[28,]    0    0    0 2.293677e-10 7.181601e-10 6.305101e-10 3.081428e-09 2.269837e-08
[29,]    0    0    0 1.146839e-10 2.872640e-10 3.152551e-10 3.697713e-09 1.238093e-08
[30,]    0    0    0 5.734193e-10 7.181601e-10 0.000000e+00 8.217140e-09 1.547616e-08
[31,]    0    0    0 2.293677e-10 5.745281e-10 3.152551e-10 4.313999e-09 1.341267e-08
[32,]    0    0    0 3.440516e-10 5.745281e-10 3.152551e-10 4.519427e-09 1.134918e-08
[33,]    0    0    0 3.440516e-10 4.308961e-10 1.050850e-10 5.135713e-09 2.269837e-08
[34,]    0    0    0 1.146839e-10 4.308961e-10 4.203401e-10 4.519427e-09 1.857139e-08
[35,]    0    0    0 3.440516e-10 7.181601e-10 4.203401e-10 6.984569e-09 1.908726e-08
[36,]    0    0    0 3.440516e-10 7.181601e-10 3.152551e-10 5.957427e-09 1.341267e-08
[37,]    0    0    0 0.000000e+00 2.872640e-10 3.152551e-10 5.957427e-09 1.031744e-08
[38,]    0    0    0 2.293677e-10 5.745281e-10 3.152551e-10 6.779141e-09 1.702377e-08
[39,]    0    0    0 1.146839e-10 4.308961e-10 3.152551e-10 8.422569e-09 1.908726e-08
[40,]    0    0    0 5.734193e-10 8.617921e-10 5.254251e-10 5.751998e-09 1.289680e-08
[41,]    0    0    0 3.440516e-10 5.745281e-10 1.050850e-10 4.108570e-09 8.253951e-09
[42,]    0    0    0 1.146839e-10 5.745281e-10 3.152551e-10 7.395426e-09 1.650790e-08
[43,]    0    0    0 2.293677e-10 5.745281e-10 2.101700e-10 4.930284e-09 1.908726e-08
[44,]    0    0    0 3.440516e-10 4.308961e-10 0.000000e+00 6.573712e-09 1.083331e-08
[45,]    0    0    0 4.587354e-10 7.181601e-10 2.101700e-10 5.135713e-09 1.289680e-08
[46,]    0    0    0 3.440516e-10 7.181601e-10 4.203401e-10 8.627997e-09 1.341267e-08
[47,]    0    0    0 1.146839e-10 2.872640e-10 2.101700e-10 3.492285e-09 1.650790e-08
[48,]    0    0    0 2.293677e-10 2.872640e-10 0.000000e+00 2.465142e-09 7.738079e-09
[49,]    0    0    0 4.587354e-10 5.745281e-10 1.050850e-10 7.600855e-09 1.496029e-08
[50,]    0    0    0 3.440516e-10 8.617921e-10 4.203401e-10 3.492285e-09 2.321424e-08
              [,9]        [,10] [,11] [,12]
 [1,] 1.421241e-08 1.947737e-09     0     0
 [2,] 2.332981e-08 8.347443e-10     0     0
 [3,] 1.166491e-08 1.530365e-09     0     0
 [4,] 1.649176e-08 3.199853e-09     0     0
 [5,] 1.769848e-08 1.112992e-09     0     0
 [6,] 1.541913e-08 1.530365e-09     0     0
 [7,] 1.649176e-08 1.530365e-09     0     0
 [8,] 1.528505e-08 1.391241e-09     0     0
 [9,] 8.044763e-09 1.112992e-09     0     0
[10,] 1.126267e-08 1.112992e-09     0     0
[11,] 7.106207e-09 6.956203e-10     0     0
[12,] 1.287162e-08 1.112992e-09     0     0
[13,] 7.508445e-09 0.000000e+00     0     0
[14,] 1.313978e-08 8.347443e-10     0     0
[15,] 9.921874e-09 8.347443e-10     0     0
[16,] 1.340794e-08 0.000000e+00     0     0
[17,] 7.106207e-09 6.956203e-10     0     0
[18,] 1.179899e-08 0.000000e+00     0     0
[19,] 1.354202e-08 6.956203e-10     0     0
[20,] 2.694995e-08 6.956203e-10     0     0
[21,] 1.448057e-08 1.112992e-09     0     0
[22,] 1.528505e-08 8.347443e-10     0     0
[23,] 1.984375e-08 1.112992e-09     0     0
[24,] 1.823480e-08 1.112992e-09     0     0
[25,] 1.394426e-08 1.112992e-09     0     0
[26,] 1.850295e-08 1.391241e-09     0     0
[27,] 1.863703e-08 4.173722e-10     0     0
[28,] 2.306165e-08 1.112992e-09     0     0
[29,] 1.179899e-08 1.112992e-09     0     0
[30,] 1.287162e-08 2.225985e-09     0     0
[31,] 1.193306e-08 6.956203e-10     0     0
[32,] 9.519636e-09 4.173722e-10     0     0
[33,] 2.038007e-08 0.000000e+00     0     0
[34,] 1.810072e-08 1.530365e-09     0     0
[35,] 1.743032e-08 1.947737e-09     0     0
[36,] 1.059227e-08 4.173722e-10     0     0
[37,] 8.447001e-09 1.530365e-09     0     0
[38,] 1.340794e-08 0.000000e+00     0     0
[39,] 1.488281e-08 4.173722e-10     0     0
[40,] 1.059227e-08 4.173722e-10     0     0
[41,] 6.703969e-09 8.347443e-10     0     0
[42,] 1.313978e-08 8.347443e-10     0     0
[43,] 1.810072e-08 1.530365e-09     0     0
[44,] 8.178842e-09 1.252117e-09     0     0
[45,] 1.086043e-08 6.956203e-10     0     0
[46,] 9.653715e-09 1.112992e-09     0     0
[47,] 1.649176e-08 1.530365e-09     0     0
[48,] 7.106207e-09 6.956203e-10     0     0
[49,] 1.220122e-08 1.530365e-09     0     0
[50,] 2.480468e-08 2.921605e-09     0     0

$Bdatesampinfo
       DATE JULIAN N         Mean        Stdev
1  10/26/10   1760 5 0.000000e+00 0.000000e+00
2  11/30/10   1795 5 0.000000e+00 0.000000e+00
3  01/20/11   1846 5 0.000000e+00 0.000000e+00
4  02/23/11   1880 5 0.000000e+00 0.000000e+00
5  03/19/11   1904 5 1.799111e-09 2.463534e-09
6  04/18/11   1934 5 8.995556e-10 2.011467e-09
7  05/10/11   1956 5 8.995556e-10 2.011467e-09
8  06/22/11   1999 5 2.518756e-08 2.728487e-08
9  07/19/11   2026 5 8.635733e-08 7.779986e-08
10 08/16/11   2054 5 7.196444e-09 1.035466e-08
11 09/14/11   2083 5 0.000000e+00 0.000000e+00
12 10/17/11   2116 5 0.000000e+00 0.000000e+00

$Ndatesampinfo
       DATE JULIAN N       Mean     Stdev
1  10/26/10   1760 5   0.000000   0.00000
2  11/30/10   1795 5   0.000000   0.00000
3  01/20/11   1846 5   0.000000   0.00000
4  02/23/11   1880 5   0.000000   0.00000
5  03/19/11   1904 5  17.777778  24.34322
6  04/18/11   1934 5   8.888889  19.87616
7  05/10/11   1956 5   8.888889  19.87616
8  06/22/11   1999 5 248.888889 269.61335
9  07/19/11   2026 5 853.333333 768.77327
10 08/16/11   2054 5  71.111111 102.31879
11 09/14/11   2083 5   0.000000   0.00000
12 10/17/11   2116 5   0.000000   0.00000

$Bdateboots
      [,1] [,2] [,3] [,4]         [,5]         [,6]         [,7]         [,8]
 [1,]    0    0    0    0 8.995556e-10 8.995556e-10 2.698667e-09 1.799111e-08
 [2,]    0    0    0    0 1.799111e-09 0.000000e+00 8.995556e-10 2.158933e-08
 [3,]    0    0    0    0 1.799111e-09 0.000000e+00 2.698667e-09 1.799111e-08
 [4,]    0    0    0    0 8.995556e-10 0.000000e+00 8.995556e-10 1.079467e-08
 [5,]    0    0    0    0 1.799111e-09 8.995556e-10 1.799111e-09 7.196444e-09
 [6,]    0    0    0    0 0.000000e+00 0.000000e+00 0.000000e+00 2.518756e-08
 [7,]    0    0    0    0 1.799111e-09 8.995556e-10 8.995556e-10 1.439289e-08
 [8,]    0    0    0    0 2.698667e-09 8.995556e-10 8.995556e-10 1.439289e-08
 [9,]    0    0    0    0 8.995556e-10 8.995556e-10 0.000000e+00 3.238400e-08
[10,]    0    0    0    0 2.698667e-09 8.995556e-10 0.000000e+00 2.518756e-08
[11,]    0    0    0    0 1.799111e-09 0.000000e+00 0.000000e+00 2.158933e-08
[12,]    0    0    0    0 1.799111e-09 0.000000e+00 0.000000e+00 1.079467e-08
[13,]    0    0    0    0 1.799111e-09 8.995556e-10 1.799111e-09 1.799111e-08
[14,]    0    0    0    0 1.799111e-09 0.000000e+00 0.000000e+00 2.158933e-08
[15,]    0    0    0    0 8.995556e-10 8.995556e-10 1.799111e-09 1.079467e-08
[16,]    0    0    0    0 1.799111e-09 3.598222e-09 0.000000e+00 3.238400e-08
[17,]    0    0    0    0 8.995556e-10 1.799111e-09 1.799111e-09 2.518756e-08
[18,]    0    0    0    0 3.598222e-09 8.995556e-10 0.000000e+00 4.317867e-08
[19,]    0    0    0    0 2.698667e-09 8.995556e-10 0.000000e+00 3.598222e-08
[20,]    0    0    0    0 8.995556e-10 8.995556e-10 8.995556e-10 3.238400e-08
[21,]    0    0    0    0 0.000000e+00 8.995556e-10 1.799111e-09 2.878578e-08
[22,]    0    0    0    0 3.598222e-09 8.995556e-10 0.000000e+00 5.397333e-08
[23,]    0    0    0    0 8.995556e-10 1.799111e-09 8.995556e-10 3.598222e-08
[24,]    0    0    0    0 4.497778e-09 8.995556e-10 8.995556e-10 2.158933e-08
[25,]    0    0    0    0 2.698667e-09 8.995556e-10 8.995556e-10 2.158933e-08
[26,]    0    0    0    0 8.995556e-10 0.000000e+00 0.000000e+00 4.317867e-08
[27,]    0    0    0    0 8.995556e-10 8.995556e-10 0.000000e+00 4.317867e-08
[28,]    0    0    0    0 1.799111e-09 2.698667e-09 2.698667e-09 1.079467e-08
[29,]    0    0    0    0 8.995556e-10 8.995556e-10 1.799111e-09 1.439289e-08
[30,]    0    0    0    0 4.497778e-09 0.000000e+00 0.000000e+00 3.598222e-08
[31,]    0    0    0    0 1.799111e-09 1.799111e-09 8.995556e-10 1.799111e-08
[32,]    0    0    0    0 2.698667e-09 8.995556e-10 1.799111e-09 1.799111e-08
[33,]    0    0    0    0 2.698667e-09 0.000000e+00 8.995556e-10 2.158933e-08
[34,]    0    0    0    0 8.995556e-10 1.799111e-09 1.799111e-09 1.799111e-08
[35,]    0    0    0    0 2.698667e-09 1.799111e-09 1.799111e-09 2.878578e-08
[36,]    0    0    0    0 2.698667e-09 1.799111e-09 8.995556e-10 2.518756e-08
[37,]    0    0    0    0 0.000000e+00 1.799111e-09 8.995556e-10 2.518756e-08
[38,]    0    0    0    0 1.799111e-09 1.799111e-09 8.995556e-10 2.878578e-08
[39,]    0    0    0    0 8.995556e-10 1.799111e-09 8.995556e-10 3.598222e-08
[40,]    0    0    0    0 4.497778e-09 8.995556e-10 3.598222e-09 2.158933e-08
[41,]    0    0    0    0 2.698667e-09 8.995556e-10 0.000000e+00 1.799111e-08
[42,]    0    0    0    0 8.995556e-10 2.698667e-09 0.000000e+00 3.238400e-08
[43,]    0    0    0    0 1.799111e-09 1.799111e-09 0.000000e+00 2.158933e-08
[44,]    0    0    0    0 2.698667e-09 0.000000e+00 0.000000e+00 2.878578e-08
[45,]    0    0    0    0 3.598222e-09 8.995556e-10 8.995556e-10 2.158933e-08
[46,]    0    0    0    0 2.698667e-09 1.799111e-09 1.799111e-09 3.598222e-08
[47,]    0    0    0    0 8.995556e-10 8.995556e-10 8.995556e-10 1.439289e-08
[48,]    0    0    0    0 1.799111e-09 0.000000e+00 0.000000e+00 1.079467e-08
[49,]    0    0    0    0 3.598222e-09 0.000000e+00 8.995556e-10 3.238400e-08
[50,]    0    0    0    0 2.698667e-09 2.698667e-09 8.995556e-10 1.439289e-08
              [,9]        [,10] [,11] [,12]
 [1,] 8.275911e-08 1.259378e-08     0     0
 [2,] 1.511253e-07 5.397333e-09     0     0
 [3,] 6.836622e-08 9.895111e-09     0     0
 [4,] 8.995556e-08 2.068978e-08     0     0
 [5,] 1.115449e-07 7.196444e-09     0     0
 [6,] 9.355378e-08 9.895111e-09     0     0
 [7,] 1.007502e-07 9.895111e-09     0     0
 [8,] 9.355378e-08 8.995556e-09     0     0
 [9,] 4.677689e-08 7.196444e-09     0     0
[10,] 6.836622e-08 7.196444e-09     0     0
[11,] 4.317867e-08 4.497778e-09     0     0
[12,] 7.916089e-08 7.196444e-09     0     0
[13,] 5.037511e-08 0.000000e+00     0     0
[14,] 8.275911e-08 5.397333e-09     0     0
[15,] 6.116978e-08 5.397333e-09     0     0
[16,] 8.995556e-08 0.000000e+00     0     0
[17,] 4.317867e-08 4.497778e-09     0     0
[18,] 7.916089e-08 0.000000e+00     0     0
[19,] 8.635733e-08 4.497778e-09     0     0
[20,] 1.763129e-07 4.497778e-09     0     0
[21,] 8.995556e-08 7.196444e-09     0     0
[22,] 9.715200e-08 5.397333e-09     0     0
[23,] 1.259378e-07 7.196444e-09     0     0
[24,] 1.151431e-07 7.196444e-09     0     0
[25,] 8.635733e-08 7.196444e-09     0     0
[26,] 1.151431e-07 8.995556e-09     0     0
[27,] 1.223396e-07 2.698667e-09     0     0
[28,] 1.475271e-07 7.196444e-09     0     0
[29,] 7.196444e-08 7.196444e-09     0     0
[30,] 7.196444e-08 1.439289e-08     0     0
[31,] 7.556267e-08 4.497778e-09     0     0
[32,] 6.116978e-08 2.698667e-09     0     0
[33,] 1.367324e-07 0.000000e+00     0     0
[34,] 1.115449e-07 9.895111e-09     0     0
[35,] 1.043484e-07 1.259378e-08     0     0
[36,] 6.836622e-08 2.698667e-09     0     0
[37,] 4.677689e-08 9.895111e-09     0     0
[38,] 8.995556e-08 0.000000e+00     0     0
[39,] 9.715200e-08 2.698667e-09     0     0
[40,] 6.836622e-08 2.698667e-09     0     0
[41,] 3.958044e-08 5.397333e-09     0     0
[42,] 8.275911e-08 5.397333e-09     0     0
[43,] 1.115449e-07 9.895111e-09     0     0
[44,] 4.677689e-08 8.096000e-09     0     0
[45,] 6.836622e-08 4.497778e-09     0     0
[46,] 5.757156e-08 7.196444e-09     0     0
[47,] 1.007502e-07 9.895111e-09     0     0
[48,] 4.317867e-08 4.497778e-09     0     0
[49,] 7.196444e-08 9.895111e-09     0     0
[50,] 1.475271e-07 1.889067e-08     0     0

$Ndateboots
      [,1] [,2] [,3] [,4]      [,5]      [,6]      [,7]      [,8]      [,9]     [,10]
 [1,]    0    0    0    0  8.888889  8.888889 26.666667 177.77778  817.7778 124.44444
 [2,]    0    0    0    0 17.777778  0.000000  8.888889 213.33333 1493.3333  53.33333
 [3,]    0    0    0    0 17.777778  0.000000 26.666667 177.77778  675.5556  97.77778
 [4,]    0    0    0    0  8.888889  0.000000  8.888889 106.66667  888.8889 204.44444
 [5,]    0    0    0    0 17.777778  8.888889 17.777778  71.11111 1102.2222  71.11111
 [6,]    0    0    0    0  0.000000  0.000000  0.000000 248.88889  924.4444  97.77778
 [7,]    0    0    0    0 17.777778  8.888889  8.888889 142.22222  995.5556  97.77778
 [8,]    0    0    0    0 26.666667  8.888889  8.888889 142.22222  924.4444  88.88889
 [9,]    0    0    0    0  8.888889  8.888889  0.000000 320.00000  462.2222  71.11111
[10,]    0    0    0    0 26.666667  8.888889  0.000000 248.88889  675.5556  71.11111
[11,]    0    0    0    0 17.777778  0.000000  0.000000 213.33333  426.6667  44.44444
[12,]    0    0    0    0 17.777778  0.000000  0.000000 106.66667  782.2222  71.11111
[13,]    0    0    0    0 17.777778  8.888889 17.777778 177.77778  497.7778   0.00000
[14,]    0    0    0    0 17.777778  0.000000  0.000000 213.33333  817.7778  53.33333
[15,]    0    0    0    0  8.888889  8.888889 17.777778 106.66667  604.4444  53.33333
[16,]    0    0    0    0 17.777778 35.555556  0.000000 320.00000  888.8889   0.00000
[17,]    0    0    0    0  8.888889 17.777778 17.777778 248.88889  426.6667  44.44444
[18,]    0    0    0    0 35.555556  8.888889  0.000000 426.66667  782.2222   0.00000
[19,]    0    0    0    0 26.666667  8.888889  0.000000 355.55556  853.3333  44.44444
[20,]    0    0    0    0  8.888889  8.888889  8.888889 320.00000 1742.2222  44.44444
[21,]    0    0    0    0  0.000000  8.888889 17.777778 284.44444  888.8889  71.11111
[22,]    0    0    0    0 35.555556  8.888889  0.000000 533.33333  960.0000  53.33333
[23,]    0    0    0    0  8.888889 17.777778  8.888889 355.55556 1244.4444  71.11111
[24,]    0    0    0    0 44.444444  8.888889  8.888889 213.33333 1137.7778  71.11111
[25,]    0    0    0    0 26.666667  8.888889  8.888889 213.33333  853.3333  71.11111
[26,]    0    0    0    0  8.888889  0.000000  0.000000 426.66667 1137.7778  88.88889
[27,]    0    0    0    0  8.888889  8.888889  0.000000 426.66667 1208.8889  26.66667
[28,]    0    0    0    0 17.777778 26.666667 26.666667 106.66667 1457.7778  71.11111
[29,]    0    0    0    0  8.888889  8.888889 17.777778 142.22222  711.1111  71.11111
[30,]    0    0    0    0 44.444444  0.000000  0.000000 355.55556  711.1111 142.22222
[31,]    0    0    0    0 17.777778 17.777778  8.888889 177.77778  746.6667  44.44444
[32,]    0    0    0    0 26.666667  8.888889 17.777778 177.77778  604.4444  26.66667
[33,]    0    0    0    0 26.666667  0.000000  8.888889 213.33333 1351.1111   0.00000
[34,]    0    0    0    0  8.888889 17.777778 17.777778 177.77778 1102.2222  97.77778
[35,]    0    0    0    0 26.666667 17.777778 17.777778 284.44444 1031.1111 124.44444
[36,]    0    0    0    0 26.666667 17.777778  8.888889 248.88889  675.5556  26.66667
[37,]    0    0    0    0  0.000000 17.777778  8.888889 248.88889  462.2222  97.77778
[38,]    0    0    0    0 17.777778 17.777778  8.888889 284.44444  888.8889   0.00000
[39,]    0    0    0    0  8.888889 17.777778  8.888889 355.55556  960.0000  26.66667
[40,]    0    0    0    0 44.444444  8.888889 35.555556 213.33333  675.5556  26.66667
[41,]    0    0    0    0 26.666667  8.888889  0.000000 177.77778  391.1111  53.33333
[42,]    0    0    0    0  8.888889 26.666667  0.000000 320.00000  817.7778  53.33333
[43,]    0    0    0    0 17.777778 17.777778  0.000000 213.33333 1102.2222  97.77778
[44,]    0    0    0    0 26.666667  0.000000  0.000000 284.44444  462.2222  80.00000
[45,]    0    0    0    0 35.555556  8.888889  8.888889 213.33333  675.5556  44.44444
[46,]    0    0    0    0 26.666667 17.777778 17.777778 355.55556  568.8889  71.11111
[47,]    0    0    0    0  8.888889  8.888889  8.888889 142.22222  995.5556  97.77778
[48,]    0    0    0    0 17.777778  0.000000  0.000000 106.66667  426.6667  44.44444
[49,]    0    0    0    0 35.555556  0.000000  8.888889 320.00000  711.1111  97.77778
[50,]    0    0    0    0 26.666667 26.666667  8.888889 142.22222 1457.7778 186.66667
      [,11] [,12]
 [1,]     0     0
 [2,]     0     0
 [3,]     0     0
 [4,]     0     0
 [5,]     0     0
 [6,]     0     0
 [7,]     0     0
 [8,]     0     0
 [9,]     0     0
[10,]     0     0
[11,]     0     0
[12,]     0     0
[13,]     0     0
[14,]     0     0
[15,]     0     0
[16,]     0     0
[17,]     0     0
[18,]     0     0
[19,]     0     0
[20,]     0     0
[21,]     0     0
[22,]     0     0
[23,]     0     0
[24,]     0     0
[25,]     0     0
[26,]     0     0
[27,]     0     0
[28,]     0     0
[29,]     0     0
[30,]     0     0
[31,]     0     0
[32,]     0     0
[33,]     0     0
[34,]     0     0
[35,]     0     0
[36,]     0     0
[37,]     0     0
[38,]     0     0
[39,]     0     0
[40,]     0     0
[41,]     0     0
[42,]     0     0
[43,]     0     0
[44,]     0     0
[45,]     0     0
[46,]     0     0
[47,]     0     0
[48,]     0     0
[49,]     0     0
[50,]     0     0

