$totdays
[1] 365

$Psampest
[1] 83.68132

$Pbootest
     Mean      2.5%       50%     97.5% 
 83.00409  36.26737  76.28401 155.09675 

$Pboots
 [1] 140.73540  59.14480  76.66966  87.70415  72.53872 124.86630  55.28484 159.26618
 [9]  73.58164 186.61347  91.42293  74.83079  50.05269  75.80119 103.42940  50.46442
[17]  88.22817  89.62124 103.14849  63.43818  35.44909  55.95220  45.22651  92.77718
[25]  75.18094  52.26611  95.51499  98.60638  53.14070  31.28451  97.66387  92.66100
[33] 104.09569 115.93094  77.40531  62.23038  91.30373  39.08590  62.40727 112.86294
[41] 131.12114  62.23354  88.57103  78.36936  75.35216  75.89836 103.68094  73.02283
[49]  68.34468  75.72240

$Bboots
 [1] 21.335960  6.016812 11.956811 11.126041 10.013068 19.072032  6.520112 23.148678
 [9] 12.713267 25.138750 14.183393  9.633156  5.670514 11.655210 15.324744  4.233778
[17] 10.965304 12.766483 13.645282  8.449649  2.745223  4.409106  3.792936 12.723870
[25]  8.734137  5.650688 11.913832 14.106370  4.914057  4.336639 14.129157  9.242451
[33] 13.279165 14.325943  9.930173  6.906437 10.687740  4.925336  7.658954 16.878215
[41] 18.536223  7.565641 11.477574 10.700667  8.828709 12.074170 14.701666  8.609509
[49]  9.609576 11.370327

$Nboots
 [1] 189.09091 132.52525  95.35354 140.60606 111.51515 190.70707  87.27273 200.40404
 [9] 103.43434 269.89899 129.29293 134.14141  92.12121 101.81818 153.53535 117.97980
[17] 153.53535 126.06061 171.31313 114.74747  85.65657 134.14141  95.35354 156.76768
[25] 114.74747 121.21212 140.60606 140.60606  84.04040  50.10101 138.98990 171.31313
[33] 140.60606 164.84848 122.82828 116.36364 169.69697  61.41414 122.82828 161.61616
[41] 164.84848 100.20202 122.82828  96.96970 114.74747  93.73737 140.60606 151.91919
[49]  98.58586  98.58586

$julians
 [1] 1760 1795 1846 1880 1904 1934 1956 1999 2026 2054 2083 2116

$intdays
 [1] 35 51 34 24 30 22 43 27 28 29 33  9

$Pintsampest
 [1]  0.000000  0.000000  0.000000  0.000000  0.000000  0.000000  6.866168 37.180683
 [9] 32.990561  6.643911  0.000000  0.000000

$Pintboots
      [,1] [,2] [,3] [,4] [,5] [,6]       [,7]      [,8]     [,9]     [,10] [,11] [,12]
 [1,]    0    0    0    0    0    0  0.6173594 69.320361 63.49460  7.303081     0     0
 [2,]    0    0    0    0    0    0  0.0000000 17.038698 29.47745 12.628653     0     0
 [3,]    0    0    0    0    0    0  6.8661678 32.359075 30.14133  7.303081     0     0
 [4,]    0    0    0    0    0    0  6.8661678 42.580825 34.60561  3.651541     0     0
 [5,]    0    0    0    0    0    0  0.6173594 32.082758 33.19469  6.643911     0     0
 [6,]    0    0    0    0    0    0  0.0000000 55.250169 58.66151 10.954622     0     0
 [7,]    0    0    0    0    0    0 12.4976167 23.650363 15.48532  3.651541     0     0
 [8,]    0    0    0    0    0    0 12.4976167 74.593560 61.87955 10.295452     0     0
 [9,]    0    0    0    0    0    0  1.2347189 26.692060 34.70024 10.954622     0     0
[10,]    0    0    0    0    0    0 13.1149762 85.666843 74.54383 13.287823     0     0
[11,]    0    0    0    0    0    0  7.4835272 32.145140 37.84727 13.946993     0     0
[12,]    0    0    0    0    0    0  0.6173594 36.285655 34.27624  3.651541     0     0
[13,]    0    0    0    0    0    0  6.8661678 18.074948 18.46766  6.643911     0     0
[14,]    0    0    0    0    0    0  6.8661678 31.780541 29.85140  7.303081     0     0
[15,]    0    0    0    0    0    0  8.1008867 38.528593 42.85293 13.946993     0     0
[16,]    0    0    0    0    0    0  0.6173594 23.553929 23.30076  2.992371     0     0
[17,]    0    0    0    0    0    0  0.6173594 36.995966 40.97856  9.636282     0     0
[18,]    0    0    0    0    0    0  7.4835272 32.500296 36.34959 13.287823     0     0
[19,]    0    0    0    0    0    0  7.4835272 42.853824 42.51568 10.295452     0     0
[20,]    0    0    0    0    0    0  6.8661678 24.093802 25.17512  7.303081     0     0
[21,]    0    0    0    0    0    0  1.8520783 18.527829 15.06918  0.000000     0     0
[22,]    0    0    0    0    0    0  0.6173594 23.066995 26.28310  5.984741     0     0
[23,]    0    0    0    0    0    0  6.8661678 23.251712 15.10863  0.000000     0     0
[24,]    0    0    0    0    0    0  1.8520783 37.988720 42.64093 10.295452     0     0
[25,]    0    0    0    0    0    0  6.8661678 37.180683 28.14172  2.992371     0     0
[26,]    0    0    0    0    0    0  0.6173594 23.198773 24.79844  3.651541     0     0
[27,]    0    0    0    0    0    0 13.1149762 42.765542 32.99056  6.643911     0     0
[28,]    0    0    0    0    0    0  0.6173594 50.214626 44.12286  3.651541     0     0
[29,]    0    0    0    0    0    0 12.4976167 23.741963 13.90875  2.992371     0     0
[30,]    0    0    0    0    0    0  1.8520783  8.793013 13.99551  6.643911     0     0
[31,]    0    0    0    0    0    0  0.0000000 49.850027 44.16230  3.651541     0     0
[32,]    0    0    0    0    0    0 18.7464251 39.325194 27.94547  6.643911     0     0
[33,]    0    0    0    0    0    0  6.8661678 50.399343 40.84544  5.984741     0     0
[34,]    0    0    0    0    0    0  7.4835272 56.651017 45.81165  5.984741     0     0
[35,]    0    0    0    0    0    0  7.4835272 36.834970 29.43527  3.651541     0     0
[36,]    0    0    0    0    0    0  7.4835272 24.590179 23.51276  6.643911     0     0
[37,]    0    0    0    0    0    0 13.1149762 34.855425 33.03788 10.295452     0     0
[38,]    0    0    0    0    0    0  6.2488084 12.401806 13.79138  6.643911     0     0
[39,]    0    0    0    0    0    0  6.2488084 16.736481 26.13416 13.287823     0     0
[40,]    0    0    0    0    0    0  0.0000000 50.205183 52.36230 10.295452     0     0
[41,]    0    0    0    0    0    0 18.7464251 60.940905 44.13073  7.303081     0     0
[42,]    0    0    0    0    0    0  0.0000000 31.099447 28.14172  2.992371     0     0
[43,]    0    0    0    0    0    0 12.4976167 42.492542 29.92933  3.651541     0     0
[44,]    0    0    0    0    0    0 12.4976167 37.092400 25.12780  3.651541     0     0
[45,]    0    0    0    0    0    0  6.8661678 37.312461 28.18116  2.992371     0     0
[46,]    0    0    0    0    0    0  6.2488084 32.126254 30.22022  7.303081     0     0
[47,]    0    0    0    0    0    0  1.8520783 46.294172 45.89841  9.636282     0     0
[48,]    0    0    0    0    0    0  7.4835272 28.793075 29.44315  7.303081     0     0
[49,]    0    0    0    0    0    0  0.6173594 26.550838 31.54020  9.636282     0     0
[50,]    0    0    0    0    0    0 19.3637846 24.818391 20.58560 10.954622     0     0

$Bdatesampinfo
       DATE JULIAN N     Mean     Stdev
1  10/26/10   1760 5  0.00000   0.00000
2  11/30/10   1795 5  0.00000   0.00000
3  01/20/11   1846 5  0.00000   0.00000
4  02/23/11   1880 5  0.00000   0.00000
5  03/19/11   1904 5  0.00000   0.00000
6  04/18/11   1934 5  0.00000   0.00000
7  05/10/11   1956 5  0.00000   0.00000
8  06/22/11   1999 5 12.85346  26.58913
9  07/19/11   2026 5 78.07419 119.55053
10 08/16/11   2054 5 28.06068  49.62468
11 09/14/11   2083 5  0.00000   0.00000
12 10/17/11   2116 5  0.00000   0.00000

$Ndatesampinfo
       DATE JULIAN N     Mean     Stdev
1  10/26/10   1760 5   0.0000    0.0000
2  11/30/10   1795 5   0.0000    0.0000
3  01/20/11   1846 5   0.0000    0.0000
4  02/23/11   1880 5   0.0000    0.0000
5  03/19/11   1904 5   0.0000    0.0000
6  04/18/11   1934 5   0.0000    0.0000
7  05/10/11   1956 5   0.0000    0.0000
8  06/22/11   1999 5 160.0000  310.4755
9  07/19/11   2026 5 960.0000 1010.3660
10 08/16/11   2054 5 284.4444  389.4916
11 09/14/11   2083 5   0.0000    0.0000
12 10/17/11   2116 5   0.0000    0.0000

$Bdateboots
      [,1] [,2] [,3] [,4] [,5] [,6] [,7]       [,8]      [,9]     [,10] [,11] [,12]
 [1,]    0    0    0    0    0    0    0  0.7896353 188.08029 45.825640     0     0
 [2,]    0    0    0    0    0    0    0  0.0000000  27.82854 38.356394     0     0
 [3,]    0    0    0    0    0    0    0 12.8534579  72.84582 45.825640     0     0
 [4,]    0    0    0    0    0    0    0 12.8534579  86.62017 22.912820     0     0
 [5,]    0    0    0    0    0    0    0  0.7896353  81.29344 28.060678     0     0
 [6,]    0    0    0    0    0    0    0  0.0000000 141.05389 68.738460     0     0
 [7,]    0    0    0    0    0    0    0 24.1276451  24.68076 22.912820     0     0
 [8,]    0    0    0    0    0    0    0 24.1276451 179.53431 50.973498     0     0
 [9,]    0    0    0    0    0    0    0  1.5792706  69.52821 68.738460     0     0
[10,]    0    0    0    0    0    0    0 24.9172804 195.48761 56.121356     0     0
[11,]    0    0    0    0    0    0    0 13.6430932  68.48792 73.886318     0     0
[12,]    0    0    0    0    0    0    0  0.7896353  82.26226 22.912820     0     0
[13,]    0    0    0    0    0    0    0 12.8534579  21.46152 28.060678     0     0
[14,]    0    0    0    0    0    0    0 12.8534579  69.52821 45.825640     0     0
[15,]    0    0    0    0    0    0    0 14.4327284  80.25314 73.886318     0     0
[16,]    0    0    0    0    0    0    0  0.7896353  40.63406  5.147858     0     0
[17,]    0    0    0    0    0    0    0  0.7896353  86.62017 33.208536     0     0
[18,]    0    0    0    0    0    0    0 13.6430932  70.66687 56.121356     0     0
[19,]    0    0    0    0    0    0    0 13.6430932  85.48151 50.973498     0     0
[20,]    0    0    0    0    0    0    0 12.8534579  34.26704 45.825640     0     0
[21,]    0    0    0    0    0    0    0  2.3689059  27.82854  0.000000     0     0
[22,]    0    0    0    0    0    0    0  0.7896353  37.41482 10.295716     0     0
[23,]    0    0    0    0    0    0    0 12.8534579  28.86884  0.000000     0     0
[24,]    0    0    0    0    0    0    0  2.3689059  86.62017 50.973498     0     0
[25,]    0    0    0    0    0    0    0 12.8534579  78.07419  5.147858     0     0
[26,]    0    0    0    0    0    0    0  0.7896353  38.45511 22.912820     0     0
[27,]    0    0    0    0    0    0    0 24.9172804  78.07419 28.060678     0     0
[28,]    0    0    0    0    0    0    0  0.7896353 131.46762 22.912820     0     0
[29,]    0    0    0    0    0    0    0 24.1276451  24.77913  5.147858     0     0
[30,]    0    0    0    0    0    0    0  2.3689059  17.27344 28.060678     0     0
[31,]    0    0    0    0    0    0    0  0.0000000 132.50791 22.912820     0     0
[32,]    0    0    0    0    0    0    0 36.1914677  37.41482 28.060678     0     0
[33,]    0    0    0    0    0    0    0 12.8534579 122.92164 10.295716     0     0
[34,]    0    0    0    0    0    0    0 13.6430932 133.64657 10.295716     0     0
[35,]    0    0    0    0    0    0    0 13.6430932  72.67599 22.912820     0     0
[36,]    0    0    0    0    0    0    0 13.6430932  34.26704 28.060678     0     0
[37,]    0    0    0    0    0    0    0 24.9172804  41.67436 50.973498     0     0
[38,]    0    0    0    0    0    0    0 12.0638226  14.05420 28.060678     0     0
[39,]    0    0    0    0    0    0    0 12.0638226  16.06332 56.121356     0     0
[40,]    0    0    0    0    0    0    0  0.0000000 134.68686 50.973498     0     0
[41,]    0    0    0    0    0    0    0 36.1914677 121.88134 45.825640     0     0
[42,]    0    0    0    0    0    0    0  0.0000000  78.07419  5.147858     0     0
[43,]    0    0    0    0    0    0    0 24.1276451  79.21285 22.912820     0     0
[44,]    0    0    0    0    0    0    0 24.1276451  70.66687 22.912820     0     0
[45,]    0    0    0    0    0    0    0 12.8534579  79.11449  5.147858     0     0
[46,]    0    0    0    0    0    0    0 12.0638226  74.92641 45.825640     0     0
[47,]    0    0    0    0    0    0    0  2.3689059 126.14089 33.208536     0     0
[48,]    0    0    0    0    0    0    0 13.6430932  35.23586 45.825640     0     0
[49,]    0    0    0    0    0    0    0  0.7896353  71.70716 33.208536     0     0
[50,]    0    0    0    0    0    0    0 36.9811030  19.35403 68.738460     0     0

$Ndateboots
      [,1] [,2] [,3] [,4] [,5] [,6] [,7]      [,8]      [,9]    [,10] [,11] [,12]
 [1,]    0    0    0    0    0    0    0  17.77778 1777.7778 284.4444     0     0
 [2,]    0    0    0    0    0    0    0   0.00000  888.8889 568.8889     0     0
 [3,]    0    0    0    0    0    0    0 160.00000  604.4444 284.4444     0     0
 [4,]    0    0    0    0    0    0    0 160.00000 1244.4444 142.2222     0     0
 [5,]    0    0    0    0    0    0    0  17.77778  924.4444 284.4444     0     0
 [6,]    0    0    0    0    0    0    0   0.00000 1671.1111 426.6667     0     0
 [7,]    0    0    0    0    0    0    0 284.44444  533.3333 142.2222     0     0
 [8,]    0    0    0    0    0    0    0 284.44444 1493.3333 426.6667     0     0
 [9,]    0    0    0    0    0    0    0  35.55556  675.5556 426.6667     0     0
[10,]    0    0    0    0    0    0    0 302.22222 2097.7778 568.8889     0     0
[11,]    0    0    0    0    0    0    0 177.77778  675.5556 568.8889     0     0
[12,]    0    0    0    0    0    0    0  17.77778 1315.5556 142.2222     0     0
[13,]    0    0    0    0    0    0    0 160.00000  568.8889 284.4444     0     0
[14,]    0    0    0    0    0    0    0 160.00000  675.5556 284.4444     0     0
[15,]    0    0    0    0    0    0    0 195.55556  924.4444 568.8889     0     0
[16,]    0    0    0    0    0    0    0  17.77778 1137.7778 142.2222     0     0
[17,]    0    0    0    0    0    0    0  17.77778 1244.4444 426.6667     0     0
[18,]    0    0    0    0    0    0    0 177.77778  640.0000 568.8889     0     0
[19,]    0    0    0    0    0    0    0 177.77778 1280.0000 426.6667     0     0
[20,]    0    0    0    0    0    0    0 160.00000  817.7778 284.4444     0     0
[21,]    0    0    0    0    0    0    0  53.33333  888.8889   0.0000     0     0
[22,]    0    0    0    0    0    0    0  17.77778 1173.3333 284.4444     0     0
[23,]    0    0    0    0    0    0    0 160.00000  888.8889   0.0000     0     0
[24,]    0    0    0    0    0    0    0  53.33333 1244.4444 426.6667     0     0
[25,]    0    0    0    0    0    0    0 160.00000  960.0000 142.2222     0     0
[26,]    0    0    0    0    0    0    0  17.77778 1173.3333 142.2222     0     0
[27,]    0    0    0    0    0    0    0 302.22222  960.0000 284.4444     0     0
[28,]    0    0    0    0    0    0    0  17.77778 1386.6667 142.2222     0     0
[29,]    0    0    0    0    0    0    0 284.44444  497.7778 142.2222     0     0
[30,]    0    0    0    0    0    0    0  53.33333  213.3333 284.4444     0     0
[31,]    0    0    0    0    0    0    0   0.00000 1386.6667 142.2222     0     0
[32,]    0    0    0    0    0    0    0 426.66667 1173.3333 284.4444     0     0
[33,]    0    0    0    0    0    0    0 160.00000 1102.2222 284.4444     0     0
[34,]    0    0    0    0    0    0    0 177.77778 1351.1111 284.4444     0     0
[35,]    0    0    0    0    0    0    0 177.77778 1031.1111 142.2222     0     0
[36,]    0    0    0    0    0    0    0 177.77778  817.7778 284.4444     0     0
[37,]    0    0    0    0    0    0    0 302.22222 1137.7778 426.6667     0     0
[38,]    0    0    0    0    0    0    0 142.22222  248.8889 284.4444     0     0
[39,]    0    0    0    0    0    0    0 142.22222  640.0000 568.8889     0     0
[40,]    0    0    0    0    0    0    0   0.00000 1351.1111 426.6667     0     0
[41,]    0    0    0    0    0    0    0 426.66667 1102.2222 284.4444     0     0
[42,]    0    0    0    0    0    0    0   0.00000  960.0000 142.2222     0     0
[43,]    0    0    0    0    0    0    0 284.44444  924.4444 142.2222     0     0
[44,]    0    0    0    0    0    0    0 284.44444  640.0000 142.2222     0     0
[45,]    0    0    0    0    0    0    0 160.00000  960.0000 142.2222     0     0
[46,]    0    0    0    0    0    0    0 142.22222  604.4444 284.4444     0     0
[47,]    0    0    0    0    0    0    0  53.33333 1066.6667 426.6667     0     0
[48,]    0    0    0    0    0    0    0 177.77778 1208.8889 284.4444     0     0
[49,]    0    0    0    0    0    0    0  17.77778  640.0000 426.6667     0     0
[50,]    0    0    0    0    0    0    0 444.44444  213.3333 426.6667     0     0

