$totdays
[1] 365

$Psampest
[1] 15.48654

$Pbootest
     Mean      2.5%       50%     97.5% 
15.888001  2.946304 14.879424 30.456735 

$Pboots
 [1]  9.369179 24.236354  5.890449 12.895770 14.642424 19.192178 12.404271 11.821825
 [9] 12.540234  5.355862 26.197500 14.765969 12.540234 24.376636 17.627496 18.742369
[17]  2.946304  8.654781 14.992879 15.090074  8.343094 24.773100  3.749490 12.542394
[25] 23.522265 21.292209 13.345579 25.574126 28.970240  8.654781  2.946304  7.226061
[33] 30.888299 17.095070 27.322940 21.379146  7.537748 13.033893 18.880492 20.489023
[41] 21.688673  7.498980 24.236354 19.683678 36.734898  2.944144 13.837078 13.839238
[49] 16.289724 15.798225

$Bboots
 [1]  2.7470663  7.2301780  1.6453617  3.4682537  4.1900877  5.7029878  3.1576151
 [8]  3.3534068  3.7684729  1.4606360  7.5258799  4.2703858  3.7684729  7.4638431
[15]  5.1697502  5.3472805  0.7283827  2.1851480  4.3748134  4.7343915  2.2517021
[22]  7.2263073  0.9724671  3.5798766  6.4379191  6.3131990  3.8239610  7.6589881
[29]  8.7430781  2.1851480  0.7283827  2.2627681  9.1646929  4.7964282  8.1922258
[36]  5.9536209  2.1962140  3.8905152  5.7695420  6.0691145  6.0756632  1.9449342
[43]  7.2301780  6.0136264 11.0437197  0.9169790  4.1345996  3.9460033  4.7409401
[50]  4.4303015

$Nboots
 [1]  4.848485 14.545455  4.848485 12.121212 10.505051  8.080808 11.313131  6.464646
 [9]  6.464646  7.272727 15.353535  8.888889  6.464646  9.696970  9.696970 12.121212
[17]  2.424242  7.272727  8.080808  6.464646  6.464646 12.121212  4.040404  6.464646
[25] 14.545455 12.121212  8.080808 13.737374 12.121212  7.272727  2.424242  4.040404
[33] 16.161616 12.121212 12.121212 13.737374  4.848485  7.272727  7.272727 10.505051
[41] 14.545455  8.080808 14.545455  8.888889 16.161616  2.424242  8.888889  8.888889
[49] 10.505051  9.696970

$julians
 [1] 1760 1795 1846 1880 1904 1934 1956 1999 2026 2054 2083 2116

$intdays
 [1] 35 51 34 24 30 22 43 27 28 29 33  9

$Pintsampest
 [1] 0.0000000 0.0000000 0.0000000 0.0000000 0.0000000 0.0000000 3.3114952 6.6511832
 [9] 5.1155387 0.4083207 0.0000000 0.0000000

$Pintboots
      [,1] [,2] [,3] [,4] [,5] [,6]     [,7]      [,8]       [,9]     [,10] [,11] [,12]
 [1,]    0    0    0    0    0    0 1.807143  4.296313  3.2657240 0.0000000     0     0
 [2,]    0    0    0    0    0    0 3.311495 10.162528  9.5373680 1.2249621     0     0
 [3,]    0    0    0    0    0    0 1.807143  2.191545  1.4834399 0.4083207     0     0
 [4,]    0    0    0    0    0    0 5.118638  4.279000  2.2731704 1.2249621     0     0
 [5,]    0    0    0    0    0    0 3.614285  5.789668  4.4218293 0.8166414     0     0
 [6,]    0    0    0    0    0    0 3.008705  8.919276  7.2641976 0.0000000     0     0
 [7,]    0    0    0    0    0    0 6.622990  4.174909  0.7897305 0.8166414     0     0
 [8,]    0    0    0    0    0    0 3.311495  5.244605  3.2657240 0.0000000     0     0
 [9,]    0    0    0    0    0    0 1.504352  5.512022  5.1155387 0.4083207     0     0
[10,]    0    0    0    0    0    0 1.807143  1.139162  1.1845957 1.2249621     0     0
[11,]    0    0    0    0    0    0 6.320200 11.006730  8.0539280 0.8166414     0     0
[12,]    0    0    0    0    0    0 3.311495  6.296989  4.7491640 0.4083207     0     0
[13,]    0    0    0    0    0    0 1.504352  5.512022  5.1155387 0.4083207     0     0
[14,]    0    0    0    0    0    0 1.807143 11.673197 10.8962964 0.0000000     0     0
[15,]    0    0    0    0    0    0 3.311495  7.703567  6.2041134 0.4083207     0     0
[16,]    0    0    0    0    0    0 4.815848  7.599476  5.5104039 0.8166414     0     0
[17,]    0    0    0    0    0    0 1.807143  1.139162  0.0000000 0.0000000     0     0
[18,]    0    0    0    0    0    0 4.815848  3.035747  0.3948652 0.4083207     0     0
[19,]    0    0    0    0    0    0 3.008705  6.460315  5.1155387 0.4083207     0     0
[20,]    0    0    0    0    0    0 0.000000  7.022690  7.6590628 0.4083207     0     0
[21,]    0    0    0    0    0    0 3.311495  3.139838  1.4834399 0.4083207     0     0
[22,]    0    0    0    0    0    0 5.118638 11.301690  8.3527723 0.0000000     0     0
[23,]    0    0    0    0    0    0 1.807143  1.139162  0.3948652 0.4083207     0     0
[24,]    0    0    0    0    0    0 3.311495  5.598800  3.6320988 0.0000000     0     0
[25,]    0    0    0    0    0    0 8.732923 10.068668  4.7206735 0.0000000     0     0
[26,]    0    0    0    0    0    0 3.311495  9.110145  8.0539280 0.8166414     0     0
[27,]    0    0    0    0    0    0 3.311495  5.598800  4.0269640 0.4083207     0     0
[28,]    0    0    0    0    0    0 3.311495 11.214912 10.2310774 0.8166414     0     0
[29,]    0    0    0    0    0    0 3.311495 13.673874 11.9848710 0.0000000     0     0
[30,]    0    0    0    0    0    0 4.815848  3.035747  0.3948652 0.4083207     0     0
[31,]    0    0    0    0    0    0 1.807143  1.139162  0.0000000 0.0000000     0     0
[32,]    0    0    0    0    0    0 0.000000  3.157151  3.6605893 0.4083207     0     0
[33,]    0    0    0    0    0    0 4.815848 13.569783 11.6860268 0.8166414     0     0
[34,]    0    0    0    0    0    0 5.118638  6.737961  4.4218293 0.8166414     0     0
[35,]    0    0    0    0    0    0 3.614285 12.812359 10.8962964 0.0000000     0     0
[36,]    0    0    0    0    0    0 6.925781  8.929506  5.1155387 0.4083207     0     0
[37,]    0    0    0    0    0    0 1.504352  3.053060  2.5720146 0.4083207     0     0
[38,]    0    0    0    0    0    0 1.807143  5.702890  5.1155387 0.4083207     0     0
[39,]    0    0    0    0    0    0 1.504352  9.023367  8.3527723 0.0000000     0     0
[40,]    0    0    0    0    0    0 3.311495  9.110145  7.6590628 0.4083207     0     0
[41,]    0    0    0    0    0    0 6.622990  8.738638  5.5104039 0.8166414     0     0
[42,]    0    0    0    0    0    0 3.614285  2.278323  0.7897305 0.8166414     0     0
[43,]    0    0    0    0    0    0 3.311495 10.162528  9.5373680 1.2249621     0     0
[44,]    0    0    0    0    0    0 1.504352  9.023367  8.7476375 0.4083207     0     0
[45,]    0    0    0    0    0    0 4.513057 16.890259 14.9232604 0.4083207     0     0
[46,]    0    0    0    0    0    0 0.000000  1.052384  1.4834399 0.4083207     0     0
[47,]    0    0    0    0    0    0 1.807143  5.702890  5.5104039 0.8166414     0     0
[48,]    0    0    0    0    0    0 3.614285  5.789668  4.0269640 0.4083207     0     0
[49,]    0    0    0    0    0    0 3.311495  6.651183  5.5104039 0.8166414     0     0
[50,]    0    0    0    0    0    0 4.815848  6.547092  4.0269640 0.4083207     0     0

$Bdatesampinfo
       DATE JULIAN N      Mean     Stdev
1  10/26/10   1760 5  0.000000  0.000000
2  11/30/10   1795 5  0.000000  0.000000
3  01/20/11   1846 5  0.000000  0.000000
4  02/23/11   1880 5  0.000000  0.000000
5  03/19/11   1904 5  0.000000  0.000000
6  04/18/11   1934 5  0.000000  0.000000
7  05/10/11   1956 5  0.000000  0.000000
8  06/22/11   1999 5 14.681954 20.243678
9  07/19/11   2026 5 32.098529 53.540321
10 08/16/11   2054 5  2.684929  6.003684
11 09/14/11   2083 5  0.000000  0.000000
12 10/17/11   2116 5  0.000000  0.000000

$Ndatesampinfo
       DATE JULIAN N     Mean    Stdev
1  10/26/10   1760 5  0.00000  0.00000
2  11/30/10   1795 5  0.00000  0.00000
3  01/20/11   1846 5  0.00000  0.00000
4  02/23/11   1880 5  0.00000  0.00000
5  03/19/11   1904 5  0.00000  0.00000
6  04/18/11   1934 5  0.00000  0.00000
7  05/10/11   1956 5  0.00000  0.00000
8  06/22/11   1999 5 44.44444 62.85394
9  07/19/11   2026 5 35.55556 57.94847
10 08/16/11   2054 5 17.77778 39.75232
11 09/14/11   2083 5  0.00000  0.00000
12 10/17/11   2116 5  0.00000  0.00000

$Bdateboots
      [,1] [,2] [,3] [,4] [,5] [,6] [,7]      [,8]     [,9]    [,10] [,11] [,12]
 [1,]    0    0    0    0    0    0    0  8.012209 22.20552 0.000000     0     0
 [2,]    0    0    0    0    0    0    0 14.681954 56.79522 8.054787     0     0
 [3,]    0    0    0    0    0    0    0  8.012209  7.40184 2.684929     0     0
 [4,]    0    0    0    0    0    0    0 22.694163  7.40184 8.054787     0     0
 [5,]    0    0    0    0    0    0    0 16.024418 24.69669 5.369858     0     0
 [6,]    0    0    0    0    0    0    0 13.339489 49.39338 0.000000     0     0
 [7,]    0    0    0    0    0    0    0 29.363908  0.00000 5.369858     0     0
 [8,]    0    0    0    0    0    0    0 14.681954 22.20552 0.000000     0     0
 [9,]    0    0    0    0    0    0    0  6.669745 32.09853 2.684929     0     0
[10,]    0    0    0    0    0    0    0  8.012209  0.00000 8.054787     0     0
[11,]    0    0    0    0    0    0    0 28.021443 49.39338 5.369858     0     0
[12,]    0    0    0    0    0    0    0 14.681954 29.60736 2.684929     0     0
[13,]    0    0    0    0    0    0    0  6.669745 32.09853 2.684929     0     0
[14,]    0    0    0    0    0    0    0  8.012209 74.09007 0.000000     0     0
[15,]    0    0    0    0    0    0    0 14.681954 39.50037 2.684929     0     0
[16,]    0    0    0    0    0    0    0 21.351699 32.09853 5.369858     0     0
[17,]    0    0    0    0    0    0    0  8.012209  0.00000 0.000000     0     0
[18,]    0    0    0    0    0    0    0 21.351699  0.00000 2.684929     0     0
[19,]    0    0    0    0    0    0    0 13.339489 32.09853 2.684929     0     0
[20,]    0    0    0    0    0    0    0  0.000000 49.39338 2.684929     0     0
[21,]    0    0    0    0    0    0    0 14.681954  7.40184 2.684929     0     0
[22,]    0    0    0    0    0    0    0 22.694163 56.79522 0.000000     0     0
[23,]    0    0    0    0    0    0    0  8.012209  0.00000 2.684929     0     0
[24,]    0    0    0    0    0    0    0 14.681954 24.69669 0.000000     0     0
[25,]    0    0    0    0    0    0    0 38.718582 32.09853 0.000000     0     0
[26,]    0    0    0    0    0    0    0 14.681954 49.39338 5.369858     0     0
[27,]    0    0    0    0    0    0    0 14.681954 24.69669 2.684929     0     0
[28,]    0    0    0    0    0    0    0 14.681954 64.19706 5.369858     0     0
[29,]    0    0    0    0    0    0    0 14.681954 81.49191 0.000000     0     0
[30,]    0    0    0    0    0    0    0 21.351699  0.00000 2.684929     0     0
[31,]    0    0    0    0    0    0    0  8.012209  0.00000 0.000000     0     0
[32,]    0    0    0    0    0    0    0  0.000000 22.20552 2.684929     0     0
[33,]    0    0    0    0    0    0    0 21.351699 74.09007 5.369858     0     0
[34,]    0    0    0    0    0    0    0 22.694163 24.69669 5.369858     0     0
[35,]    0    0    0    0    0    0    0 16.024418 74.09007 0.000000     0     0
[36,]    0    0    0    0    0    0    0 30.706372 32.09853 2.684929     0     0
[37,]    0    0    0    0    0    0    0  6.669745 14.80368 2.684929     0     0
[38,]    0    0    0    0    0    0    0  8.012209 32.09853 2.684929     0     0
[39,]    0    0    0    0    0    0    0  6.669745 56.79522 0.000000     0     0
[40,]    0    0    0    0    0    0    0 14.681954 49.39338 2.684929     0     0
[41,]    0    0    0    0    0    0    0 29.363908 32.09853 5.369858     0     0
[42,]    0    0    0    0    0    0    0 16.024418  0.00000 5.369858     0     0
[43,]    0    0    0    0    0    0    0 14.681954 56.79522 8.054787     0     0
[44,]    0    0    0    0    0    0    0  6.669745 56.79522 2.684929     0     0
[45,]    0    0    0    0    0    0    0 20.009234 98.78675 2.684929     0     0
[46,]    0    0    0    0    0    0    0  0.000000  7.40184 2.684929     0     0
[47,]    0    0    0    0    0    0    0  8.012209 32.09853 5.369858     0     0
[48,]    0    0    0    0    0    0    0 16.024418 24.69669 2.684929     0     0
[49,]    0    0    0    0    0    0    0 14.681954 32.09853 5.369858     0     0
[50,]    0    0    0    0    0    0    0 21.351699 24.69669 2.684929     0     0

$Ndateboots
      [,1] [,2] [,3] [,4] [,5] [,6] [,7]      [,8]       [,9]    [,10] [,11] [,12]
 [1,]    0    0    0    0    0    0    0  26.66667  26.666667  0.00000     0     0
 [2,]    0    0    0    0    0    0    0  44.44444  62.222222 53.33333     0     0
 [3,]    0    0    0    0    0    0    0  26.66667   8.888889 17.77778     0     0
 [4,]    0    0    0    0    0    0    0  71.11111   8.888889 53.33333     0     0
 [5,]    0    0    0    0    0    0    0  53.33333  26.666667 35.55556     0     0
 [6,]    0    0    0    0    0    0    0  35.55556  53.333333  0.00000     0     0
 [7,]    0    0    0    0    0    0    0  88.88889   0.000000 35.55556     0     0
 [8,]    0    0    0    0    0    0    0  44.44444  26.666667  0.00000     0     0
 [9,]    0    0    0    0    0    0    0  17.77778  35.555556 17.77778     0     0
[10,]    0    0    0    0    0    0    0  26.66667   0.000000 53.33333     0     0
[11,]    0    0    0    0    0    0    0  80.00000  53.333333 35.55556     0     0
[12,]    0    0    0    0    0    0    0  44.44444  35.555556 17.77778     0     0
[13,]    0    0    0    0    0    0    0  17.77778  35.555556 17.77778     0     0
[14,]    0    0    0    0    0    0    0  26.66667  80.000000  0.00000     0     0
[15,]    0    0    0    0    0    0    0  44.44444  44.444444 17.77778     0     0
[16,]    0    0    0    0    0    0    0  62.22222  35.555556 35.55556     0     0
[17,]    0    0    0    0    0    0    0  26.66667   0.000000  0.00000     0     0
[18,]    0    0    0    0    0    0    0  62.22222   0.000000 17.77778     0     0
[19,]    0    0    0    0    0    0    0  35.55556  35.555556 17.77778     0     0
[20,]    0    0    0    0    0    0    0   0.00000  53.333333 17.77778     0     0
[21,]    0    0    0    0    0    0    0  44.44444   8.888889 17.77778     0     0
[22,]    0    0    0    0    0    0    0  71.11111  62.222222  0.00000     0     0
[23,]    0    0    0    0    0    0    0  26.66667   0.000000 17.77778     0     0
[24,]    0    0    0    0    0    0    0  44.44444  26.666667  0.00000     0     0
[25,]    0    0    0    0    0    0    0 124.44444  35.555556  0.00000     0     0
[26,]    0    0    0    0    0    0    0  44.44444  53.333333 35.55556     0     0
[27,]    0    0    0    0    0    0    0  44.44444  26.666667 17.77778     0     0
[28,]    0    0    0    0    0    0    0  44.44444  71.111111 35.55556     0     0
[29,]    0    0    0    0    0    0    0  44.44444  88.888889  0.00000     0     0
[30,]    0    0    0    0    0    0    0  62.22222   0.000000 17.77778     0     0
[31,]    0    0    0    0    0    0    0  26.66667   0.000000  0.00000     0     0
[32,]    0    0    0    0    0    0    0   0.00000  26.666667 17.77778     0     0
[33,]    0    0    0    0    0    0    0  62.22222  80.000000 35.55556     0     0
[34,]    0    0    0    0    0    0    0  71.11111  26.666667 35.55556     0     0
[35,]    0    0    0    0    0    0    0  53.33333  80.000000  0.00000     0     0
[36,]    0    0    0    0    0    0    0  97.77778  35.555556 17.77778     0     0
[37,]    0    0    0    0    0    0    0  17.77778  17.777778 17.77778     0     0
[38,]    0    0    0    0    0    0    0  26.66667  35.555556 17.77778     0     0
[39,]    0    0    0    0    0    0    0  17.77778  62.222222  0.00000     0     0
[40,]    0    0    0    0    0    0    0  44.44444  53.333333 17.77778     0     0
[41,]    0    0    0    0    0    0    0  88.88889  35.555556 35.55556     0     0
[42,]    0    0    0    0    0    0    0  53.33333   0.000000 35.55556     0     0
[43,]    0    0    0    0    0    0    0  44.44444  62.222222 53.33333     0     0
[44,]    0    0    0    0    0    0    0  17.77778  62.222222 17.77778     0     0
[45,]    0    0    0    0    0    0    0  53.33333 106.666667 17.77778     0     0
[46,]    0    0    0    0    0    0    0   0.00000   8.888889 17.77778     0     0
[47,]    0    0    0    0    0    0    0  26.66667  35.555556 35.55556     0     0
[48,]    0    0    0    0    0    0    0  53.33333  26.666667 17.77778     0     0
[49,]    0    0    0    0    0    0    0  44.44444  35.555556 35.55556     0     0
[50,]    0    0    0    0    0    0    0  62.22222  26.666667 17.77778     0     0

