$totdays
[1] 365

$Psampest
[1] 8.152167

$Pbootest
     Mean      2.5%       50%     97.5% 
 7.822913  3.771591  7.660822 13.715792 

$Pboots
 [1] 13.363806  8.442310 12.825210 10.515136  8.124306  8.501975  3.783604  4.440492
 [9]  8.774007  3.783604 13.817982 12.226032 10.933239  4.483220 11.832038  4.104727
[17]  8.239575  6.857937  6.080895  6.353744  5.702402  5.603518  4.938315  8.112557
[25]  5.790752  8.446887  7.560448  3.205927 12.922648  4.293787  8.717460  8.251441
[33]  6.815210  6.769977  5.295929  7.495279 13.037305  4.078301  8.680851  5.588017
[41]  7.761195  4.889574  8.194894 14.336913 12.575840 10.541443  5.269622  9.255137
[49]  5.762067  3.768103

$Bboots
 [1] 0.6759257 0.3927399 1.2929354 0.9557721 0.6438043 0.4283817 0.6695755 0.4463264
 [9] 0.9887870 0.6695755 1.4538161 1.1821986 0.8735380 0.1548702 0.9314305 0.1820797
[17] 0.6434229 0.3279533 0.2917057 0.3817360 0.3189151 1.1133607 0.4904005 0.7407591
[25] 0.5847001 0.9558854 0.6619453 0.1241871 1.0238079 0.4776021 0.7167138 0.6663514
[33] 0.6194094 0.8372310 0.1843113 0.9089835 1.1625194 0.1892701 0.4154239 0.8353832
[41] 0.8291081 0.1695908 0.3942782 1.5212026 0.9248460 0.8286986 0.3113849 0.5420642
[49] 0.3545569 0.3915980

$Nboots
 [1] 16.161616 10.505051 24.242424 11.313131 13.737374 10.505051 10.505051  7.272727
 [9] 17.777778 10.505051 19.393939 16.969697 16.161616  7.272727 15.353535  4.848485
[17] 14.545455 10.505051  8.080808  8.080808  5.656566 12.929293  9.696970  9.696970
[25]  9.696970 11.313131 11.313131  5.656566 12.121212 12.121212 15.353535 14.545455
[33] 10.505051 16.161616  8.888889 15.353535 17.777778  7.272727 14.545455 13.737374
[41] 14.545455  8.080808 12.121212 23.434343 15.353535 12.929293  7.272727  8.080808
[49]  5.656566 11.313131

$julians
 [1] 1760 1795 1846 1880 1904 1934 1956 1999 2026 2054 2083 2116

$intdays
 [1] 35 51 34 24 30 22 43 27 28 29 33  9

$Pintsampest
 [1] 0.0000000 0.0000000 0.0000000 0.0000000 0.0000000 0.0000000 0.0000000 0.4955942
 [9] 0.9843070 0.9680183 5.1774223 0.5268251

$Pintboots
      [,1] [,2] [,3] [,4] [,5] [,6] [,7]      [,8]      [,9]     [,10]      [,11]
 [1,]    0    0    0    0    0    0    0 0.0000000 0.2135327 1.1428454 10.8946134
 [2,]    0    0    0    0    0    0    0 0.0000000 0.0000000 0.8643720  6.8634496
 [3,]    0    0    0    0    0    0    0 1.4867825 2.5258555 1.0486622  6.9815644
 [4,]    0    0    0    0    0    0    0 0.4955942 1.4113723 1.4865312  6.5069874
 [5,]    0    0    0    0    0    0    0 0.4955942 0.7707743 0.8903587  5.4115338
 [6,]    0    0    0    0    0    0    0 0.0000000 0.2135327 0.9680183  6.6326819
 [7,]    0    0    0    0    0    0    0 0.9911883 1.5415486 0.4725079  0.6956467
 [8,]    0    0    0    0    0    0    0 0.4955942 0.7707743 0.5407045  2.3707505
 [9,]    0    0    0    0    0    0    0 0.9911883 1.9686139 1.4499893  3.9638538
[10,]    0    0    0    0    0    0    0 0.9911883 1.5415486 0.4725079  0.6956467
[11,]    0    0    0    0    0    0    0 1.4867825 2.5258555 0.8873744  8.0770181
[12,]    0    0    0    0    0    0    0 0.9911883 1.7550812 0.9680183  7.7499826
[13,]    0    0    0    0    0    0    0 0.4955942 0.9843070 1.5347095  7.2135576
[14,]    0    0    0    0    0    0    0 0.0000000 0.0000000 0.4725079  3.6061660
[15,]    0    0    0    0    0    0    0 0.4955942 1.1978396 1.3693455  7.9807502
[16,]    0    0    0    0    0    0    0 0.0000000 0.2135327 0.4013272  3.1412869
[17,]    0    0    0    0    0    0    0 0.4955942 1.1978396 1.5181859  4.5216569
[18,]    0    0    0    0    0    0    0 0.0000000 0.0000000 0.8903587  5.4115338
[19,]    0    0    0    0    0    0    0 0.0000000 0.0000000 0.6213483  4.9542343
[20,]    0    0    0    0    0    0    0 0.0000000 0.2135327 1.3052252  4.3993062
[21,]    0    0    0    0    0    0    0 0.0000000 0.2135327 0.5501676  4.4893552
[22,]    0    0    0    0    0    0    0 1.4867825 2.9529209 0.9063007  0.2307676
[23,]    0    0    0    0    0    0    0 0.4955942 0.9843070 0.8191779  2.3740943
[24,]    0    0    0    0    0    0    0 0.4955942 1.1978396 0.9910208  4.9357311
[25,]    0    0    0    0    0    0    0 0.4955942 0.9843070 0.7249947  3.2682071
[26,]    0    0    0    0    0    0    0 0.9911883 1.5415486 0.4860473  4.9357311
[27,]    0    0    0    0    0    0    0 0.4955942 0.7707743 1.2015788  4.6300738
[28,]    0    0    0    0    0    0    0 0.0000000 0.0000000 0.5666912  2.3740943
[29,]    0    0    0    0    0    0    0 0.4955942 0.9843070 0.6443508  9.8576638
[30,]    0    0    0    0    0    0    0 0.4955942 1.1978396 1.3011489  1.1605258
[31,]    0    0    0    0    0    0    0 0.4955942 1.1978396 1.3011489  5.1883458
[32,]    0    0    0    0    0    0    0 0.4955942 0.9843070 1.0486622  5.1883458
[33,]    0    0    0    0    0    0    0 0.4955942 0.7707743 0.9585552  4.1761182
[34,]    0    0    0    0    0    0    0 0.9911883 1.9686139 1.1523085  2.3850179
[35,]    0    0    0    0    0    0    0 0.0000000 0.0000000 0.7701887  4.0677013
[36,]    0    0    0    0    0    0    0 0.9911883 1.7550812 0.8998218  3.5023185
[37,]    0    0    0    0    0    0    0 0.9911883 1.5415486 0.6213483  8.9820543
[38,]    0    0    0    0    0    0    0 0.0000000 0.2135327 0.9680183  2.6048620
[39,]    0    0    0    0    0    0    0 0.0000000 0.6405980 1.6478189  5.7494927
[40,]    0    0    0    0    0    0    0 0.9911883 2.1821466 1.3788086  0.9264144
[41,]    0    0    0    0    0    0    0 0.9911883 1.5415486 0.7155316  4.0601216
[42,]    0    0    0    0    0    0    0 0.0000000 0.0000000 0.6213483  3.8369337
[43,]    0    0    0    0    0    0    0 0.0000000 0.2135327 0.8998218  6.4128378
[44,]    0    0    0    0    0    0    0 1.4867825 2.5258555 1.2916858  8.2148617
[45,]    0    0    0    0    0    0    0 0.4955942 0.9843070 0.9680183  9.2052422
[46,]    0    0    0    0    0    0    0 0.4955942 1.1978396 1.2887016  6.8525260
[47,]    0    0    0    0    0    0    0 0.0000000 0.2135327 0.9680183  3.7221626
[48,]    0    0    0    0    0    0    0 0.0000000 0.2135327 0.7931912  7.5158711
[49,]    0    0    0    0    0    0    0 0.0000000 0.4270654 0.6538139  4.2585876
[50,]    0    0    0    0    0    0    0 0.4955942 0.7707743 0.9450158  1.3912935
           [,12]
 [1,] 1.11281456
 [2,] 0.71448830
 [3,] 0.78234515
 [4,] 0.61465105
 [5,] 0.55604467
 [6,] 0.68774175
 [7,] 0.08271262
 [8,] 0.26266895
 [9,] 0.40036191
[10,] 0.08271262
[11,] 0.84095153
[12,] 0.76176181
[13,] 0.70507051
[14,] 0.40454585
[15,] 0.78850835
[16,] 0.34857978
[17,] 0.50629819
[18,] 0.55604467
[19,] 0.50531245
[20,] 0.43568046
[21,] 0.44934637
[22,] 0.02674655
[23,] 0.26514193
[24,] 0.49237176
[25,] 0.31764929
[26,] 0.49237176
[27,] 0.46242701
[28,] 0.26514193
[29,] 0.94073239
[30,] 0.13867870
[31,] 0.53453198
[32,] 0.53453198
[33,] 0.41416777
[34,] 0.27284876
[35,] 0.45803895
[36,] 0.34686882
[37,] 0.90116573
[38,] 0.29188848
[39,] 0.64294123
[40,] 0.10945917
[41,] 0.45280509
[42,] 0.43129240
[43,] 0.66870204
[44,] 0.81772788
[45,] 0.92267842
[46,] 0.70678147
[47,] 0.36590853
[48,] 0.73254228
[49,] 0.42259983
[50,] 0.16542525

$Bdatesampinfo
       DATE JULIAN N      Mean     Stdev
1  10/26/10   1760 5 0.0000000 0.0000000
2  11/30/10   1795 5 0.0000000 0.0000000
3  01/20/11   1846 5 0.0000000 0.0000000
4  02/23/11   1880 5 0.0000000 0.0000000
5  03/19/11   1904 5 0.0000000 0.0000000
6  04/18/11   1934 5 0.0000000 0.0000000
7  05/10/11   1956 5 0.0000000 0.0000000
8  06/22/11   1999 5 0.0000000 0.0000000
9  07/19/11   2026 5 3.4743613 7.7689080
10 08/16/11   2054 5 0.5539860 1.2387504
11 09/14/11   2083 5 0.8845023 0.9796016
12 10/17/11   2116 5 5.2604561 8.6278740

$Ndatesampinfo
       DATE JULIAN N      Mean    Stdev
1  10/26/10   1760 5  0.000000  0.00000
2  11/30/10   1795 5  0.000000  0.00000
3  01/20/11   1846 5  0.000000  0.00000
4  02/23/11   1880 5  0.000000  0.00000
5  03/19/11   1904 5  0.000000  0.00000
6  04/18/11   1934 5  0.000000  0.00000
7  05/10/11   1956 5  0.000000  0.00000
8  06/22/11   1999 5  0.000000  0.00000
9  07/19/11   2026 5 35.555556 79.50464
10 08/16/11   2054 5  8.888889 19.87616
11 09/14/11   2083 5 53.333333 73.02967
12 10/17/11   2116 5 71.111111 97.37290

$Bdateboots
      [,1] [,2] [,3] [,4] [,5] [,6] [,7] [,8]      [,9]    [,10]     [,11]     [,12]
 [1,]    0    0    0    0    0    0    0    0  0.000000 0.553986 0.9772583 11.807877
 [2,]    0    0    0    0    0    0    0    0  0.000000 0.000000 1.0464284  6.547421
 [3,]    0    0    0    0    0    0    0    0 10.423084 0.553986 0.6712902  5.147858
 [4,]    0    0    0    0    0    0    0    0  3.474361 1.661958 1.4036825  7.946983
 [5,]    0    0    0    0    0    0    0    0  3.474361 0.000000 0.9772583  5.260456
 [6,]    0    0    0    0    0    0    0    0  0.000000 0.553986 0.8845023  6.547421
 [7,]    0    0    0    0    0    0    0    0  6.948723 0.000000 0.4166082  0.000000
 [8,]    0    0    0    0    0    0    0    0  3.474361 0.000000 0.7917463  1.286964
 [9,]    0    0    0    0    0    0    0    0  6.948723 1.107972 0.8332163  3.973492
[10,]    0    0    0    0    0    0    0    0  6.948723 0.000000 0.4166082  0.000000
[11,]    0    0    0    0    0    0    0    0 10.423084 0.553986 1.0977144  7.834385
[12,]    0    0    0    0    0    0    0    0  6.948723 0.553986 0.8845023  9.233948
[13,]    0    0    0    0    0    0    0    0  3.474361 0.553986 1.6070786  7.946983
[14,]    0    0    0    0    0    0    0    0  0.000000 0.000000 0.4166082  2.573929
[15,]    0    0    0    0    0    0    0    0  3.474361 1.107972 1.0464284  9.233948
[16,]    0    0    0    0    0    0    0    0  0.000000 0.553986 0.1619261  2.573929
[17,]    0    0    0    0    0    0    0    0  3.474361 1.107972 1.2083545  2.573929
[18,]    0    0    0    0    0    0    0    0  0.000000 0.000000 0.9772583  5.260456
[19,]    0    0    0    0    0    0    0    0  0.000000 0.000000 0.5785342  5.260456
[20,]    0    0    0    0    0    0    0    0  0.000000 0.553986 1.6583646  3.973492
[21,]    0    0    0    0    0    0    0    0  0.000000 0.553986 0.3238522  5.260456
[22,]    0    0    0    0    0    0    0    0 10.423084 1.661958 0.1619261  0.000000
[23,]    0    0    0    0    0    0    0    0  3.474361 0.553986 0.7225762  1.286964
[24,]    0    0    0    0    0    0    0    0  3.474361 1.107972 0.9357883  5.260456
[25,]    0    0    0    0    0    0    0    0  3.474361 0.553986 0.4166082  3.973492
[26,]    0    0    0    0    0    0    0    0  6.948723 0.000000 0.9357883  5.260456
[27,]    0    0    0    0    0    0    0    0  3.474361 0.000000 1.8202907  3.973492
[28,]    0    0    0    0    0    0    0    0  0.000000 0.000000 0.7225762  1.286964
[29,]    0    0    0    0    0    0    0    0  3.474361 0.553986 0.6298203 13.207439
[30,]    0    0    0    0    0    0    0    0  3.474361 1.107972 0.6712902  0.000000
[31,]    0    0    0    0    0    0    0    0  3.474361 1.107972 0.6712902  5.260456
[32,]    0    0    0    0    0    0    0    0  3.474361 0.553986 0.6712902  5.260456
[33,]    0    0    0    0    0    0    0    0  3.474361 0.000000 1.3523965  3.973492
[34,]    0    0    0    0    0    0    0    0  6.948723 1.107972 0.5093641  1.286964
[35,]    0    0    0    0    0    0    0    0  0.000000 0.000000 0.7404603  2.573929
[36,]    0    0    0    0    0    0    0    0  6.948723 0.553986 0.5093641  3.973492
[37,]    0    0    0    0    0    0    0    0  6.948723 0.000000 0.5785342 10.520912
[38,]    0    0    0    0    0    0    0    0  0.000000 0.553986 0.8845023  1.286964
[39,]    0    0    0    0    0    0    0    0  0.000000 1.661958 0.9772583  3.860893
[40,]    0    0    0    0    0    0    0    0  6.948723 1.661958 0.5785342  0.000000
[41,]    0    0    0    0    0    0    0    0  6.948723 0.000000 0.8845023  2.573929
[42,]    0    0    0    0    0    0    0    0  0.000000 0.000000 0.5785342  2.573929
[43,]    0    0    0    0    0    0    0    0  0.000000 0.553986 0.5093641  6.547421
[44,]    0    0    0    0    0    0    0    0 10.423084 0.553986 1.1391844  9.233948
[45,]    0    0    0    0    0    0    0    0  3.474361 0.553986 0.8845023 10.520912
[46,]    0    0    0    0    0    0    0    0  3.474361 1.107972 1.2596405  6.547421
[47,]    0    0    0    0    0    0    0    0  0.000000 0.553986 0.8845023  3.973492
[48,]    0    0    0    0    0    0    0    0  0.000000 0.553986 0.7917463  9.233948
[49,]    0    0    0    0    0    0    0    0  0.000000 1.107972 0.1619261  5.260456
[50,]    0    0    0    0    0    0    0    0  3.474361 0.000000 0.8332163  0.000000

$Ndateboots
      [,1] [,2] [,3] [,4] [,5] [,6] [,7] [,8]      [,9]     [,10]     [,11]     [,12]
 [1,]    0    0    0    0    0    0    0    0   0.00000  8.888889 80.000000 177.77778
 [2,]    0    0    0    0    0    0    0    0   0.00000  0.000000 62.222222 106.66667
 [3,]    0    0    0    0    0    0    0    0 106.66667  8.888889 80.000000 142.22222
 [4,]    0    0    0    0    0    0    0    0  35.55556 26.666667 26.666667  71.11111
 [5,]    0    0    0    0    0    0    0    0  35.55556  0.000000 80.000000  71.11111
 [6,]    0    0    0    0    0    0    0    0   0.00000  8.888889 53.333333 106.66667
 [7,]    0    0    0    0    0    0    0    0  71.11111  0.000000 44.444444   0.00000
 [8,]    0    0    0    0    0    0    0    0  35.55556  0.000000 26.666667  35.55556
 [9,]    0    0    0    0    0    0    0    0  71.11111 17.777778 88.888889  35.55556
[10,]    0    0    0    0    0    0    0    0  71.11111  0.000000 44.444444   0.00000
[11,]    0    0    0    0    0    0    0    0 106.66667  8.888889 26.666667 142.22222
[12,]    0    0    0    0    0    0    0    0  71.11111  8.888889 53.333333 106.66667
[13,]    0    0    0    0    0    0    0    0  35.55556  8.888889 97.777778  71.11111
[14,]    0    0    0    0    0    0    0    0   0.00000  0.000000 44.444444  71.11111
[15,]    0    0    0    0    0    0    0    0  35.55556 17.777778 62.222222 106.66667
[16,]    0    0    0    0    0    0    0    0   0.00000  8.888889  8.888889  71.11111
[17,]    0    0    0    0    0    0    0    0  35.55556 17.777778 71.111111  71.11111
[18,]    0    0    0    0    0    0    0    0   0.00000  0.000000 80.000000  71.11111
[19,]    0    0    0    0    0    0    0    0   0.00000  0.000000 53.333333  71.11111
[20,]    0    0    0    0    0    0    0    0   0.00000  8.888889 62.222222  35.55556
[21,]    0    0    0    0    0    0    0    0   0.00000  8.888889 17.777778  71.11111
[22,]    0    0    0    0    0    0    0    0 106.66667 26.666667  8.888889   0.00000
[23,]    0    0    0    0    0    0    0    0  35.55556  8.888889 44.444444  35.55556
[24,]    0    0    0    0    0    0    0    0  35.55556 17.777778 17.777778  71.11111
[25,]    0    0    0    0    0    0    0    0  35.55556  8.888889 44.444444  35.55556
[26,]    0    0    0    0    0    0    0    0  71.11111  0.000000 17.777778  71.11111
[27,]    0    0    0    0    0    0    0    0  35.55556  0.000000 71.111111  35.55556
[28,]    0    0    0    0    0    0    0    0   0.00000  0.000000 44.444444  35.55556
[29,]    0    0    0    0    0    0    0    0  35.55556  8.888889 17.777778 142.22222
[30,]    0    0    0    0    0    0    0    0  35.55556 17.777778 80.000000   0.00000
[31,]    0    0    0    0    0    0    0    0  35.55556 17.777778 80.000000  71.11111
[32,]    0    0    0    0    0    0    0    0  35.55556  8.888889 80.000000  71.11111
[33,]    0    0    0    0    0    0    0    0  35.55556  0.000000 62.222222  35.55556
[34,]    0    0    0    0    0    0    0    0  71.11111 17.777778 71.111111  35.55556
[35,]    0    0    0    0    0    0    0    0   0.00000  0.000000 62.222222  71.11111
[36,]    0    0    0    0    0    0    0    0  71.11111  8.888889 71.111111  35.55556
[37,]    0    0    0    0    0    0    0    0  71.11111  0.000000 53.333333 142.22222
[38,]    0    0    0    0    0    0    0    0   0.00000  8.888889 53.333333  35.55556
[39,]    0    0    0    0    0    0    0    0   0.00000 26.666667 80.000000 106.66667
[40,]    0    0    0    0    0    0    0    0  71.11111 26.666667 53.333333   0.00000
[41,]    0    0    0    0    0    0    0    0  71.11111  0.000000 53.333333  71.11111
[42,]    0    0    0    0    0    0    0    0   0.00000  0.000000 53.333333  71.11111
[43,]    0    0    0    0    0    0    0    0   0.00000  8.888889 71.111111 106.66667
[44,]    0    0    0    0    0    0    0    0 106.66667  8.888889 88.888889 106.66667
[45,]    0    0    0    0    0    0    0    0  35.55556  8.888889 53.333333 142.22222
[46,]    0    0    0    0    0    0    0    0  35.55556 17.777778 35.555556 106.66667
[47,]    0    0    0    0    0    0    0    0   0.00000  8.888889 53.333333  35.55556
[48,]    0    0    0    0    0    0    0    0   0.00000  8.888889 26.666667 106.66667
[49,]    0    0    0    0    0    0    0    0   0.00000 17.777778  8.888889  71.11111
[50,]    0    0    0    0    0    0    0    0  35.55556  0.000000 88.888889   0.00000

