$totdays
[1] 365

$Psampest
[1] 6.197295

$Pbootest
     Mean      2.5%       50%     97.5% 
 6.060798  1.659127  5.866472 12.117917 

$Pboots
 [1]  5.720138  8.361935  8.297633  6.163051  4.709829  1.483517  6.553758  5.806101
 [9]  9.317151  5.571118  2.711975  9.528163  8.396048  5.302131  6.371749 10.155117
[17]  8.206987  6.540366  6.096925  8.460777  8.887331  9.560655  3.546074  5.538339
[25]  2.529321  8.309805  2.047781  4.053836  2.538369 12.508527  5.937143  2.039992
[33] 10.772483 13.222060  3.424604  4.109491  2.992847  7.676478  9.148773  1.589614
[41]  3.733024  2.095336  1.898562 10.065118  2.676469  7.937881  5.504215  5.598907
[49]  3.415556  5.926843

$Bboots
 [1] 1.3014153 2.1334419 1.6823794 1.4497502 0.9785329 0.4287991 1.5288528 1.2933307
 [9] 1.9853336 1.2348569 0.8066231 2.1009619 2.1799842 1.1711912 1.5273394 2.2836208
[17] 2.0695479 1.5672837 1.4370596 1.7896962 1.8683861 2.0862256 1.0531760 1.2735429
[25] 0.7126379 1.6852989 0.6148058 0.8141424 0.7369453 2.6023789 1.3216314 0.5503527
[33] 2.4985141 2.8297896 1.0051472 1.2423022 0.8971580 1.9138875 1.9586659 0.4377843
[41] 1.1216492 0.5856909 0.5361755 2.2742779 0.7505097 2.0029627 1.2654315 1.2666630
[49] 0.9808398 1.3473985

$Nboots
 [1]  8.888889 10.101010 10.505051 10.505051  6.868687  4.040404  8.080808  8.484848
 [9] 11.717172  8.080808  9.292929 12.121212 11.717172  7.272727 10.101010 12.121212
[17] 11.717172 10.101010  8.484848  7.676768 10.909091 11.717172  7.676768  6.868687
[25]  6.060606  9.696970  4.444444  4.444444  5.656566 12.525253 11.717172  6.464646
[33] 14.545455 12.525253  7.272727 10.909091  7.676768 12.929293 12.525253  4.444444
[41]  8.484848  4.848485  5.656566 10.505051  8.484848 11.717172  7.272727  9.292929
[49]  7.676768 10.909091

$julians
 [1] 1760 1795 1846 1880 1904 1934 1956 1999 2026 2054 2083 2116

$intdays
 [1] 35 51 34 24 30 22 43 27 28 29 33  9

$Pintsampest
 [1] 1.3946039 2.0321462 0.0000000 0.0000000 0.0000000 0.0000000 0.3338332 0.6520518
 [9] 0.8020663 0.3555075 0.3940411 0.2330447

$Pintboots
          [,1]     [,2] [,3] [,4] [,5] [,6]      [,7]       [,8]      [,9]     [,10]
 [1,] 1.394604 2.032146    0    0    0    0 0.5525759 0.78940342 0.4588161 0.0000000
 [2,] 1.394604 2.032146    0    0    0    0 0.4374855 0.71713649 1.8318168 1.4220298
 [3,] 2.789208 4.064292    0    0    0    0 0.3338332 0.20961861 0.0000000 0.0000000
 [4,] 1.394604 2.032146    0    0    0    0 0.2301809 0.58696702 0.8020663 0.3555075
 [5,] 1.394604 2.032146    0    0    0    0 0.3338332 0.20961861 0.0000000 0.0000000
 [6,] 0.000000 0.000000    0    0    0    0 0.0000000 0.44243314 0.4588161 0.0000000
 [7,] 1.394604 2.032146    0    0    0    0 0.6562282 0.41205502 0.6865004 0.7110149
 [8,] 1.394604 2.032146    0    0    0    0 0.4374855 0.27470334 0.3432502 0.3555075
 [9,] 2.789208 4.064292    0    0    0    0 0.6676664 0.41923722 0.3432502 0.3555075
[10,] 1.394604 2.032146    0    0    0    0 0.3338332 0.20961861 0.3432502 0.3555075
[11,] 0.000000 0.000000    0    0    0    0 0.3452714 1.10166709 0.9176322 0.0000000
[12,] 2.789208 4.064292    0    0    0    0 0.2301809 0.58696702 0.8020663 0.3555075
[13,] 1.394604 2.032146    0    0    0    0 0.0000000 1.32729943 2.0629486 0.7110149
[14,] 1.394604 2.032146    0    0    0    0 0.3338332 0.20961861 0.3432502 0.3555075
[15,] 1.394604 2.032146    0    0    0    0 0.3338332 1.09448489 0.9176322 0.0000000
[16,] 2.789208 4.064292    0    0    0    0 0.5525759 1.23183657 0.9176322 0.0000000
[17,] 1.394604 2.032146    0    0    0    0 0.4374855 1.15956963 1.6041326 0.7110149
[18,] 1.394604 2.032146    0    0    0    0 0.3338332 1.09448489 0.9176322 0.0000000
[19,] 1.394604 2.032146    0    0    0    0 0.3338332 0.65205175 0.8020663 0.3555075
[20,] 2.789208 4.064292    0    0    0    0 0.0000000 0.44243314 0.4588161 0.0000000
[21,] 2.789208 4.064292    0    0    0    0 0.1150905 0.07226694 0.3432502 0.3555075
[22,] 2.789208 4.064292    0    0    0    0 0.3338332 0.20961861 0.6865004 0.7110149
[23,] 0.000000 0.000000    0    0    0    0 0.2187427 1.02221796 1.2608824 0.3555075
[24,] 1.394604 2.032146    0    0    0    0 0.1150905 0.07226694 0.6865004 0.7110149
[25,] 0.000000 0.000000    0    0    0    0 0.3338332 0.20961861 0.6865004 0.7110149
[26,] 2.789208 4.064292    0    0    0    0 0.3338332 0.20961861 0.0000000 0.0000000
[27,] 0.000000 0.000000    0    0    0    0 0.0000000 0.44243314 0.8020663 0.3555075
[28,] 1.394604 2.032146    0    0    0    0 0.0000000 0.00000000 0.0000000 0.0000000
[29,] 0.000000 0.000000    0    0    0    0 0.2187427 0.57978482 0.8020663 0.3555075
[30,] 4.183812 6.096439    0    0    0    0 0.0000000 0.44243314 0.4588161 0.0000000
[31,] 1.394604 2.032146    0    0    0    0 0.3452714 0.21680081 0.3432502 0.3555075
[32,] 0.000000 0.000000    0    0    0    0 0.5525759 0.34697028 0.3432502 0.3555075
[33,] 2.789208 4.064292    0    0    0    0 0.2301809 1.47183330 1.3764483 0.0000000
[34,] 4.183812 6.096439    0    0    0    0 0.2187427 0.57978482 0.8020663 0.3555075
[35,] 0.000000 0.000000    0    0    0    0 0.4374855 0.71713649 1.1453165 0.7110149
[36,] 0.000000 0.000000    0    0    0    0 0.3452714 1.10166709 1.6041326 0.7110149
[37,] 0.000000 0.000000    0    0    0    0 0.2301809 0.58696702 1.1453165 0.7110149
[38,] 1.394604 2.032146    0    0    0    0 0.3338332 1.53691804 1.3764483 0.0000000
[39,] 2.789208 4.064292    0    0    0    0 0.2301809 0.58696702 0.4588161 0.0000000
[40,] 0.000000 0.000000    0    0    0    0 0.3338332 0.20961861 0.3432502 0.3555075
[41,] 0.000000 0.000000    0    0    0    0 0.1150905 0.51470008 1.4885666 1.0665224
[42,] 0.000000 0.000000    0    0    0    0 0.4374855 0.71713649 0.4588161 0.0000000
[43,] 0.000000 0.000000    0    0    0    0 0.3338332 0.65205175 0.4588161 0.0000000
[44,] 2.789208 4.064292    0    0    0    0 0.0000000 0.44243314 1.1453165 0.7110149
[45,] 0.000000 0.000000    0    0    0    0 0.4489237 0.28188554 0.6865004 0.7110149
[46,] 1.394604 2.032146    0    0    0    0 0.3338332 1.09448489 1.6041326 0.7110149
[47,] 1.394604 2.032146    0    0    0    0 0.1150905 0.07226694 0.6865004 0.7110149
[48,] 1.394604 2.032146    0    0    0    0 0.3338332 0.65205175 0.4588161 0.0000000
[49,] 0.000000 0.000000    0    0    0    0 0.5525759 0.34697028 1.0297505 1.0665224
[50,] 1.394604 2.032146    0    0    0    0 0.4489237 0.72431869 0.4588161 0.0000000
          [,11]      [,12]
 [1,] 0.2756871 0.21690543
 [2,] 0.3057158 0.22100029
 [3,] 0.4770105 0.42367027
 [4,] 0.5123950 0.24918407
 [5,] 0.4930777 0.24654987
 [6,] 0.5123950 0.06987267
 [7,] 0.4240698 0.23713961
 [8,] 0.6944012 0.27400331
 [9,] 0.2810428 0.39694716
[10,] 0.6361047 0.26605372
[11,] 0.3057158 0.04168889
[12,] 0.3003601 0.39958136
[13,] 0.6060760 0.26195886
[14,] 0.3993968 0.23377508
[15,] 0.3693681 0.22968022
[16,] 0.2120349 0.38753691
[17,] 0.6060760 0.26195886
[18,] 0.5177507 0.24991440
[19,] 0.3057158 0.22100029
[20,] 0.3057158 0.40031169
[21,] 0.6944012 0.45331471
[22,] 0.3586566 0.40753095
[23,] 0.6060760 0.08264746
[24,] 0.3057158 0.22100029
[25,] 0.5177507 0.07060300
[26,] 0.4877220 0.42513094
[27,] 0.3940411 0.05373335
[28,] 0.3940411 0.23304475
[29,] 0.5123950 0.06987267
[30,] 0.6944012 0.63262611
[31,] 0.9418205 0.30774261
[32,] 0.3886853 0.05300302
[33,] 0.4240698 0.41645101
[34,] 0.3940411 0.59166755
[35,] 0.3640123 0.04963849
[36,] 0.3057158 0.04168889
[37,] 0.2810428 0.03832436
[38,] 0.7244299 0.27809817
[39,] 0.5814029 0.43790572
[40,] 0.3057158 0.04168889
[41,] 0.4823663 0.06577780
[42,] 0.4240698 0.05782821
[43,] 0.3993968 0.05446368
[44,] 0.4877220 0.42513094
[45,] 0.4823663 0.06577780
[46,] 0.5177507 0.24991440
[47,] 0.2756871 0.21690543
[48,] 0.4823663 0.24508920
[49,] 0.3693681 0.05036882
[50,] 0.6060760 0.26195886

$Bdatesampinfo
       DATE JULIAN N     Mean     Stdev
1  10/26/10   1760 5 0.000000  0.000000
2  11/30/10   1795 5 7.790483 17.420049
3  01/20/11   1846 5 0.000000  0.000000
4  02/23/11   1880 5 0.000000  0.000000
5  03/19/11   1904 5 0.000000  0.000000
6  04/18/11   1934 5 0.000000  0.000000
7  05/10/11   1956 5 0.000000  0.000000
8  06/22/11   1999 5 1.515245  2.235994
9  07/19/11   2026 5 3.201545  7.158873
10 08/16/11   2054 5 2.396235  5.358144
11 09/14/11   2083 5 0.000000  0.000000
12 10/17/11   2116 5 2.330167  2.581916

$Ndatesampinfo
       DATE JULIAN N      Mean    Stdev
1  10/26/10   1760 5  0.000000  0.00000
2  11/30/10   1795 5 26.666667 59.62848
3  01/20/11   1846 5  0.000000  0.00000
4  02/23/11   1880 5  0.000000  0.00000
5  03/19/11   1904 5  0.000000  0.00000
6  04/18/11   1934 5  0.000000  0.00000
7  05/10/11   1956 5  0.000000  0.00000
8  06/22/11   1999 5 26.666667 39.75232
9  07/19/11   2026 5 17.777778 39.75232
10 08/16/11   2054 5  8.888889 19.87616
11 09/14/11   2083 5  0.000000  0.00000
12 10/17/11   2116 5 44.444444 44.44444

$Bdateboots
      [,1]      [,2] [,3] [,4] [,5] [,6] [,7]      [,8]     [,9]    [,10] [,11]
 [1,]    0  7.790483    0    0    0    0    0 2.5086180 3.201545 0.000000     0
 [2,]    0  7.790483    0    0    0    0    0 1.9867458 3.201545 9.584939     0
 [3,]    0 15.580966    0    0    0    0    0 1.5152451 0.000000 0.000000     0
 [4,]    0  7.790483    0    0    0    0    0 1.0437443 3.201545 2.396235     0
 [5,]    0  7.790483    0    0    0    0    0 1.5152451 0.000000 0.000000     0
 [6,]    0  0.000000    0    0    0    0    0 0.0000000 3.201545 0.000000     0
 [7,]    0  7.790483    0    0    0    0    0 2.9801187 0.000000 4.792470     0
 [8,]    0  7.790483    0    0    0    0    0 1.9867458 0.000000 2.396235     0
 [9,]    0 15.580966    0    0    0    0    0 3.0304901 0.000000 2.396235     0
[10,]    0  7.790483    0    0    0    0    0 1.5152451 0.000000 2.396235     0
[11,]    0  0.000000    0    0    0    0    0 1.5656165 6.403090 0.000000     0
[12,]    0 15.580966    0    0    0    0    0 1.0437443 3.201545 2.396235     0
[13,]    0  7.790483    0    0    0    0    0 0.0000000 9.604635 4.792470     0
[14,]    0  7.790483    0    0    0    0    0 1.5152451 0.000000 2.396235     0
[15,]    0  7.790483    0    0    0    0    0 1.5152451 6.403090 0.000000     0
[16,]    0 15.580966    0    0    0    0    0 2.5086180 6.403090 0.000000     0
[17,]    0  7.790483    0    0    0    0    0 1.9867458 6.403090 4.792470     0
[18,]    0  7.790483    0    0    0    0    0 1.5152451 6.403090 0.000000     0
[19,]    0  7.790483    0    0    0    0    0 1.5152451 3.201545 2.396235     0
[20,]    0 15.580966    0    0    0    0    0 0.0000000 3.201545 0.000000     0
[21,]    0 15.580966    0    0    0    0    0 0.5218722 0.000000 2.396235     0
[22,]    0 15.580966    0    0    0    0    0 1.5152451 0.000000 4.792470     0
[23,]    0  0.000000    0    0    0    0    0 0.9933729 6.403090 2.396235     0
[24,]    0  7.790483    0    0    0    0    0 0.5218722 0.000000 4.792470     0
[25,]    0  0.000000    0    0    0    0    0 1.5152451 0.000000 4.792470     0
[26,]    0 15.580966    0    0    0    0    0 1.5152451 0.000000 0.000000     0
[27,]    0  0.000000    0    0    0    0    0 0.0000000 3.201545 2.396235     0
[28,]    0  7.790483    0    0    0    0    0 0.0000000 0.000000 0.000000     0
[29,]    0  0.000000    0    0    0    0    0 0.9933729 3.201545 2.396235     0
[30,]    0 23.371449    0    0    0    0    0 0.0000000 3.201545 0.000000     0
[31,]    0  7.790483    0    0    0    0    0 1.5656165 0.000000 2.396235     0
[32,]    0  0.000000    0    0    0    0    0 2.5086180 0.000000 2.396235     0
[33,]    0 15.580966    0    0    0    0    0 1.0437443 9.604635 0.000000     0
[34,]    0 23.371449    0    0    0    0    0 0.9933729 3.201545 2.396235     0
[35,]    0  0.000000    0    0    0    0    0 1.9867458 3.201545 4.792470     0
[36,]    0  0.000000    0    0    0    0    0 1.5656165 6.403090 4.792470     0
[37,]    0  0.000000    0    0    0    0    0 1.0437443 3.201545 4.792470     0
[38,]    0  7.790483    0    0    0    0    0 1.5152451 9.604635 0.000000     0
[39,]    0 15.580966    0    0    0    0    0 1.0437443 3.201545 0.000000     0
[40,]    0  0.000000    0    0    0    0    0 1.5152451 0.000000 2.396235     0
[41,]    0  0.000000    0    0    0    0    0 0.5218722 3.201545 7.188705     0
[42,]    0  0.000000    0    0    0    0    0 1.9867458 3.201545 0.000000     0
[43,]    0  0.000000    0    0    0    0    0 1.5152451 3.201545 0.000000     0
[44,]    0 15.580966    0    0    0    0    0 0.0000000 3.201545 4.792470     0
[45,]    0  0.000000    0    0    0    0    0 2.0371172 0.000000 4.792470     0
[46,]    0  7.790483    0    0    0    0    0 1.5152451 6.403090 4.792470     0
[47,]    0  7.790483    0    0    0    0    0 0.5218722 0.000000 4.792470     0
[48,]    0  7.790483    0    0    0    0    0 1.5152451 3.201545 0.000000     0
[49,]    0  0.000000    0    0    0    0    0 2.5086180 0.000000 7.188705     0
[50,]    0  7.790483    0    0    0    0    0 2.0371172 3.201545 0.000000     0
         [,12]
 [1,] 1.629844
 [2,] 1.808295
 [3,] 2.819925
 [4,] 3.030490
 [5,] 2.916267
 [6,] 3.030490
 [7,] 2.508618
 [8,] 4.106348
 [9,] 1.661958
[10,] 3.762927
[11,] 1.808295
[12,] 1.776181
[13,] 3.584476
[14,] 2.362281
[15,] 2.183830
[16,] 1.254309
[17,] 3.584476
[18,] 3.062604
[19,] 1.808295
[20,] 1.808295
[21,] 4.106348
[22,] 2.119603
[23,] 3.584476
[24,] 1.808295
[25,] 3.062604
[26,] 2.884153
[27,] 2.330167
[28,] 2.330167
[29,] 3.030490
[30,] 4.106348
[31,] 5.571222
[32,] 2.298053
[33,] 2.508618
[34,] 2.330167
[35,] 2.151716
[36,] 1.808295
[37,] 1.661958
[38,] 4.284799
[39,] 3.438139
[40,] 1.808295
[41,] 2.852039
[42,] 2.508618
[43,] 2.362281
[44,] 2.884153
[45,] 2.852039
[46,] 3.062604
[47,] 1.629844
[48,] 2.852039
[49,] 2.183830
[50,] 3.584476

$Ndateboots
      [,1]     [,2] [,3] [,4] [,5] [,6] [,7]      [,8]     [,9]     [,10] [,11]
 [1,]    0 26.66667    0    0    0    0    0 35.555556 17.77778  0.000000     0
 [2,]    0 26.66667    0    0    0    0    0 17.777778 17.77778 35.555556     0
 [3,]    0 53.33333    0    0    0    0    0 26.666667  0.00000  0.000000     0
 [4,]    0 26.66667    0    0    0    0    0 35.555556 17.77778  8.888889     0
 [5,]    0 26.66667    0    0    0    0    0 26.666667  0.00000  0.000000     0
 [6,]    0  0.00000    0    0    0    0    0  0.000000 17.77778  0.000000     0
 [7,]    0 26.66667    0    0    0    0    0 26.666667  0.00000 17.777778     0
 [8,]    0 26.66667    0    0    0    0    0 17.777778  0.00000  8.888889     0
 [9,]    0 53.33333    0    0    0    0    0 53.333333  0.00000  8.888889     0
[10,]    0 26.66667    0    0    0    0    0 26.666667  0.00000  8.888889     0
[11,]    0  0.00000    0    0    0    0    0 53.333333 35.55556  0.000000     0
[12,]    0 53.33333    0    0    0    0    0 35.555556 17.77778  8.888889     0
[13,]    0 26.66667    0    0    0    0    0  0.000000 53.33333 17.777778     0
[14,]    0 26.66667    0    0    0    0    0 26.666667  0.00000  8.888889     0
[15,]    0 26.66667    0    0    0    0    0 26.666667 35.55556  0.000000     0
[16,]    0 53.33333    0    0    0    0    0 35.555556 35.55556  0.000000     0
[17,]    0 26.66667    0    0    0    0    0 17.777778 35.55556 17.777778     0
[18,]    0 26.66667    0    0    0    0    0 26.666667 35.55556  0.000000     0
[19,]    0 26.66667    0    0    0    0    0 26.666667 17.77778  8.888889     0
[20,]    0 53.33333    0    0    0    0    0  0.000000 17.77778  0.000000     0
[21,]    0 53.33333    0    0    0    0    0 17.777778  0.00000  8.888889     0
[22,]    0 53.33333    0    0    0    0    0 26.666667  0.00000 17.777778     0
[23,]    0  0.00000    0    0    0    0    0  8.888889 35.55556  8.888889     0
[24,]    0 26.66667    0    0    0    0    0 17.777778  0.00000 17.777778     0
[25,]    0  0.00000    0    0    0    0    0 26.666667  0.00000 17.777778     0
[26,]    0 53.33333    0    0    0    0    0 26.666667  0.00000  0.000000     0
[27,]    0  0.00000    0    0    0    0    0  0.000000 17.77778  8.888889     0
[28,]    0 26.66667    0    0    0    0    0  0.000000  0.00000  0.000000     0
[29,]    0  0.00000    0    0    0    0    0  8.888889 17.77778  8.888889     0
[30,]    0 80.00000    0    0    0    0    0  0.000000 17.77778  0.000000     0
[31,]    0 26.66667    0    0    0    0    0 53.333333  0.00000  8.888889     0
[32,]    0  0.00000    0    0    0    0    0 35.555556  0.00000  8.888889     0
[33,]    0 53.33333    0    0    0    0    0 35.555556 53.33333  0.000000     0
[34,]    0 80.00000    0    0    0    0    0  8.888889 17.77778  8.888889     0
[35,]    0  0.00000    0    0    0    0    0 17.777778 17.77778 17.777778     0
[36,]    0  0.00000    0    0    0    0    0 53.333333 35.55556 17.777778     0
[37,]    0  0.00000    0    0    0    0    0 35.555556 17.77778 17.777778     0
[38,]    0 26.66667    0    0    0    0    0 26.666667 53.33333  0.000000     0
[39,]    0 53.33333    0    0    0    0    0 35.555556 17.77778  0.000000     0
[40,]    0  0.00000    0    0    0    0    0 26.666667  0.00000  8.888889     0
[41,]    0  0.00000    0    0    0    0    0 17.777778 17.77778 26.666667     0
[42,]    0  0.00000    0    0    0    0    0 17.777778 17.77778  0.000000     0
[43,]    0  0.00000    0    0    0    0    0 26.666667 17.77778  0.000000     0
[44,]    0 53.33333    0    0    0    0    0  0.000000 17.77778 17.777778     0
[45,]    0  0.00000    0    0    0    0    0 44.444444  0.00000 17.777778     0
[46,]    0 26.66667    0    0    0    0    0 26.666667 35.55556 17.777778     0
[47,]    0 26.66667    0    0    0    0    0 17.777778  0.00000 17.777778     0
[48,]    0 26.66667    0    0    0    0    0 26.666667 17.77778  0.000000     0
[49,]    0  0.00000    0    0    0    0    0 35.555556  0.00000 26.666667     0
[50,]    0 26.66667    0    0    0    0    0 44.444444 17.77778  0.000000     0
         [,12]
 [1,] 35.55556
 [2,] 26.66667
 [3,] 71.11111
 [4,] 53.33333
 [5,] 44.44444
 [6,] 53.33333
 [7,] 35.55556
 [8,] 80.00000
 [9,] 26.66667
[10,] 53.33333
[11,] 26.66667
[12,] 35.55556
[13,] 62.22222
[14,] 35.55556
[15,] 44.44444
[16,] 17.77778
[17,] 62.22222
[18,] 44.44444
[19,] 26.66667
[20,] 26.66667
[21,] 80.00000
[22,] 62.22222
[23,] 62.22222
[24,] 26.66667
[25,] 44.44444
[26,] 53.33333
[27,] 44.44444
[28,] 44.44444
[29,] 53.33333
[30,] 80.00000
[31,] 80.00000
[32,] 53.33333
[33,] 35.55556
[34,] 44.44444
[35,] 53.33333
[36,] 26.66667
[37,] 26.66667
[38,] 71.11111
[39,] 62.22222
[40,] 26.66667
[41,] 62.22222
[42,] 35.55556
[43,] 35.55556
[44,] 53.33333
[45,] 62.22222
[46,] 44.44444
[47,] 35.55556
[48,] 62.22222
[49,] 44.44444
[50,] 62.22222

