$totdays
[1] 365

$Psampest
[1] 588.7212

$Pbootest
    Mean     2.5%      50%    97.5% 
584.6179 507.3180 579.3074 678.5503 

$Pboots
 [1] 580.3847 578.5464 678.7667 654.5967 601.4531 540.9705 547.7798 623.1932 568.8479
[10] 569.4905 574.2945 514.7107 581.1574 506.0683 674.0934 532.4033 438.4910 516.4678
[19] 638.4856 677.8049 636.6815 582.2595 635.7228 531.3223 580.0684 576.0804 660.4719
[28] 557.7028 595.2418 637.0009 581.8007 605.8997 588.9543 572.4017 559.6103 664.2447
[37] 573.5808 651.0653 571.2794 511.6228 643.0401 534.9256 548.1317 521.0123 596.4311
[46] 545.8011 590.8791 575.0359 686.4669 518.1517

$Bboots
 [1]  98.76032  98.63082 116.94856 111.97559 101.16331  91.61544  95.49260 107.11904
 [9]  97.39095  99.29829 100.10321  89.04211 100.25639  85.51725 119.62565  93.37479
[17]  74.55538  89.10558 108.50658 117.31966 110.84437  99.37437 108.62013  91.15272
[25]  99.79385  99.41495 117.04179  92.94757 104.68415 109.94560  99.69460 104.75529
[33] 103.08476  96.46961  95.93639 114.74818  97.36655 111.85252  97.88136  87.82972
[41] 110.40190  91.69467  92.82196  87.80336 103.35685  92.40492 103.53955  96.69585
[49] 120.33355  89.09553

$Nboots
 [1] 376.5657 383.0303 399.5960 468.2828 358.7879 359.5960 331.3131 454.1414 412.5253
[10] 383.8384 352.7273 328.4848 380.2020 345.8586 397.1717 319.1919 324.4444 319.5960
[19] 429.0909 431.5152 446.0606 340.6061 377.7778 382.2222 368.4848 395.1515 411.3131
[28] 364.0404 373.7374 427.0707 373.7374 412.9293 393.9394 326.8687 411.7172 427.8788
[37] 387.0707 421.4141 385.0505 309.8990 397.9798 345.4545 350.3030 311.5152 340.2020
[46] 384.6465 394.7475 374.5455 429.0909 371.3131

$julians
 [1] 1760 1795 1846 1880 1904 1934 1956 1999 2026 2054 2083 2116

$intdays
 [1] 35 51 34 24 30 22 43 27 28 29 33  9

$Pintsampest
 [1]  48.66883  33.69192  29.48428  36.19758  45.90946  41.22212 112.86489  75.49980
 [9]  45.67655  39.21758  64.20025  16.08793

$Pintboots
          [,1]     [,2]     [,3]     [,4]     [,5]     [,6]      [,7]      [,8]
 [1,] 52.30059 29.58056 17.88833 32.22281 46.46743 48.58795 127.33589  60.17675
 [2,] 59.25625 37.79319 23.56773 40.34424 39.29356 15.37893  90.69139  94.28734
 [3,] 49.00147 42.35060 36.97248 43.12939 45.46362 49.62984 147.03088  98.34419
 [4,] 50.30237 40.80764 38.16864 34.19340 40.84052 53.26622 132.02444  70.42741
 [5,] 44.88804 46.93642 36.70794 41.52646 36.34751 40.79259 135.07739  68.44410
 [6,] 46.76969 40.55483 20.86544 27.84635 40.00189 46.48706 120.32375  56.75163
 [7,] 50.56257 22.94372 37.91444 38.54826 34.14013 40.96624  95.96938  70.46115
 [8,] 53.10361 33.87051 35.30657 37.25972 40.87314 40.24236 115.57692  77.27966
 [9,] 64.26127 37.73482 26.87345 26.82708 56.05766 43.85899  95.61965  60.03306
[10,] 50.69079 24.80222 39.12180 34.70809 37.25634 43.11991  94.41579  67.17684
[11,] 41.88169 22.95897 39.01691 42.69332 47.72776 33.37495 100.38270  84.40271
[12,] 48.43015 19.16255 35.73857 39.53272 44.67391 35.14969  84.35433  54.24992
[13,] 42.50304 34.14430 30.31253 39.24475 41.97240 37.09737 107.08387  76.27018
[14,] 38.67921 30.89811 19.60282 25.19626 32.43194 27.21256  95.09810  67.27734
[15,] 26.20541 24.34792 42.68121 49.45030 64.15015 50.75346 126.14379 104.21524
[16,] 29.28507 20.97627 23.27316 37.09321 44.67391 47.96674 120.90832  72.45368
[17,] 44.05849 29.25634 35.02321 41.02083 33.19868 12.76922  63.87784  54.74435
[18,] 59.89374 24.42213 22.40075 43.31236 52.29843 36.99026 102.79444  53.09307
[19,] 51.94284 28.89164 23.33235 37.25414 45.20611 47.16146 153.52197  78.53902
[20,] 57.08095 46.45378 35.50010 42.52682 64.23931 59.85568 121.45216  73.75985
[21,] 39.85145 33.17791 32.11457 37.67664 55.62378 44.23168 110.12760  83.69961
[22,] 45.14107 25.97098 17.75369 19.44628 37.43334 54.85713 149.86617  85.26136
[23,] 64.99083 35.86283 28.99161 38.59782 42.94562 35.57934 124.61915  92.70104
[24,] 30.15298 27.20349 34.88709 44.49457 43.67010 34.63710 109.65643  51.69481
[25,] 53.23184 27.63681 19.59399 28.31657 48.56352 45.66462 113.70148  74.27692
[26,] 51.34793 34.45106 42.55940 47.50693 43.30292 22.62226  91.61236  80.68999
[27,] 55.32528 40.69992 37.27636 54.42318 78.96518 56.79842 103.42806  73.31922
[28,] 49.53224 31.01221 32.25829 32.70749 20.66178 25.90623 129.12596  75.75519
[29,] 47.24215 28.45802 22.13161 30.38871 61.01197 72.61019 118.17121  55.92251
[30,] 62.93144 50.47179 39.17927 38.41848 46.84308 41.01083  80.82881  74.08271
[31,] 66.40141 39.37576 19.12683 34.80092 54.65258 37.13191  90.76205  70.98021
[32,] 42.87614 42.33786 24.02533 37.03050 75.13179 41.79330 103.62320  76.53337
[33,] 38.22106 22.86923 31.75175 40.24001 61.12310 62.38028 138.77530  60.26102
[34,] 74.31641 57.20610 35.66475 41.08273 33.76163 21.74164  79.01149  71.75059
[35,] 60.31821 31.90027 30.94147 34.63539 43.53419 34.73571  90.41496  64.43167
[36,] 61.54475 32.86313 33.45655 53.03886 46.68635 46.04968 145.71864  83.72226
[37,] 38.13988 33.67329 23.72329 19.61848 31.68683 46.65373 137.22541  86.96842
[38,] 54.70021 47.82795 35.06779 38.96403 63.59233 63.85847 125.92095  54.70660
[39,] 49.85476 43.12256 35.12246 44.52326 48.44292 38.37054 104.69368  57.88335
[40,] 32.82442 30.16302 18.56396 27.49408 33.66749 43.35692 115.82443  69.44857
[41,] 44.67079 34.43479 31.97845 34.71851 54.50286 62.61277 158.83427  77.21021
[42,] 48.50926 37.09500 26.74855 40.24511 49.29499 39.06954 108.73791  57.64277
[43,] 61.84938 41.22911 33.85821 36.68627 32.67332 22.42717  86.47018  72.30902
[44,] 59.81126 31.43014 30.81083 39.23001 36.19514 32.10806 118.35856  60.51508
[45,] 47.88347 28.53996 43.80992 45.92408 55.11355 58.91864 142.87865  60.70367
[46,] 58.96686 44.42561 29.91659 38.26007 38.57638 27.33231  77.60347  51.80364
[47,] 60.87450 26.50184 34.54520 50.60900 68.57328 32.16120  67.24875  67.06467
[48,] 65.97952 44.99335 37.16601 31.57347 35.42524 29.80181  94.49898  70.52227
[49,] 33.23911 30.54290 36.32384 45.52092 68.07270 62.18311 150.02944  91.70612
[50,] 43.27985 42.08314 34.35341 46.10019 47.47669 26.09737  74.44866  52.25469
          [,9]    [,10]    [,11]    [,12]
 [1,] 29.34395 42.44377 75.78889 18.24779
 [2,] 59.45816 37.88847 63.12254 17.46462
 [3,] 62.12757 35.18431 54.73250 14.79981
 [4,] 50.30530 52.11604 74.38380 17.76097
 [5,] 26.09317 38.55269 69.76018 16.32665
 [6,] 32.84117 35.79373 57.82149 14.91349
 [7,] 52.80736 30.67020 57.39530 15.40102
 [8,] 55.93480 48.62691 67.87252 17.24655
 [9,] 32.92053 46.89108 60.02074 17.74958
[10,] 56.83996 43.97023 61.40334 15.98516
[11,] 48.74130 35.34082 62.85526 14.91807
[12,] 29.83811 32.24915 73.90809 17.42349
[13,] 51.98289 40.22919 65.00564 15.31127
[14,] 37.47850 42.91579 73.34203 15.93561
[15,] 67.95612 41.14532 64.20025 12.84429
[16,] 46.82914 30.30521 47.68087 10.95767
[17,] 21.75481 29.07129 59.02421 14.69174
[18,] 29.60248 26.25944 49.73358 15.66713
[19,] 37.94961 43.60617 73.24341 17.83691
[20,] 45.58574 40.28087 72.58392 18.48576
[21,] 57.13986 54.07248 72.92054 16.04539
[22,] 47.32785 30.64150 54.36905 14.19109
[23,] 50.59530 44.31041 58.84051 17.68836
[24,] 24.71196 43.33013 72.32301 14.56064
[25,] 45.97280 39.21758 66.78122 17.11105
[26,] 45.67655 44.98154 56.01041 15.31898
[27,] 54.60333 37.80014 52.44296 15.38983
[28,] 30.70265 44.67652 68.53925 16.82494
[29,] 45.24408 36.79881 61.72930 15.53320
[30,] 60.47690 49.91368 73.39841 19.44549
[31,] 39.26889 42.05841 68.05002 19.19174
[32,] 36.52832 43.37161 67.00151 15.64682
[33,] 32.19454 36.15299 52.11175 12.87331
[34,] 49.78398 33.79616 55.69520 18.59105
[35,] 39.37386 44.13694 67.01965 18.16795
[36,] 57.76422 34.73555 52.38503 16.27972
[37,] 50.02449 33.18580 58.86632 13.81483
[38,] 29.57396 44.13694 74.32792 18.38811
[39,] 33.81853 40.24075 59.59707 15.60954
[40,] 45.00274 28.20347 54.62499 12.44873
[41,] 34.27716 35.70306 59.28085 14.81637
[42,] 35.60055 26.72135 51.05138 14.20924
[43,] 48.50933 34.44080 60.24585 17.43308
[44,] 19.78683 28.45044 48.79338 15.52253
[45,] 22.28199 29.43703 47.34440 13.59572
[46,] 35.95705 47.80189 75.92736 19.22993
[47,] 39.02482 42.90301 81.13288 20.24001
[48,] 34.21325 43.68112 68.05002 19.13083
[49,] 51.85990 39.32555 63.85243 13.81085
[50,] 33.38514 40.17350 63.31432 15.18475

$Bdatesampinfo
       DATE JULIAN N      Mean     Stdev
1  10/26/10   1760 5 118.26317  80.84924
2  11/30/10   1795 5  64.24839  46.41281
3  01/20/11   1846 5  20.83307  18.56403
4  02/23/11   1880 5  88.33732  82.39241
5  03/19/11   1904 5 101.92927  77.49531
6  04/18/11   1934 5  90.38745 100.98762
7  05/10/11   1956 5 144.11277 161.25847
8  06/22/11   1999 5 173.03045  82.31122
9  07/19/11   2026 5 150.22999 109.18003
10 08/16/11   2054 5  43.84541  43.63570
11 09/14/11   2083 5 119.99195  61.73001
12 10/17/11   2116 5 115.31248  49.22118

$Ndatesampinfo
       DATE JULIAN N      Mean    Stdev
1  10/26/10   1760 5 595.55556 364.6070
2  11/30/10   1795 5 391.11111 259.9145
3  01/20/11   1846 5  97.77778 101.3489
4  02/23/11   1880 5 426.66667 292.4566
5  03/19/11   1904 5 373.33333 264.0613
6  04/18/11   1934 5 160.00000 187.5113
7  05/10/11   1956 5 266.66667 272.1655
8  06/22/11   1999 5 382.22222 195.2523
9  07/19/11   2026 5 240.00000 152.6717
10 08/16/11   2054 5 417.77778 524.5574
11 09/14/11   2083 5 808.88889 376.3371
12 10/17/11   2116 5 577.77778 243.4322

$Bdateboots
           [,1]      [,2]       [,3]      [,4]      [,5]      [,6]      [,7]      [,8]
 [1,] 128.13177  67.99805  6.7010130  59.53389 109.84067  84.81414 191.58791 166.21713
 [2,] 140.29211  81.92310 13.5149972  73.74895 138.31420  26.28856  61.19727 193.64020
 [3,] 107.33114  76.42800 30.5192088 106.37694 120.32551  70.12445 212.20479 200.94228
 [4,] 120.49900  68.13860 34.9120565 106.41371  73.31891  97.76419 205.25140 165.72837
 [5,]  64.33668 103.99701 14.5300075 121.38651  96.89062  55.37096 176.68576 202.87397
 [6,] 108.39457  66.99594 35.4161435  41.84192 104.52837  63.04149 201.40868 136.69260
 [7,] 140.29211  49.32122  8.6180625 131.76590  70.85664  72.15788 160.88693 108.78078
 [8,] 134.89518  64.24839 21.2840881 109.44375  86.40579  84.81414 144.11277 180.65152
 [9,] 164.55689  76.42800 18.8629515  80.64032  60.37180 174.45555  75.04541 193.64020
[10,] 155.55764  34.53461 28.0980723 116.75632  65.68116  90.38745 154.90888 110.39347
[11,] 116.02733  41.03182 16.9459021 127.52014  96.89062 103.04371  86.81686 195.25290
[12,] 154.50881  27.10677 21.2840881 111.04390  96.75379  90.38745 109.56908 127.46162
[13,]  93.99839  65.39104 20.8330685  91.40413 114.87932  60.94426 150.09082 150.80801
[14,]  90.83729  54.21354 23.8129538  48.77007  83.66985  52.18866 102.61569 164.60443
[15,]  59.98858  38.28427 23.2011375 134.83272 125.09343 143.63351 145.08811 209.36830
[16,]  57.75274  52.06878  0.9020391  85.27051 109.70384  77.43740 195.43063 144.31367
[17,] 107.33114  57.89172 15.9892013 113.68951 101.92927  37.14139  35.49900 143.99468
[18,] 179.82242  44.78149 16.8912404  66.05194 161.61226  57.46818 152.95820 135.88765
[19,] 134.89518  59.89594 13.0639776  73.32774 122.49139  66.87836 201.40868 229.97805
[20,] 124.84710  89.21039 28.0980723 103.34690 120.18868 148.91303 191.58791 149.68407
[21,]  96.23422  53.21143 30.5722763  88.33732 109.70384 123.30671 128.31395 181.13749
[22,] 117.21433  52.06878 13.5149972  52.22131  49.99518 106.81358 205.25140 215.86264
[23,] 154.50881  89.21039  1.3530587 105.99251  96.89062  83.01070 119.38985 230.78301
[24,]  59.86501  53.21143 15.4851142 113.68951 120.18868  62.74770 134.29200 173.83541
[25,] 150.16071  49.46177 20.3289814  52.22131  96.61990 106.81358 152.95820 166.53611
[26,] 128.31125  64.24839 22.7501180 134.83272 114.87932  66.51757  62.17261 195.25290
[27,] 118.26317  89.21039 13.5680647 124.45333 161.61226 169.17603 153.93354 136.69260
[28,] 120.49900  65.25050 13.0639776 106.37694  65.54433  21.00905 126.36327 236.47239
[29,] 113.91507  63.24628  8.6180625  73.32774  86.40579 169.17603 243.88111  88.17103
[30,] 117.21433 118.78363  8.6711300 136.39609  65.54433 130.68346 102.61569 124.50888
[31,] 157.79348  91.21461  8.2201104  62.60070 120.32551 108.61702 102.61569 152.42071
[32,]  86.36562  74.42378 32.4909199  56.46707 138.17737 176.55277  61.19727 229.97805
[33,] 104.04647  39.28638 18.4649995  99.10114 112.41410 143.63351 211.22945 178.71984
[34,] 159.90574 118.78363 25.6769357 106.37694 109.56701  31.86187  91.81957 130.19826
[35,] 164.55689  61.64138 18.9160190  95.64989  86.40579  95.96075 101.64035 152.42071
[36,] 154.50881  76.28745  6.7010130 117.17753 161.61226  33.95909 228.00361 181.45648
[37,]  79.78169  63.24628 21.7881752  66.05194  37.07080  95.66697 169.73237 215.86264
[38,] 113.91507  91.21461 29.5641021 100.28008 104.52837 161.86308 201.40868 152.42071
[39,]  93.99839  92.96006 15.9361338 114.11071 119.91796  83.01070 135.26734 158.91505
[40,]  59.98858  63.10573 13.0639776  55.67255  88.84533  52.18866 194.45529 131.00322
[41,] 110.63040  56.88960 30.0681892  88.33732  94.15469 134.15954 222.02557 224.28867
[42,] 113.91507  67.99805 25.6769357  73.36452 138.17737  68.32101 153.93354 151.61297
[43,] 154.50881  77.43011 26.6851099  98.67993  94.15469  42.71469  84.86618 158.11009
[44,] 159.90574  64.38893 14.9810271  99.10114 107.10474  44.51813 138.13472 194.44516
[45,] 130.24403  49.32122 22.7501180 139.46290 101.92927 128.94381 206.22674 195.25290
[46,] 128.31125  92.81951 19.3670386  91.40413 109.70384  51.89488 103.59103 114.47016
[47,] 179.82242  48.45966 18.4649995 109.44375 156.57361 130.68346  52.27317 136.69260
[48,] 171.14082  76.28745 37.3331930 100.28008  65.68116  82.71692  86.81686 178.71984
[49,]  86.36562  38.28427 38.8454543  95.64989 143.62356 141.53628 212.20479 209.36830
[50,]  84.12979  78.17344 28.0980723  99.10114 143.21601  55.66474  92.79491 116.40184
           [,9]     [,10]     [,11]     [,12]
 [1,]  91.43597 33.243752 144.07180 133.70667
 [2,] 210.06042 42.571139 115.71370 115.64076
 [3,] 220.12913 43.845411 103.14225  97.46131
 [4,] 135.81442 77.929113 139.79355 132.83537
 [5,]  90.17740 20.689485 140.37011 115.31248
 [6,] 106.29587 33.243752 116.29026  95.63499
 [7,] 192.90555 31.467253  96.66190 113.70090
 [8,] 150.22999 87.432609 115.71370 133.05011
 [9,]  63.39815 76.478733 119.41539 100.57092
[10,] 177.23141 64.276684 119.41539 105.63787
[11,] 166.12630 40.970748 106.67071 123.70379
[12,] 104.81514 21.963757 112.76180 158.12283
[13,] 175.75068 45.119682 122.94384 115.31248
[14,] 123.45074 35.792296 143.49524 125.31536
[15,] 236.83968 51.898526 119.99195 115.31248
[16,] 165.90413 33.067643  93.53678  81.22171
[17,]  90.39956  2.034711 119.41539  96.91829
[18,]  91.43597 34.341915  75.36071 106.92117
[19,] 106.29587 54.949297 127.22210 141.22668
[20,] 166.12630 27.563072 140.71658 125.31536
[21,] 177.23141 65.550955 160.34494 106.92117
[22,] 149.19359 51.898526  76.11051 123.16077
[23,] 166.12630 48.847755 136.26509  79.39540
[24,]  47.50184 57.497840 123.52041 141.55496
[25,] 151.48856 43.845411 119.99195 124.77234
[26,] 150.22999 43.845411 144.07180  61.21595
[27,] 177.23141 54.773188 103.14225  89.07000
[28,]  87.88243 42.571139 144.07180 107.13591
[29,] 151.26640 40.970748 112.76180 113.48616
[30,] 192.68339 64.276684 144.24504 124.77234
[31,] 151.48856 15.361023 160.34494  89.07000
[32,]  97.70789 57.497840 123.69365 121.87747
[33,]  79.29445 57.497840  93.53678  97.46131
[34,] 177.00925 34.518024 106.67071  97.46131
[35,] 123.45074 43.845411 140.54335 105.09486
[36,] 177.00925 68.425618  76.68708 115.31248
[37,] 156.50191 56.047460  82.59086 133.16365
[38,]  81.81159 43.845411 140.54335 131.88035
[39,]  88.91883 54.773188 113.33837 105.09486
[40,] 166.34846 24.864518  92.96021 107.24945
[41,] 106.29587 39.344259 109.80991 107.46419
[42,]  95.19075 56.073558  55.55912 131.55207
[43,] 151.48856 54.623178  89.25852 131.55207
[44,]  64.65671 19.415213  99.44056  79.39540
[45,]  64.65671 30.016872  92.96021  80.56516
[46,] 107.33227 45.445801 154.25384 124.03206
[47,] 150.45216 15.361023 163.87340 133.49193
[48,] 123.22858 22.139866 160.34494  89.07000
[49,] 183.28117 37.066567 127.22210 106.80763
[50,] 107.33227 34.518024 133.31320  98.74461

$Ndateboots
          [,1]     [,2]      [,3]     [,4]     [,5]      [,6]      [,7]     [,8]
 [1,] 506.6667 320.0000  44.44444 346.6667 471.1111 151.11111 382.22222 364.4444
 [2,] 702.2222 400.0000  53.33333 560.0000 444.4444  53.33333 142.22222 417.7778
 [3,] 515.5556 506.6667 151.11111 391.1111 506.6667  97.77778 373.33333 426.6667
 [4,] 657.7778 435.5556 124.44444 560.0000 382.2222 168.88889 328.88889 373.3333
 [5,] 471.1111 435.5556  35.55556 462.2222 453.3333  80.00000 328.88889 462.2222
 [6,] 684.4444 337.7778 160.00000 248.8889 515.5556  97.77778 373.33333 293.3333
 [7,] 702.2222 328.8889  44.44444 542.2222 257.7778 142.22222 302.22222 248.8889
 [8,] 915.5556 391.1111 106.66667 453.3333 417.7778 151.11111 266.66667 400.0000
 [9,] 871.1111 506.6667  71.11111 373.3333 222.2222 320.00000 151.11111 417.7778
[10,] 400.0000 382.2222 115.55556 471.1111 320.0000 160.00000 266.66667 275.5556
[11,] 533.3333 257.7778  71.11111 586.6667 453.3333 168.88889 160.00000 444.4444
[12,] 622.2222 177.7778 106.66667 551.1111 435.5556 160.00000 231.11111 222.2222
[13,] 426.6667 488.8889  97.77778 488.8889 391.1111  88.88889 302.22222 320.0000
[14,] 702.2222 355.5556 106.66667 231.1111 257.7778  88.88889 186.66667 337.7778
[15,] 462.2222 311.1111 106.66667 604.4444 248.8889 257.77778 275.55556 471.1111
[16,] 400.0000 275.5556  17.77778 364.4444 453.3333 142.22222 337.77778 311.1111
[17,] 515.5556 631.1111 115.55556 408.8889 373.3333  62.22222  88.88889 302.2222
[18,] 568.8889 186.6667 133.33333 506.6667 480.0000  88.88889 248.88889 266.6667
[19,] 915.5556 595.5556  44.44444 355.5556 248.8889 142.22222 373.33333 506.6667
[20,] 666.6667 488.8889 115.55556 497.7778 488.8889 257.77778 382.22222 284.4444
[21,] 488.8889 373.3333 177.77778 426.6667 453.3333 231.11111 240.00000 417.7778
[22,] 817.7778 275.5556  53.33333 328.8889 142.2222 177.77778 328.88889 480.0000
[23,] 622.2222 488.8889  26.66667 355.5556 453.3333 151.11111 222.22222 533.3333
[24,] 346.6667 373.3333  80.00000 408.8889 488.8889  88.88889 275.55556 408.8889
[25,] 613.3333 444.4444  62.22222 328.8889 275.5556 177.77778 248.88889 373.3333
[26,] 844.4444 391.1111  97.77778 604.4444 391.1111  97.77778 151.11111 444.4444
[27,] 595.5556 488.8889  80.00000 524.4444 480.0000 320.00000 257.77778 293.3333
[28,] 657.7778 373.3333  44.44444 391.1111 302.2222  53.33333 222.22222 515.5556
[29,] 586.6667 408.8889  44.44444 355.5556 417.7778 320.00000 462.22222 213.3333
[30,] 817.7778 382.2222  71.11111 533.3333 302.2222 240.00000 186.66667 302.2222
[31,] 462.2222 453.3333  62.22222 408.8889 506.6667 177.77778 186.66667 346.6667
[32,] 577.7778 542.2222  88.88889 284.4444 426.6667 328.88889 142.22222 506.6667
[33,] 675.5556 293.3333  88.88889 542.2222 408.8889 257.77778 364.44444 364.4444
[34,] 408.8889 382.2222  80.00000 391.1111 435.5556  62.22222 186.66667 284.4444
[35,] 871.1111 560.0000  97.77778 444.4444 417.7778 168.88889 177.77778 346.6667
[36,] 622.2222 391.1111  44.44444 675.5556 480.0000  71.11111 400.00000 426.6667
[37,] 506.6667 408.8889 142.22222 506.6667 328.8889 160.00000 284.44444 480.0000
[38,] 586.6667 453.3333 106.66667 435.5556 515.5556 275.55556 373.33333 346.6667
[39,] 426.6667 417.7778  88.88889 613.3333 311.1111 151.11111 284.44444 355.5556
[40,] 462.2222 293.3333  44.44444 426.6667 195.5556  88.88889 328.88889 311.1111
[41,] 746.6667 648.8889 142.22222 426.6667 293.3333 240.00000 364.44444 524.4444
[42,] 586.6667 320.0000  80.00000 524.4444 426.6667  97.77778 257.77778 346.6667
[43,] 622.2222 488.8889 151.11111 337.7778 293.3333  71.11111 142.22222 328.8889
[44,] 408.8889 506.6667  44.44444 542.2222 311.1111  71.11111 231.11111 444.4444
[45,] 453.3333 328.8889  97.77778 595.5556 373.3333 204.44444 337.77778 444.4444
[46,] 844.4444 302.2222 106.66667 488.8889 453.3333  80.00000 195.55556 231.1111
[47,] 568.8889 462.2222  88.88889 453.3333 560.0000 240.00000 124.44444 293.3333
[48,] 942.2222 391.1111 160.00000 435.5556 320.0000 142.22222 160.00000 364.4444
[49,] 577.7778 311.1111 266.66667 444.4444 542.2222 248.88889 373.33333 471.1111
[50,] 515.5556 471.1111 115.55556 542.2222 346.6667  88.88889 195.55556 266.6667
          [,9]     [,10]     [,11]    [,12]
 [1,] 168.8889 391.11111  942.2222 613.3333
 [2,] 302.2222 408.88889  800.0000 560.0000
 [3,] 355.5556 417.77778  684.4444 453.3333
 [4,] 257.7778 897.77778  933.3333 720.0000
 [5,] 160.0000  88.88889  915.5556 577.7778
 [6,] 186.6667 391.11111  782.2222 453.3333
 [7,] 284.4444 186.66667  702.2222 506.6667
 [8,] 240.0000 986.66667  800.0000 648.8889
 [9,] 124.4444 817.77778  826.6667 542.2222
[10,] 293.3333 657.77778  826.6667 506.6667
[11,] 248.8889 275.55556  666.6667 560.0000
[12,] 160.0000  97.77778  800.0000 720.0000
[13,] 266.6667 426.66667  808.8889 577.7778
[14,] 204.4444 408.88889  960.0000 631.1111
[15,] 337.7778 426.66667  808.8889 577.7778
[16,] 231.1111 320.00000  657.7778 400.0000
[17,] 177.7778  53.33333  826.6667 542.2222
[18,] 168.8889 328.88889  524.4444 595.5556
[19,] 186.6667 640.00000  817.7778 702.2222
[20,] 248.8889 328.88889 1004.4444 631.1111
[21,] 293.3333 666.66667 1084.4444 595.5556
[22,] 248.8889 426.66667  551.1111 648.8889
[23,] 248.8889 213.33333  951.1111 400.0000
[24,] 115.5556 657.77778  791.1111 684.4444
[25,] 248.8889 417.77778  808.8889 720.0000
[26,] 240.0000 417.77778  942.2222 293.3333
[27,] 293.3333 568.88889  684.4444 471.1111
[28,] 160.0000 408.88889  942.2222 524.4444
[29,] 231.1111 275.55556  800.0000 577.7778
[30,] 266.6667 657.77778  986.6667 720.0000
[31,] 248.8889 168.88889 1084.4444 471.1111
[32,] 160.0000 657.77778  835.5556 560.0000
[33,] 133.3333 657.77778  657.7778 453.3333
[34,] 275.5556 400.00000  666.6667 453.3333
[35,] 204.4444 417.77778  960.0000 595.5556
[36,] 275.5556 808.88889  533.3333 577.7778
[37,] 231.1111 577.77778  533.3333 702.2222
[38,] 151.1111 417.77778  960.0000 613.3333
[39,] 151.1111 568.88889  782.2222 595.5556
[40,] 266.6667 257.77778  675.5556 577.7778
[41,] 186.6667 124.44444  800.0000 506.6667
[42,] 142.2222 595.55556  400.0000 631.1111
[43,] 248.8889 515.55556  648.8889 631.1111
[44,] 133.3333  80.00000  657.7778 400.0000
[45,] 133.3333 106.66667  675.5556 435.5556
[46,] 177.7778 551.11111  951.1111 542.2222
[47,] 257.7778 168.88889 1066.6667 684.4444
[48,] 186.6667 168.88889 1084.4444 471.1111
[49,] 266.6667 417.77778  817.7778 542.2222
[50,] 177.7778 400.00000  951.1111 542.2222

