$totdays
[1] 365

$Psampest
[1] 15.65266

$Pbootest
     Mean      2.5%       50%     97.5% 
15.232315  1.456344 14.196317 34.298017 

$Pboots
 [1] 25.433157 23.074751  7.328511 23.930023  8.831645 22.473679 24.531095 18.612140
 [9]  5.918956 25.433157 11.236839  8.878434 18.612140 12.693184 14.196317 17.062217
[17]  1.456344  5.918956  7.375300 17.155795 21.524829  2.959478 15.652662 31.305324
[25] 17.109006 17.109006  0.000000  4.415822 44.947358 25.433157  5.918956 12.693184
[33] 26.889501 25.386368 14.149528  1.456344 31.305324 11.236839 25.386368 22.473679
[41]  1.456344  4.415822  4.369033 14.196317  2.912689  4.415822 35.166863  4.415822
[49] 12.693184 20.068484

$Bboots
 [1] 5.8581183 6.0768345 1.9087062 5.2952012 2.4716233 4.9587540 6.4132818 4.6145530
 [9] 1.7987287 5.8581183 2.4793770 2.6980931 4.6145530 2.8158243 3.3787414 3.8251661
[17] 0.3364473 1.7987287 2.1351760 4.2781057 5.2874476 0.8993644 3.7151886 7.4303773
[25] 4.0516359 4.0516359 0.0000000 1.2358117 9.9175079 5.8581183 1.7987287 2.8158243
[33] 6.1945656 5.6316485 3.1522715 0.3364473 7.4303773 2.4793770 5.6316485 4.9587540
[41] 0.3364473 1.2358117 1.0093418 3.3787414 0.6728946 1.2358117 7.7745782 1.2358117
[49] 2.8158243 4.9510003

$Nboots
 [1] 1.6161616 3.6363636 2.0202020 1.2121212 2.4242424 0.8080808 4.0404040 2.4242424
 [9] 1.6161616 1.6161616 0.4040404 2.4242424 2.4242424 0.8080808 1.2121212 2.0202020
[17] 0.4040404 1.6161616 2.0202020 2.0202020 3.2323232 0.8080808 1.6161616 3.2323232
[25] 2.0202020 2.0202020 0.0000000 1.2121212 1.6161616 1.6161616 1.6161616 0.8080808
[33] 2.0202020 1.6161616 1.2121212 0.4040404 3.2323232 0.4040404 1.6161616 0.8080808
[41] 0.4040404 1.2121212 1.2121212 1.2121212 0.8080808 1.2121212 1.6161616 1.2121212
[49] 0.8080808 2.8282828

$julians
 [1] 1760 1795 1846 1880 1904 1934 1956 1999 2026 2054 2083 2116

$intdays
 [1] 35 51 34 24 30 22 43 27 28 29 33  9

$Pintsampest
 [1] 9.945490 0.000000 0.000000 0.000000 0.000000 0.000000 0.000000 0.000000 1.454949
[10] 1.504528 1.281118 1.466575

$Pintboots
          [,1] [,2] [,3] [,4] [,5] [,6] [,7] [,8]     [,9]    [,10]    [,11]     [,12]
 [1,] 19.89098    0    0    0    0    0    0    0 1.454949 1.504528 0.000000 2.5826980
 [2,]  9.94549    0    0    0    0    0    0    0 5.819798 6.018114 0.000000 1.2913490
 [3,]  0.00000    0    0    0    0    0    0    0 1.454949 1.504528 3.843355 0.5256787
 [4,] 19.89098    0    0    0    0    0    0    0 0.000000 0.000000 1.281118 2.7579242
 [5,]  0.00000    0    0    0    0    0    0    0 2.909899 3.009057 2.562236 0.3504524
 [6,] 19.89098    0    0    0    0    0    0    0 0.000000 0.000000 0.000000 2.5826980
 [7,]  9.94549    0    0    0    0    0    0    0 5.819798 6.018114 1.281118 1.4665752
 [8,]  9.94549    0    0    0    0    0    0    0 2.909899 3.009057 1.281118 1.4665752
 [9,]  0.00000    0    0    0    0    0    0    0 2.909899 3.009057 0.000000 0.0000000
[10,] 19.89098    0    0    0    0    0    0    0 1.454949 1.504528 0.000000 2.5826980
[11,]  9.94549    0    0    0    0    0    0    0 0.000000 0.000000 0.000000 1.2913490
[12,]  0.00000    0    0    0    0    0    0    0 4.364848 4.513585 0.000000 0.0000000
[13,]  9.94549    0    0    0    0    0    0    0 2.909899 3.009057 1.281118 1.4665752
[14,]  9.94549    0    0    0    0    0    0    0 0.000000 0.000000 1.281118 1.4665752
[15,]  9.94549    0    0    0    0    0    0    0 1.454949 1.504528 0.000000 1.2913490
[16,]  9.94549    0    0    0    0    0    0    0 0.000000 0.000000 5.124473 1.9922539
[17,]  0.00000    0    0    0    0    0    0    0 0.000000 0.000000 1.281118 0.1752262
[18,]  0.00000    0    0    0    0    0    0    0 2.909899 3.009057 0.000000 0.0000000
[19,]  0.00000    0    0    0    0    0    0    0 2.909899 3.009057 1.281118 0.1752262
[20,]  9.94549    0    0    0    0    0    0    0 2.909899 3.009057 0.000000 1.2913490
[21,]  9.94549    0    0    0    0    0    0    0 2.909899 3.009057 3.843355 1.8170277
[22,]  0.00000    0    0    0    0    0    0    0 1.454949 1.504528 0.000000 0.0000000
[23,]  9.94549    0    0    0    0    0    0    0 1.454949 1.504528 1.281118 1.4665752
[24,] 19.89098    0    0    0    0    0    0    0 2.909899 3.009057 2.562236 2.9331504
[25,]  9.94549    0    0    0    0    0    0    0 1.454949 1.504528 2.562236 1.6418014
[26,]  9.94549    0    0    0    0    0    0    0 1.454949 1.504528 2.562236 1.6418014
[27,]  0.00000    0    0    0    0    0    0    0 0.000000 0.000000 0.000000 0.0000000
[28,]  0.00000    0    0    0    0    0    0    0 1.454949 1.504528 1.281118 0.1752262
[29,] 39.78196    0    0    0    0    0    0    0 0.000000 0.000000 0.000000 5.1653960
[30,] 19.89098    0    0    0    0    0    0    0 1.454949 1.504528 0.000000 2.5826980
[31,]  0.00000    0    0    0    0    0    0    0 2.909899 3.009057 0.000000 0.0000000
[32,]  9.94549    0    0    0    0    0    0    0 0.000000 0.000000 1.281118 1.4665752
[33,] 19.89098    0    0    0    0    0    0    0 1.454949 1.504528 1.281118 2.7579242
[34,] 19.89098    0    0    0    0    0    0    0 0.000000 0.000000 2.562236 2.9331504
[35,]  9.94549    0    0    0    0    0    0    0 0.000000 0.000000 2.562236 1.6418014
[36,]  0.00000    0    0    0    0    0    0    0 0.000000 0.000000 1.281118 0.1752262
[37,] 19.89098    0    0    0    0    0    0    0 2.909899 3.009057 2.562236 2.9331504
[38,]  9.94549    0    0    0    0    0    0    0 0.000000 0.000000 0.000000 1.2913490
[39,] 19.89098    0    0    0    0    0    0    0 0.000000 0.000000 2.562236 2.9331504
[40,] 19.89098    0    0    0    0    0    0    0 0.000000 0.000000 0.000000 2.5826980
[41,]  0.00000    0    0    0    0    0    0    0 0.000000 0.000000 1.281118 0.1752262
[42,]  0.00000    0    0    0    0    0    0    0 1.454949 1.504528 1.281118 0.1752262
[43,]  0.00000    0    0    0    0    0    0    0 0.000000 0.000000 3.843355 0.5256787
[44,]  9.94549    0    0    0    0    0    0    0 1.454949 1.504528 0.000000 1.2913490
[45,]  0.00000    0    0    0    0    0    0    0 0.000000 0.000000 2.562236 0.3504524
[46,]  0.00000    0    0    0    0    0    0    0 1.454949 1.504528 1.281118 0.1752262
[47,] 29.83647    0    0    0    0    0    0    0 0.000000 0.000000 1.281118 4.0492732
[48,]  0.00000    0    0    0    0    0    0    0 1.454949 1.504528 1.281118 0.1752262
[49,]  9.94549    0    0    0    0    0    0    0 0.000000 0.000000 1.281118 1.4665752
[50,]  9.94549    0    0    0    0    0    0    0 2.909899 3.009057 2.562236 1.6418014

$Bdatesampinfo
       DATE JULIAN N      Mean     Stdev
1  10/26/10   1760 5 54.546293 121.96922
2  11/30/10   1795 5  0.000000   0.00000
3  01/20/11   1846 5  0.000000   0.00000
4  02/23/11   1880 5  0.000000   0.00000
5  03/19/11   1904 5  0.000000   0.00000
6  04/18/11   1934 5  0.000000   0.00000
7  05/10/11   1956 5  0.000000   0.00000
8  06/22/11   1999 5  0.000000   0.00000
9  07/19/11   2026 5  0.000000   0.00000
10 08/16/11   2054 5  9.893008  22.12144
11 09/14/11   2083 5  0.000000   0.00000
12 10/17/11   2116 5  7.401840  16.55102

$Ndatesampinfo
       DATE JULIAN N     Mean    Stdev
1  10/26/10   1760 5 8.888889 19.87616
2  11/30/10   1795 5 0.000000  0.00000
3  01/20/11   1846 5 0.000000  0.00000
4  02/23/11   1880 5 0.000000  0.00000
5  03/19/11   1904 5 0.000000  0.00000
6  04/18/11   1934 5 0.000000  0.00000
7  05/10/11   1956 5 0.000000  0.00000
8  06/22/11   1999 5 0.000000  0.00000
9  07/19/11   2026 5 0.000000  0.00000
10 08/16/11   2054 5 8.888889 19.87616
11 09/14/11   2083 5 0.000000  0.00000
12 10/17/11   2116 5 8.888889 19.87616

$Bdateboots
           [,1] [,2] [,3] [,4] [,5] [,6] [,7] [,8] [,9]     [,10] [,11]    [,12]
 [1,] 109.09259    0    0    0    0    0    0    0    0  9.893008     0  0.00000
 [2,]  54.54629    0    0    0    0    0    0    0    0 39.572032     0  0.00000
 [3,]   0.00000    0    0    0    0    0    0    0    0  9.893008     0 22.20552
 [4,] 109.09259    0    0    0    0    0    0    0    0  0.000000     0  7.40184
 [5,]   0.00000    0    0    0    0    0    0    0    0 19.786016     0 14.80368
 [6,] 109.09259    0    0    0    0    0    0    0    0  0.000000     0  0.00000
 [7,]  54.54629    0    0    0    0    0    0    0    0 39.572032     0  7.40184
 [8,]  54.54629    0    0    0    0    0    0    0    0 19.786016     0  7.40184
 [9,]   0.00000    0    0    0    0    0    0    0    0 19.786016     0  0.00000
[10,] 109.09259    0    0    0    0    0    0    0    0  9.893008     0  0.00000
[11,]  54.54629    0    0    0    0    0    0    0    0  0.000000     0  0.00000
[12,]   0.00000    0    0    0    0    0    0    0    0 29.679024     0  0.00000
[13,]  54.54629    0    0    0    0    0    0    0    0 19.786016     0  7.40184
[14,]  54.54629    0    0    0    0    0    0    0    0  0.000000     0  7.40184
[15,]  54.54629    0    0    0    0    0    0    0    0  9.893008     0  0.00000
[16,]  54.54629    0    0    0    0    0    0    0    0  0.000000     0 29.60736
[17,]   0.00000    0    0    0    0    0    0    0    0  0.000000     0  7.40184
[18,]   0.00000    0    0    0    0    0    0    0    0 19.786016     0  0.00000
[19,]   0.00000    0    0    0    0    0    0    0    0 19.786016     0  7.40184
[20,]  54.54629    0    0    0    0    0    0    0    0 19.786016     0  0.00000
[21,]  54.54629    0    0    0    0    0    0    0    0 19.786016     0 22.20552
[22,]   0.00000    0    0    0    0    0    0    0    0  9.893008     0  0.00000
[23,]  54.54629    0    0    0    0    0    0    0    0  9.893008     0  7.40184
[24,] 109.09259    0    0    0    0    0    0    0    0 19.786016     0 14.80368
[25,]  54.54629    0    0    0    0    0    0    0    0  9.893008     0 14.80368
[26,]  54.54629    0    0    0    0    0    0    0    0  9.893008     0 14.80368
[27,]   0.00000    0    0    0    0    0    0    0    0  0.000000     0  0.00000
[28,]   0.00000    0    0    0    0    0    0    0    0  9.893008     0  7.40184
[29,] 218.18517    0    0    0    0    0    0    0    0  0.000000     0  0.00000
[30,] 109.09259    0    0    0    0    0    0    0    0  9.893008     0  0.00000
[31,]   0.00000    0    0    0    0    0    0    0    0 19.786016     0  0.00000
[32,]  54.54629    0    0    0    0    0    0    0    0  0.000000     0  7.40184
[33,] 109.09259    0    0    0    0    0    0    0    0  9.893008     0  7.40184
[34,] 109.09259    0    0    0    0    0    0    0    0  0.000000     0 14.80368
[35,]  54.54629    0    0    0    0    0    0    0    0  0.000000     0 14.80368
[36,]   0.00000    0    0    0    0    0    0    0    0  0.000000     0  7.40184
[37,] 109.09259    0    0    0    0    0    0    0    0 19.786016     0 14.80368
[38,]  54.54629    0    0    0    0    0    0    0    0  0.000000     0  0.00000
[39,] 109.09259    0    0    0    0    0    0    0    0  0.000000     0 14.80368
[40,] 109.09259    0    0    0    0    0    0    0    0  0.000000     0  0.00000
[41,]   0.00000    0    0    0    0    0    0    0    0  0.000000     0  7.40184
[42,]   0.00000    0    0    0    0    0    0    0    0  9.893008     0  7.40184
[43,]   0.00000    0    0    0    0    0    0    0    0  0.000000     0 22.20552
[44,]  54.54629    0    0    0    0    0    0    0    0  9.893008     0  0.00000
[45,]   0.00000    0    0    0    0    0    0    0    0  0.000000     0 14.80368
[46,]   0.00000    0    0    0    0    0    0    0    0  9.893008     0  7.40184
[47,] 163.63888    0    0    0    0    0    0    0    0  0.000000     0  7.40184
[48,]   0.00000    0    0    0    0    0    0    0    0  9.893008     0  7.40184
[49,]  54.54629    0    0    0    0    0    0    0    0  0.000000     0  7.40184
[50,]  54.54629    0    0    0    0    0    0    0    0 19.786016     0 14.80368

$Ndateboots
           [,1] [,2] [,3] [,4] [,5] [,6] [,7] [,8] [,9]     [,10] [,11]     [,12]
 [1,] 17.777778    0    0    0    0    0    0    0    0  8.888889     0  0.000000
 [2,]  8.888889    0    0    0    0    0    0    0    0 35.555556     0  0.000000
 [3,]  0.000000    0    0    0    0    0    0    0    0  8.888889     0 26.666667
 [4,] 17.777778    0    0    0    0    0    0    0    0  0.000000     0  8.888889
 [5,]  0.000000    0    0    0    0    0    0    0    0 17.777778     0 17.777778
 [6,] 17.777778    0    0    0    0    0    0    0    0  0.000000     0  0.000000
 [7,]  8.888889    0    0    0    0    0    0    0    0 35.555556     0  8.888889
 [8,]  8.888889    0    0    0    0    0    0    0    0 17.777778     0  8.888889
 [9,]  0.000000    0    0    0    0    0    0    0    0 17.777778     0  0.000000
[10,] 17.777778    0    0    0    0    0    0    0    0  8.888889     0  0.000000
[11,]  8.888889    0    0    0    0    0    0    0    0  0.000000     0  0.000000
[12,]  0.000000    0    0    0    0    0    0    0    0 26.666667     0  0.000000
[13,]  8.888889    0    0    0    0    0    0    0    0 17.777778     0  8.888889
[14,]  8.888889    0    0    0    0    0    0    0    0  0.000000     0  8.888889
[15,]  8.888889    0    0    0    0    0    0    0    0  8.888889     0  0.000000
[16,]  8.888889    0    0    0    0    0    0    0    0  0.000000     0 35.555556
[17,]  0.000000    0    0    0    0    0    0    0    0  0.000000     0  8.888889
[18,]  0.000000    0    0    0    0    0    0    0    0 17.777778     0  0.000000
[19,]  0.000000    0    0    0    0    0    0    0    0 17.777778     0  8.888889
[20,]  8.888889    0    0    0    0    0    0    0    0 17.777778     0  0.000000
[21,]  8.888889    0    0    0    0    0    0    0    0 17.777778     0 26.666667
[22,]  0.000000    0    0    0    0    0    0    0    0  8.888889     0  0.000000
[23,]  8.888889    0    0    0    0    0    0    0    0  8.888889     0  8.888889
[24,] 17.777778    0    0    0    0    0    0    0    0 17.777778     0 17.777778
[25,]  8.888889    0    0    0    0    0    0    0    0  8.888889     0 17.777778
[26,]  8.888889    0    0    0    0    0    0    0    0  8.888889     0 17.777778
[27,]  0.000000    0    0    0    0    0    0    0    0  0.000000     0  0.000000
[28,]  0.000000    0    0    0    0    0    0    0    0  8.888889     0  8.888889
[29,] 35.555556    0    0    0    0    0    0    0    0  0.000000     0  0.000000
[30,] 17.777778    0    0    0    0    0    0    0    0  8.888889     0  0.000000
[31,]  0.000000    0    0    0    0    0    0    0    0 17.777778     0  0.000000
[32,]  8.888889    0    0    0    0    0    0    0    0  0.000000     0  8.888889
[33,] 17.777778    0    0    0    0    0    0    0    0  8.888889     0  8.888889
[34,] 17.777778    0    0    0    0    0    0    0    0  0.000000     0 17.777778
[35,]  8.888889    0    0    0    0    0    0    0    0  0.000000     0 17.777778
[36,]  0.000000    0    0    0    0    0    0    0    0  0.000000     0  8.888889
[37,] 17.777778    0    0    0    0    0    0    0    0 17.777778     0 17.777778
[38,]  8.888889    0    0    0    0    0    0    0    0  0.000000     0  0.000000
[39,] 17.777778    0    0    0    0    0    0    0    0  0.000000     0 17.777778
[40,] 17.777778    0    0    0    0    0    0    0    0  0.000000     0  0.000000
[41,]  0.000000    0    0    0    0    0    0    0    0  0.000000     0  8.888889
[42,]  0.000000    0    0    0    0    0    0    0    0  8.888889     0  8.888889
[43,]  0.000000    0    0    0    0    0    0    0    0  0.000000     0 26.666667
[44,]  8.888889    0    0    0    0    0    0    0    0  8.888889     0  0.000000
[45,]  0.000000    0    0    0    0    0    0    0    0  0.000000     0 17.777778
[46,]  0.000000    0    0    0    0    0    0    0    0  8.888889     0  8.888889
[47,] 26.666667    0    0    0    0    0    0    0    0  0.000000     0  8.888889
[48,]  0.000000    0    0    0    0    0    0    0    0  8.888889     0  8.888889
[49,]  8.888889    0    0    0    0    0    0    0    0  0.000000     0  8.888889
[50,]  8.888889    0    0    0    0    0    0    0    0 17.777778     0 17.777778

