$totdays
[1] 365

$Psampest
[1] 29.43

$Pbootest
    Mean     2.5%      50%    97.5% 
29.93427 10.53733 29.12721 44.16858 

$Pboots
 [1] 28.02573 39.94159 29.08094 24.67841 19.10837 41.16110 43.15067 24.53858 31.80057
[10] 28.39168 28.30808 47.70228 19.38233 37.38415 36.41744 34.31207 39.31175 40.77955
[19] 43.71980 40.31856 28.02926 23.07674 20.86512 10.37637 21.51933 28.16835 42.93026
[28] 17.12493 42.99911 36.49911 29.17348 28.08547 16.22717 22.88802 44.29887 32.31112
[37] 30.94789 16.83953 23.21612 10.44330 26.70200 35.00990 40.59967 35.65560 24.77874
[46] 38.26420 34.94661 17.18655 10.86123 29.17586

$Bboots
 [1]  5.987408 12.159464 10.193107  7.254417  7.784985 13.120921 11.585415  6.417271
 [9]  6.203552  8.461561 10.505122 12.679921  4.542638 13.587999 10.963402 12.018333
[17] 11.292823 14.858209 15.275119 10.069645  9.697932  6.240952  7.716685  4.018265
[25]  4.812652  9.027293 14.358832  3.818957 10.688817 12.549818  8.573506  7.025790
[33]  4.023018  6.837133 17.088247 10.617339  9.913912  3.407220  5.063463  2.824201
[41]  6.387628 12.825452 13.027591  9.060872  5.980336 10.309880  9.522100  6.318465
[49]  4.409617  9.641942

$Nboots
 [1]  63.83838 114.74747  92.92929  65.05051  62.62626 124.04040 120.80808  65.45455
 [9]  72.32323  82.42424  93.73737 125.65657  47.27273 123.23232 102.22222 105.45455
[17] 111.51515 138.58586 137.37374 106.26263  90.10101  64.64646  68.28283  29.49495
[25]  48.08081  85.65657 137.77778  35.95960 108.28283 117.57576  82.02020  72.72727
[33]  41.21212  67.07071 150.30303  96.96970  90.90909  35.55556  54.54545  25.05051
[41]  64.24242 114.34343 120.40404  91.71717  58.98990 100.20202  90.50505  53.73737
[49]  36.36364  89.69697

$julians
 [1] 1760 1795 1846 1880 1904 1934 1956 1999 2026 2054 2083 2116

$intdays
 [1] 35 51 34 24 30 22 43 27 28 29 33  9

$Pintsampest
 [1] 6.454256888 8.136308675 0.006262053 0.004420272 0.000000000 0.000000000 0.000000000
 [8] 0.000000000 1.934522800 3.768478609 2.549288449 6.576459087

$Pintboots
           [,1]         [,2]        [,3]        [,4] [,5] [,6] [,7] [,8]     [,9]
 [1,]  3.613773  3.588861927 0.012524105 0.008840545    0    0    0    0 3.869046
 [2,] 10.280389 16.252112942 0.006262053 0.004420272    0    0    0    0 0.000000
 [3,]  7.154980  8.130753011 0.012524105 0.008840545    0    0    0    0 0.000000
 [4,]  4.255921  4.570070320 0.012524105 0.008840545    0    0    0    0 3.869046
 [5,]  5.145174  4.571788569 0.006262053 0.004420272    0    0    0    0 1.934523
 [6,]  8.838041  9.098730910 0.000000000 0.000000000    0    0    0    0 1.934523
 [7,]  9.541069 11.706384444 0.006262053 0.004420272    0    0    0    0 3.869046
 [8,]  6.168629  7.177723854 0.000000000 0.000000000    0    0    0    0 0.000000
 [9,]  4.133638  3.603810670 0.000000000 0.000000000    0    0    0    0 7.738091
[10,]  6.450444  8.130753011 0.006262053 0.004420272    0    0    0    0 3.869046
[11,]  7.622317  9.093175246 0.000000000 0.000000000    0    0    0    0 1.934523
[12,]  8.783150 12.674362343 0.000000000 0.000000000    0    0    0    0 1.934523
[13,]  4.748847  7.187116933 0.000000000 0.000000000    0    0    0    0 1.934523
[14,] 10.947117 17.214535178 0.000000000 0.000000000    0    0    0    0 0.000000
[15,]  7.377196 12.668806679 0.006262053 0.004420272    0    0    0    0 0.000000
[16,]  7.278040  9.094893495 0.012524105 0.008840545    0    0    0    0 0.000000
[17,]  9.676424 11.715777523 0.012524105 0.008840545    0    0    0    0 1.934523
[18,] 11.645207 17.205142099 0.000000000 0.000000000    0    0    0    0 0.000000
[19,] 11.325584 17.214535178 0.012524105 0.008840545    0    0    0    0 0.000000
[20,] 10.125498 15.289690707 0.012524105 0.008840545    0    0    0    0 3.869046
[21,]  7.721200  8.140146090 0.000000000 0.000000000    0    0    0    0 1.934523
[22,]  6.413218  8.121359932 0.000000000 0.000000000    0    0    0    0 1.934523
[23,]  4.952557  4.558558075 0.000000000 0.000000000    0    0    0    0 0.000000
[24,]  1.796911  0.020504407 0.006262053 0.004420272    0    0    0    0 0.000000
[25,]  3.077199  3.594417591 0.012524105 0.008840545    0    0    0    0 3.869046
[26,]  6.388447  3.599973255 0.012524105 0.008840545    0    0    0    0 1.934523
[27,] 10.874861 12.668806679 0.012524105 0.008840545    0    0    0    0 3.869046
[28,]  1.919373  0.011111328 0.006262053 0.004420272    0    0    0    0 1.934523
[29,]  7.614314 11.719614938 0.006262053 0.004420272    0    0    0    0 3.869046
[30,] 10.600012 16.242719863 0.000000000 0.000000000    0    0    0    0 0.000000
[31,]  5.942666  8.126915596 0.006262053 0.004420272    0    0    0    0 1.934523
[32,]  6.164414  7.168330775 0.000000000 0.000000000    0    0    0    0 1.934523
[33,]  4.249654  3.585024512 0.000000000 0.000000000    0    0    0    0 0.000000
[34,]  5.563952  8.136308675 0.000000000 0.000000000    0    0    0    0 1.934523
[35,] 11.263927 18.176957413 0.006262053 0.004420272    0    0    0    0 1.934523
[36,]  7.513329  8.149539169 0.006262053 0.004420272    0    0    0    0 1.934523
[37,]  6.834955  8.136308675 0.000000000 0.000000000    0    0    0    0 1.934523
[38,]  1.058267  0.005555664 0.000000000 0.000000000    0    0    0    0 1.934523
[39,]  3.960408  3.590580176 0.006262053 0.004420272    0    0    0    0 3.869046
[40,]  1.688196  3.603810670 0.006262053 0.004420272    0    0    0    0 1.934523
[41,]  5.143122  3.596135840 0.012524105 0.008840545    0    0    0    0 1.934523
[42,]  9.157805 12.668806679 0.012524105 0.008840545    0    0    0    0 1.934523
[43,]  8.669676  9.089337831 0.012524105 0.008840545    0    0    0    0 1.934523
[44,]  8.729646 15.285853292 0.012524105 0.008840545    0    0    0    0 0.000000
[45,]  3.612721  3.590580176 0.000000000 0.000000000    0    0    0    0 1.934523
[46,]  6.571922  9.089337831 0.006262053 0.004420272    0    0    0    0 3.869046
[47,]  7.450164 11.719614938 0.006262053 0.004420272    0    0    0    0 0.000000
[48,]  3.910464  4.570070320 0.000000000 0.000000000    0    0    0    0 0.000000
[49,]  2.975163  0.026060071 0.006262053 0.004420272    0    0    0    0 1.934523
[50,]  7.504249  8.136308675 0.006262053 0.004420272    0    0    0    0 0.000000
         [,10]      [,11]     [,12]
 [1,] 7.536957 4.59040190  4.805331
 [2,] 1.988753 2.79216071  8.617492
 [3,] 1.988753 2.78094548  9.004147
 [4,] 5.548204 2.53807322  3.875729
 [5,] 1.779726 0.75104726  4.915430
 [6,] 5.757232 4.84448940 10.688081
 [7,] 5.548204 2.29520095 10.180082
 [8,] 1.988753 2.78094548  6.422525
 [9,] 9.107655 2.53807322  4.679305
[10,] 3.559451 0.25408750  6.117215
[11,] 1.779726 0.50817499  7.370163
[12,] 7.745985 7.13969035  9.424567
[13,] 1.779726 0.48574453  3.246375
[14,] 0.000000 0.01121523  9.211283
[15,] 3.977506 4.84448940  7.538755
[16,] 3.977506 5.08736167  8.852909
[17,] 3.768479 2.78094548  9.414235
[18,] 0.000000 0.24287227 11.686332
[19,] 1.988753 2.53807322 10.631487
[20,] 3.559451 0.24287227  7.210639
[21,] 1.779726 0.25408750  8.199578
[22,] 1.779726 0.25408750  4.573831
[23,] 1.988753 2.79216071  6.573097
[24,] 1.988753 3.27790525  3.281611
[25,] 5.548204 2.54928845  2.859806
[26,] 3.768479 3.26669001  9.188870
[27,] 3.559451 0.24287227 11.693857
[28,] 5.757232 4.85570463  2.636299
[29,] 7.536957 4.60161713  7.646877
[30,] 0.000000 0.03364569  9.622734
[31,] 3.768479 2.79216071  6.598052
[32,] 3.768479 2.56050368  6.489223
[33,] 1.988753 2.56050368  3.843240
[34,] 1.779726 0.48574453  4.987769
[35,] 1.779726 0.25408750 10.878962
[36,] 3.768479 2.54928845  8.385278
[37,] 3.768479 2.57171891  7.701904
[38,] 5.757232 5.08736167  2.996590
[39,] 5.548204 2.30641618  3.930785
[40,] 1.779726 0.24287227  1.183488
[41,] 5.757232 4.84448940  5.405136
[42,] 1.779726 0.26530273  9.182374
[43,] 5.757232 5.08736167 10.040173
[44,] 1.988753 3.02381775  6.606169
[45,] 5.757232 4.86691986  5.016761
[46,] 7.536957 4.84448940  6.341764
[47,] 3.977506 4.84448940  6.944150
[48,] 1.988753 2.29520095  4.422058
[49,] 1.779726 0.49695976  3.638112
[50,] 1.988753 3.02381775  8.512052

$Bdatesampinfo
       DATE JULIAN N      Mean     Stdev
1  10/26/10   1760 5 51.415725 66.860610
2  11/30/10   1795 5 54.179197 76.035477
3  01/20/11   1846 5  0.000000  0.000000
4  02/23/11   1880 5  3.683560  8.236691
5  03/19/11   1904 5  0.000000  0.000000
6  04/18/11   1934 5  0.000000  0.000000
7  05/10/11   1956 5  0.000000  0.000000
8  06/22/11   1999 5  0.000000  0.000000
9  07/19/11   2026 5  0.000000  0.000000
10 08/16/11   2054 5  3.743153  8.369945
11 09/14/11   2083 5  5.193877 11.613861
12 10/17/11   2116 5  8.397883 14.717823

$Ndatesampinfo
       DATE JULIAN N       Mean     Stdev
1  10/26/10   1760 5 506.666667 625.07284
2  11/30/10   1795 5 497.777778 714.16013
3  01/20/11   1846 5   0.000000   0.00000
4  02/23/11   1880 5   8.888889  19.87616
5  03/19/11   1904 5   0.000000   0.00000
6  04/18/11   1934 5   0.000000   0.00000
7  05/10/11   1956 5   0.000000   0.00000
8  06/22/11   1999 5   0.000000   0.00000
9  07/19/11   2026 5   0.000000   0.00000
10 08/16/11   2054 5  71.111111 159.00928
11 09/14/11   2083 5  71.111111 159.00928
12 10/17/11   2116 5  26.666667  39.75232

$Bdateboots
            [,1]       [,2] [,3]     [,4] [,5] [,6] [,7] [,8] [,9]     [,10]     [,11]
 [1,]  51.111239  15.064686    0 7.367121    0    0    0    0    0  7.486307 10.387753
 [2,]  39.119785 100.317451    0 3.683560    0    0    0    0    0  0.000000  5.193877
 [3,]  91.923805  52.000506    0 7.367121    0    0    0    0    0  0.000000  5.193877
 [4,]  21.928798  47.986500    0 7.367121    0    0    0    0    0  7.486307  5.193877
 [5,]  40.699056  48.660323    0 3.683560    0    0    0    0    0  3.743153  0.000000
 [6,]  92.532776  79.733890    0 0.000000    0    0    0    0    0  3.743153 10.387753
 [7,]  98.398123  61.876763    0 3.683560    0    0    0    0    0  7.486307  5.193877
 [8,]  67.331926  30.129373    0 0.000000    0    0    0    0    0  0.000000  5.193877
 [9,]  52.690510  20.926939    0 0.000000    0    0    0    0    0 14.972614  5.193877
[10,]  51.415725  52.000506    0 3.683560    0    0    0    0    0  7.486307  0.000000
[11,]  51.720210  77.555199    0 0.000000    0    0    0    0    0  3.743153  0.000000
[12,]  52.690510  89.610148    0 0.000000    0    0    0    0    0  3.743153 15.581630
[13,]  21.624313  33.812933    0 0.000000    0    0    0    0    0  3.743153  0.000000
[14,]  40.394570 125.872144    0 0.000000    0    0    0    0    0  0.000000  0.000000
[15,]  29.791412  87.431456    0 3.683560    0    0    0    0    0  0.000000 10.387753
[16,]  62.436879  78.229022    0 7.367121    0    0    0    0    0  0.000000 10.387753
[17,]  81.511622  65.560323    0 7.367121    0    0    0    0    0  3.743153  5.193877
[18,]  80.902651 122.188584    0 0.000000    0    0    0    0    0  0.000000  0.000000
[19,]  57.585557 125.872144    0 7.367121    0    0    0    0    0  0.000000  5.193877
[20,]  40.699056  74.762758    0 7.367121    0    0    0    0    0  7.486307  0.000000
[21,]  86.102183  55.684066    0 0.000000    0    0    0    0    0  3.743153  0.000000
[22,]  24.782854  48.316945    0 0.000000    0    0    0    0    0  3.743153  0.000000
[23,]  62.436879  43.471894    0 0.000000    0    0    0    0    0  0.000000  5.193877
[24,]  41.364870   8.040944    0 3.683560    0    0    0    0    0  0.000000  5.193877
[25,]  22.899098  17.243378    0 7.367121    0    0    0    0    0  7.486307  5.193877
[26,] 120.744917  19.422070    0 7.367121    0    0    0    0    0  3.743153  5.193877
[27,] 109.723763  87.431456    0 7.367121    0    0    0    0    0  7.486307  0.000000
[28,]  24.478369   4.357383    0 3.683560    0    0    0    0    0  3.743153 10.387753
[29,]  51.111239  67.065192    0 3.683560    0    0    0    0    0  7.486307 10.387753
[30,]  62.436879  96.633891    0 0.000000    0    0    0    0    0  0.000000  0.000000
[31,]  52.386024  50.495637    0 3.683560    0    0    0    0    0  3.743153  5.193877
[32,]  68.606711  26.445813    0 0.000000    0    0    0    0    0  3.743153  5.193877
[33,]  35.804009  13.559818    0 0.000000    0    0    0    0    0  0.000000  5.193877
[34,]  31.370682  54.179197    0 0.000000    0    0    0    0    0  3.743153  0.000000
[35,]  49.836454 151.426837    0 3.683560    0    0    0    0    0  3.743153  0.000000
[36,]  81.207136  59.367626    0 3.683560    0    0    0    0    0  3.743153  5.193877
[37,]  69.881496  54.179197    0 0.000000    0    0    0    0    0  3.743153  5.193877
[38,]  32.340982   2.178692    0 0.000000    0    0    0    0    0  3.743153 10.387753
[39,]  40.394570  15.738510    0 3.683560    0    0    0    0    0  7.486307  5.193877
[40,]   3.824355  20.926939    0 3.683560    0    0    0    0    0  3.743153  0.000000
[41,]  53.299481  17.917201    0 7.367121    0    0    0    0    0  3.743153 10.387753
[42,]  69.881496  87.431456    0 7.367121    0    0    0    0    0  3.743153  0.000000
[43,]  81.511622  76.050330    0 7.367121    0    0    0    0    0  3.743153 10.387753
[44,]  22.899098  73.257889    0 7.367121    0    0    0    0    0  0.000000  5.193877
[45,]  49.836454  15.738510    0 0.000000    0    0    0    0    0  3.743153 10.387753
[46,]  23.203583  76.050330    0 3.683560    0    0    0    0    0  7.486307 10.387753
[47,]  38.815299  67.065192    0 3.683560    0    0    0    0    0  0.000000 10.387753
[48,]  32.645467  47.986500    0 0.000000    0    0    0    0    0  0.000000  5.193877
[49,]  51.720210  10.219636    0 3.683560    0    0    0    0    0  3.743153  0.000000
[50,]  81.207136  54.179197    0 3.683560    0    0    0    0    0  0.000000  5.193877
          [,12]
 [1,]  0.000000
 [2,]  9.998655
 [3,]  3.201545
 [4,]  1.600773
 [5,] 18.396538
 [6,]  8.397883
 [7,]  0.000000
 [8,]  3.201545
 [9,]  1.600773
[10,]  8.397883
[11,] 16.795765
[12,]  8.397883
[13,]  3.201545
[14,]  6.797110
[15,]  8.397883
[16,]  9.998655
[17,]  3.201545
[18,]  1.600773
[19,]  1.600773
[20,]  1.600773
[21,]  8.397883
[22,]  8.397883
[23,]  9.998655
[24,] 13.200200
[25,]  8.397883
[26,]  6.403090
[27,]  1.600773
[28,] 15.194993
[29,]  6.797110
[30,] 20.391330
[31,]  9.998655
[32,] 15.194993
[33,] 15.194993
[34,]  3.201545
[35,]  8.397883
[36,]  8.397883
[37,] 21.992103
[38,]  9.998655
[39,]  6.797110
[40,]  1.600773
[41,]  8.397883
[42,] 15.194993
[43,]  9.998655
[44,]  4.802318
[45,] 21.992103
[46,]  8.397883
[47,]  8.397883
[48,]  0.000000
[49,]  9.998655
[50,]  4.802318

$Ndateboots
            [,1]        [,2] [,3]      [,4] [,5] [,6] [,7] [,8] [,9]     [,10]
 [1,]  480.00000  160.000000    0 17.777778    0    0    0    0    0 142.22222
 [2,]  391.11111  968.888889    0  8.888889    0    0    0    0    0   0.00000
 [3,]  871.11111  488.888889    0 17.777778    0    0    0    0    0   0.00000
 [4,]  248.88889  355.555556    0 17.777778    0    0    0    0    0 142.22222
 [5,]  426.66667  364.444444    0  8.888889    0    0    0    0    0  71.11111
 [6,]  924.44444  675.555556    0  0.000000    0    0    0    0    0  71.11111
 [7,]  933.33333  640.000000    0  8.888889    0    0    0    0    0 142.22222
 [8,]  640.00000  320.000000    0  0.000000    0    0    0    0    0   0.00000
 [9,]  515.55556  177.777778    0  0.000000    0    0    0    0    0 284.44444
[10,]  506.66667  488.888889    0  8.888889    0    0    0    0    0 142.22222
[11,]  533.33333  666.666667    0  0.000000    0    0    0    0    0  71.11111
[12,]  515.55556  826.666667    0  0.000000    0    0    0    0    0  71.11111
[13,]  222.22222  328.888889    0  0.000000    0    0    0    0    0  71.11111
[14,]  400.00000 1146.666667    0  0.000000    0    0    0    0    0   0.00000
[15,]  284.44444  817.777778    0  8.888889    0    0    0    0    0   0.00000
[16,]  613.33333  675.555556    0 17.777778    0    0    0    0    0   0.00000
[17,]  817.77778  648.888889    0 17.777778    0    0    0    0    0  71.11111
[18,]  764.44444 1137.777778    0  0.000000    0    0    0    0    0   0.00000
[19,]  542.22222 1146.666667    0 17.777778    0    0    0    0    0   0.00000
[20,]  426.66667  791.111111    0 17.777778    0    0    0    0    0 142.22222
[21,]  817.77778  497.777778    0  0.000000    0    0    0    0    0  71.11111
[22,]  293.33333  480.000000    0  0.000000    0    0    0    0    0  71.11111
[23,]  613.33333  355.555556    0  0.000000    0    0    0    0    0   0.00000
[24,]  382.22222   26.666667    0  8.888889    0    0    0    0    0   0.00000
[25,]  231.11111  168.888889    0 17.777778    0    0    0    0    0 142.22222
[26,] 1173.33333  177.777778    0 17.777778    0    0    0    0    0  71.11111
[27,] 1066.66667  817.777778    0 17.777778    0    0    0    0    0 142.22222
[28,]  266.66667   17.777778    0  8.888889    0    0    0    0    0  71.11111
[29,]  480.00000  648.888889    0  8.888889    0    0    0    0    0 142.22222
[30,]  613.33333  960.000000    0  0.000000    0    0    0    0    0   0.00000
[31,]  488.88889  488.888889    0  8.888889    0    0    0    0    0  71.11111
[32,]  648.88889  311.111111    0  0.000000    0    0    0    0    0  71.11111
[33,]  400.00000  160.000000    0  0.000000    0    0    0    0    0   0.00000
[34,]  320.00000  497.777778    0  0.000000    0    0    0    0    0  71.11111
[35,]  471.11111 1324.444444    0  8.888889    0    0    0    0    0  71.11111
[36,]  791.11111  506.666667    0  8.888889    0    0    0    0    0  71.11111
[37,]  657.77778  497.777778    0  0.000000    0    0    0    0    0  71.11111
[38,]  302.22222    8.888889    0  0.000000    0    0    0    0    0  71.11111
[39,]  400.00000  168.888889    0  8.888889    0    0    0    0    0 142.22222
[40,]   26.66667  177.777778    0  8.888889    0    0    0    0    0  71.11111
[41,]  568.88889  177.777778    0 17.777778    0    0    0    0    0  71.11111
[42,]  657.77778  817.777778    0 17.777778    0    0    0    0    0  71.11111
[43,]  817.77778  666.666667    0 17.777778    0    0    0    0    0  71.11111
[44,]  231.11111  791.111111    0 17.777778    0    0    0    0    0   0.00000
[45,]  471.11111  168.888889    0  0.000000    0    0    0    0    0  71.11111
[46,]  257.77778  666.666667    0  8.888889    0    0    0    0    0 142.22222
[47,]  364.44444  648.888889    0  8.888889    0    0    0    0    0   0.00000
[48,]  328.88889  355.555556    0  0.000000    0    0    0    0    0   0.00000
[49,]  533.33333   35.555556    0  8.888889    0    0    0    0    0  71.11111
[50,]  791.11111  497.777778    0  8.888889    0    0    0    0    0   0.00000
          [,11]     [,12]
 [1,] 142.22222  0.000000
 [2,]  71.11111 35.555556
 [3,]  71.11111 17.777778
 [4,]  71.11111  8.888889
 [5,]   0.00000 62.222222
 [6,] 142.22222 26.666667
 [7,]  71.11111  0.000000
 [8,]  71.11111 17.777778
 [9,]  71.11111  8.888889
[10,]   0.00000 26.666667
[11,]   0.00000 53.333333
[12,] 213.33333 26.666667
[13,]   0.00000 17.777778
[14,]   0.00000 17.777778
[15,] 142.22222 26.666667
[16,] 142.22222 35.555556
[17,]  71.11111 17.777778
[18,]   0.00000  8.888889
[19,]  71.11111  8.888889
[20,]   0.00000  8.888889
[21,]   0.00000 26.666667
[22,]   0.00000 26.666667
[23,]  71.11111 35.555556
[24,]  71.11111 53.333333
[25,]  71.11111 26.666667
[26,]  71.11111 35.555556
[27,]   0.00000  8.888889
[28,] 142.22222 44.444444
[29,] 142.22222 17.777778
[30,]   0.00000 53.333333
[31,]  71.11111 35.555556
[32,]  71.11111 44.444444
[33,]  71.11111 44.444444
[34,]   0.00000 17.777778
[35,]   0.00000 26.666667
[36,]  71.11111 26.666667
[37,]  71.11111 62.222222
[38,] 142.22222 35.555556
[39,]  71.11111 17.777778
[40,]   0.00000  8.888889
[41,] 142.22222 26.666667
[42,]   0.00000 44.444444
[43,] 142.22222 35.555556
[44,]  71.11111 26.666667
[45,] 142.22222 62.222222
[46,] 142.22222 26.666667
[47,] 142.22222 26.666667
[48,]  71.11111  0.000000
[49,]   0.00000 35.555556
[50,]  71.11111 26.666667

