$totdays
[1] 365

$Psampest
[1] NA

$Pbootest
    Mean     2.5%      50%    97.5% 
1.656202 0.000000 0.000000 8.470356 

$Pboots
 [1]  0.00000000  7.79027929  3.54470083  0.00000000 10.46251518  0.00000000  0.00000000
 [8]  5.14480912  0.02070815  0.00000000  4.33993960  0.00000000  0.00000000  0.11719543
[15]  7.93763197  0.00000000  0.00000000  2.35979534  0.00000000  8.51559968  0.00000000
[22]  2.35979534  4.36983593  0.11719543  0.11719543  0.00000000  0.00000000  0.00000000
[29]  8.31451543  0.00000000  0.00000000  4.33993960  0.00000000  0.00000000  5.24371122
[36]  6.17084092  0.00000000  0.00000000  0.00000000  0.00000000  0.00000000  0.49836129
[43]  0.00000000  0.00000000  0.00000000  1.03171539  0.00000000  0.01380544  0.00000000
[50]  0.00000000

$Bboots
 [1] 0.000000000 0.172440321 0.419438904 0.000000000 0.817842540 0.000000000 0.000000000
 [8] 0.269044055 0.009616605 0.000000000 0.170557385 0.000000000 0.000000000 0.006411070
[15] 0.271002549 0.000000000 0.000000000 0.071559811 0.000000000 0.185304374 0.000000000
[22] 0.071559811 0.143371933 0.006411070 0.006411070 0.000000000 0.000000000 0.000000000
[29] 0.544181306 0.000000000 0.000000000 0.170557385 0.000000000 0.000000000 0.253242563
[36] 0.195327144 0.000000000 0.000000000 0.000000000 0.000000000 0.000000000 0.027832320
[43] 0.000000000 0.000000000 0.000000000 0.122874115 0.000000000 0.006411070 0.000000000
[50] 0.000000000

$Nboots
 [1]  0.0000000 38.8888889  5.2314815  0.0000000 26.8518519  0.0000000  0.0000000
 [8] 34.2592593  0.4166667  0.0000000 28.0092593  0.0000000  0.0000000  0.2777778
[15] 26.2962963  0.0000000  0.0000000 14.8148148  0.0000000 42.5925926  0.0000000
[22] 14.8148148 29.6296296  0.2777778  0.2777778  0.0000000  0.0000000  0.0000000
[29] 27.3148148  0.0000000  0.0000000 28.0092593  0.0000000  0.0000000 36.7129630
[36] 23.7500000  0.0000000  0.0000000  0.0000000  0.0000000  0.0000000  0.5555556
[43]  0.0000000  0.0000000  0.0000000  1.6203704  0.0000000  0.2777778  0.0000000
[50]  0.0000000

$julians
[1] 2008 2040 2085 2122 2143 2232 2278 2283 2362

$intdays
[1] 32 45 37 21 89 46  5 79 11

$Pintsampest
[1] NA NA NA NA NA NA NA NA NA

$Pintboots
          [,1]     [,2]     [,3]      [,4]      [,5]       [,6]        [,7] [,8] [,9]
 [1,]       NA       NA       NA        NA        NA         NA          NA   NA   NA
 [2,]       NA 7.790279       NA        NA        NA         NA          NA   NA   NA
 [3,]       NA       NA       NA 0.7626217 2.7234814 0.05859771          NA   NA   NA
 [4,]       NA       NA       NA        NA        NA         NA          NA   NA   NA
 [5,]       NA       NA 2.785317 1.4125830 6.2646149 0.00000000 0.000000000   NA   NA
 [6,]       NA       NA       NA        NA        NA         NA          NA   NA   NA
 [7,]       NA       NA       NA        NA        NA         NA          NA   NA   NA
 [8,]       NA       NA 5.144809        NA        NA         NA 0.000000000    0   NA
 [9,]       NA       NA       NA        NA        NA         NA 0.020708154    0   NA
[10,]       NA       NA       NA        NA        NA         NA          NA   NA   NA
[11,]       NA       NA 4.339940        NA        NA         NA          NA   NA   NA
[12,]       NA       NA       NA        NA        NA         NA          NA    0   NA
[13,]       NA       NA       NA        NA        NA         NA          NA   NA   NA
[14,]       NA       NA       NA        NA        NA 0.11719543          NA   NA   NA
[15,]       NA 5.155553       NA        NA 2.7234814 0.05859771          NA   NA   NA
[16,]       NA       NA       NA        NA        NA 0.00000000          NA   NA   NA
[17,]       NA       NA       NA        NA        NA         NA          NA   NA   NA
[18,] 2.359795       NA       NA        NA        NA         NA          NA   NA   NA
[19,]       NA       NA       NA        NA        NA         NA          NA   NA   NA
[20,]       NA 8.515600       NA        NA        NA         NA          NA   NA   NA
[21,]       NA       NA       NA        NA        NA         NA          NA   NA   NA
[22,] 2.359795       NA       NA        NA        NA         NA          NA   NA   NA
[23,]       NA       NA 4.369836        NA        NA         NA          NA   NA   NA
[24,]       NA       NA       NA        NA        NA 0.11719543          NA   NA   NA
[25,]       NA       NA       NA        NA        NA 0.11719543          NA   NA   NA
[26,]       NA       NA       NA        NA        NA         NA          NA   NA   NA
[27,]       NA       NA       NA        NA        NA         NA          NA   NA   NA
[28,]       NA       NA       NA        NA        NA         NA          NA   NA   NA
[29,]       NA 3.413367 1.501062 0.6766043 2.7234814         NA          NA   NA   NA
[30,]       NA       NA       NA        NA        NA         NA          NA   NA   NA
[31,]       NA       NA       NA        NA        NA         NA          NA   NA   NA
[32,]       NA       NA 4.339940        NA        NA         NA          NA   NA   NA
[33,]       NA       NA       NA        NA        NA         NA          NA    0   NA
[34,]       NA       NA       NA        NA        NA         NA          NA   NA   NA
[35,]       NA       NA 4.813999 0.4297124        NA         NA          NA   NA   NA
[36,]       NA 4.209691       NA        NA 1.9611497         NA          NA   NA   NA
[37,]       NA       NA       NA        NA        NA         NA          NA   NA   NA
[38,]       NA       NA       NA        NA        NA         NA          NA   NA   NA
[39,]       NA       NA       NA        NA        NA         NA          NA   NA   NA
[40,]       NA       NA       NA        NA        NA         NA          NA   NA   NA
[41,]       NA       NA       NA        NA        NA         NA          NA   NA   NA
[42,]       NA       NA       NA        NA 0.3811659 0.11719543          NA   NA   NA
[43,]       NA       NA       NA        NA        NA         NA          NA   NA   NA
[44,]       NA       NA       NA        NA        NA 0.00000000          NA   NA   NA
[45,]       NA       NA       NA        NA        NA 0.00000000 0.000000000   NA   NA
[46,]       NA       NA       NA 0.2038832 0.7623317 0.05859771 0.006902718   NA   NA
[47,]       NA       NA       NA        NA        NA         NA          NA   NA   NA
[48,]       NA       NA       NA        NA        NA         NA 0.013805436    0   NA
[49,]       NA       NA       NA        NA        NA         NA          NA   NA   NA
[50,]       NA       NA       NA        NA        NA         NA          NA    0   NA

$Bdatesampinfo
      DATE JULIAN N Mean Stdev
1 07/01/11   2008 2   NA    NA
2 08/02/11   2040 3   NA    NA
3 09/16/11   2085 6   NA    NA
4 10/23/11   2122 6   NA    NA
5 11/13/11   2143 5   NA    NA
6 02/10/12   2232 6   NA    NA
7 03/27/12   2278 5   NA    NA
8 04/01/12   2283 4   NA    NA
9 06/19/12   2362 2   NA    NA

$Ndatesampinfo
      DATE JULIAN N Mean Stdev
1 07/01/11   2008 2   NA    NA
2 08/02/11   2040 3   NA    NA
3 09/16/11   2085 6   NA    NA
4 10/23/11   2122 6   NA    NA
5 11/13/11   2143 5   NA    NA
6 02/10/12   2232 6   NA    NA
7 03/27/12   2278 5   NA    NA
8 04/01/12   2283 4   NA    NA
9 06/19/12   2362 2   NA    NA

$Bdateboots
      [,1]      [,2]      [,3]      [,4]     [,5] [,6]       [,7] [,8] [,9]
 [1,]    0 0.0000000 0.0000000 0.0000000 0.000000    0 0.00000000    0    0
 [2,]    0 1.1449570 1.6140882 0.0000000 0.000000    0 0.00000000    0    0
 [3,]    0 0.0000000 0.0000000 1.9697949 2.344970    0 0.05128856    0    0
 [4,]    0 0.0000000 2.2939509 0.0000000 0.000000    0 0.00000000    0    0
 [5,]    0 0.0000000 1.4581661 0.4924487 5.321209    0 0.00000000    0    0
 [6,]    0 0.0000000 0.0000000 1.9697949 0.000000    0 0.00000000    0    0
 [7,]    0 0.0000000 0.0000000 0.0000000 0.000000    0 0.00000000    0    0
 [8,]    0 0.0000000 2.3349100 1.9697949 0.000000    0 0.00000000    0    0
 [9,]    0 0.0000000 0.0000000 0.0000000 0.000000    0 0.15386569    0    0
[10,]    0 0.0000000 0.0000000 0.0000000 5.321209    0 0.00000000    0    0
[11,]    0 0.0000000 2.2364694 0.4924487 0.000000    0 0.00000000    0    0
[12,]    0 1.1449570 0.0000000 0.0000000 4.004459    0 0.00000000    0    0
[13,]    0 0.0000000 0.0000000 0.0000000 0.000000    0 0.00000000    0    0
[14,]    0 0.0000000 0.0000000 0.0000000 0.000000    0 0.10257712    0    0
[15,]    0 1.1449570 0.7948257 0.0000000 2.344970    0 0.05128856    0    0
[16,]    0 0.0000000 0.0000000 0.0000000 0.000000    0 0.00000000    0    0
[17,]    0 0.0000000 0.0000000 0.0000000 0.000000    0 0.00000000    0    0
[18,]    0 1.1449570 0.0000000 0.0000000 0.000000    0 0.00000000    0    0
[19,]    0 0.0000000 1.4746885 0.0000000 2.002230    0 0.00000000    0    0
[20,]    0 0.5724785 2.3923915 0.0000000 0.000000    0 0.00000000    0    0
[21,]    0 0.0000000 0.0000000 0.0000000 2.687710    0 0.00000000    0    0
[22,]    0 1.1449570 0.0000000 0.0000000 0.000000    0 0.10257712    0    0
[23,]    0 0.0000000 2.2939509 0.0000000 0.000000    0 0.00000000    0    0
[24,]    0 0.0000000 0.0000000 0.0000000 0.000000    0 0.10257712    0    0
[25,]    0 0.0000000 0.0000000 0.0000000 0.000000    0 0.10257712    0    0
[26,]    0 0.0000000 0.0000000 0.0000000 0.000000    0 0.00000000    0    0
[27,]    0 0.0000000 0.0000000 0.0000000 5.321209    0 0.10257712    0    0
[28,]    0 0.0000000 0.0000000 0.0000000 0.000000    0 0.00000000    0    0
[29,]    0 0.5724785 0.7373443 0.9848974 2.344970    0 0.00000000    0    0
[30,]    0 0.0000000 0.0000000 0.0000000 0.000000    0 0.00000000    0    0
[31,]    0 0.0000000 0.0000000 0.0000000 0.000000    0 0.15386569    0    0
[32,]    0 0.0000000 2.2364694 0.4924487 0.000000    0 0.00000000    0    0
[33,]    0 1.1449570 0.0000000 1.9697949 0.000000    0 0.00000000    0    0
[34,]    0 0.0000000 0.0000000 0.4924487 0.000000    0 0.00000000    0    0
[35,]    0 0.0000000 2.3923915 0.0000000 1.659490    0 0.00000000    0    0
[36,]    0 0.5724785 0.8932663 0.0000000 1.659490    0 0.00000000    0    0
[37,]    0 0.0000000 0.0000000 0.0000000 0.000000    0 0.00000000    0    0
[38,]    0 0.5724785 0.0000000 0.0000000 0.000000    0 0.00000000    0    0
[39,]    0 0.0000000 2.1955104 0.0000000 0.000000    0 0.00000000    0    0
[40,]    0 0.0000000 0.0000000 0.0000000 0.000000    0 0.05128856    0    0
[41,]    0 0.0000000 0.0000000 0.4924487 0.000000    0 0.00000000    0    0
[42,]    0 0.0000000 2.2364694 0.0000000 0.342740    0 0.10257712    0    0
[43,]    0 0.5724785 0.0000000 0.0000000 0.000000    0 0.00000000    0    0
[44,]    0 0.0000000 0.0000000 0.0000000 0.000000    0 0.00000000    0    0
[45,]    0 0.0000000 0.0000000 0.0000000 0.000000    0 0.00000000    0    0
[46,]    0 0.0000000 0.0000000 0.4924487 0.685480    0 0.05128856    0    0
[47,]    0 0.0000000 0.0000000 0.0000000 0.000000    0 0.05128856    0    0
[48,]    0 0.0000000 0.0000000 0.0000000 0.000000    0 0.10257712    0    0
[49,]    0 0.0000000 0.0000000 0.0000000 4.978469    0 0.00000000    0    0
[50,]    0 0.0000000 0.0000000 0.0000000 0.000000    0 0.00000000    0    0

$Ndateboots
      [,1]     [,2]     [,3]      [,4]      [,5] [,6]     [,7] [,8] [,9]
 [1,]    0   0.0000   0.0000  0.000000  0.000000    0 0.000000    0    0
 [2,]    0 237.0370 385.1852  0.000000  0.000000    0 0.000000    0    0
 [3,]    0   0.0000   0.0000 14.814815 33.333333    0 2.222222    0    0
 [4,]    0   0.0000 474.0741  0.000000  0.000000    0 0.000000    0    0
 [5,]    0   0.0000 266.6667  3.703704 77.777778    0 0.000000    0    0
 [6,]    0   0.0000   0.0000 14.814815  0.000000    0 0.000000    0    0
 [7,]    0   0.0000   0.0000  0.000000  0.000000    0 0.000000    0    0
 [8,]    0   0.0000 533.3333 14.814815  0.000000    0 0.000000    0    0
 [9,]    0   0.0000   0.0000  0.000000  0.000000    0 6.666667    0    0
[10,]    0   0.0000   0.0000  0.000000 77.777778    0 0.000000    0    0
[11,]    0   0.0000 444.4444  3.703704  0.000000    0 0.000000    0    0
[12,]    0 237.0370   0.0000  0.000000 57.777778    0 0.000000    0    0
[13,]    0   0.0000   0.0000  0.000000  0.000000    0 0.000000    0    0
[14,]    0   0.0000   0.0000  0.000000  0.000000    0 4.444444    0    0
[15,]    0 237.0370 148.1481  0.000000 33.333333    0 2.222222    0    0
[16,]    0   0.0000   0.0000  0.000000  0.000000    0 0.000000    0    0
[17,]    0   0.0000   0.0000  0.000000  0.000000    0 0.000000    0    0
[18,]    0 237.0370   0.0000  0.000000  0.000000    0 0.000000    0    0
[19,]    0   0.0000 237.0370  0.000000 28.888889    0 0.000000    0    0
[20,]    0 118.5185 562.9630  0.000000  0.000000    0 0.000000    0    0
[21,]    0   0.0000   0.0000  0.000000 37.777778    0 0.000000    0    0
[22,]    0 237.0370   0.0000  0.000000  0.000000    0 4.444444    0    0
[23,]    0   0.0000 474.0741  0.000000  0.000000    0 0.000000    0    0
[24,]    0   0.0000   0.0000  0.000000  0.000000    0 4.444444    0    0
[25,]    0   0.0000   0.0000  0.000000  0.000000    0 4.444444    0    0
[26,]    0   0.0000   0.0000  0.000000  0.000000    0 0.000000    0    0
[27,]    0   0.0000   0.0000  0.000000 77.777778    0 4.444444    0    0
[28,]    0   0.0000   0.0000  0.000000  0.000000    0 0.000000    0    0
[29,]    0 118.5185 118.5185  7.407407 33.333333    0 0.000000    0    0
[30,]    0   0.0000   0.0000  0.000000  0.000000    0 0.000000    0    0
[31,]    0   0.0000   0.0000  0.000000  0.000000    0 6.666667    0    0
[32,]    0   0.0000 444.4444  3.703704  0.000000    0 0.000000    0    0
[33,]    0 237.0370   0.0000 14.814815  0.000000    0 0.000000    0    0
[34,]    0   0.0000   0.0000  3.703704  0.000000    0 0.000000    0    0
[35,]    0   0.0000 562.9630  0.000000 24.444444    0 0.000000    0    0
[36,]    0 118.5185 237.0370  0.000000 24.444444    0 0.000000    0    0
[37,]    0   0.0000   0.0000  0.000000  0.000000    0 0.000000    0    0
[38,]    0 118.5185   0.0000  0.000000  0.000000    0 0.000000    0    0
[39,]    0   0.0000 385.1852  0.000000  0.000000    0 0.000000    0    0
[40,]    0   0.0000   0.0000  0.000000  0.000000    0 2.222222    0    0
[41,]    0   0.0000   0.0000  3.703704  0.000000    0 0.000000    0    0
[42,]    0   0.0000 444.4444  0.000000  4.444444    0 4.444444    0    0
[43,]    0 118.5185   0.0000  0.000000  0.000000    0 0.000000    0    0
[44,]    0   0.0000   0.0000  0.000000  0.000000    0 0.000000    0    0
[45,]    0   0.0000   0.0000  0.000000  0.000000    0 0.000000    0    0
[46,]    0   0.0000   0.0000  3.703704  8.888889    0 2.222222    0    0
[47,]    0   0.0000   0.0000  0.000000  0.000000    0 2.222222    0    0
[48,]    0   0.0000   0.0000  0.000000  0.000000    0 4.444444    0    0
[49,]    0   0.0000   0.0000  0.000000 73.333333    0 0.000000    0    0
[50,]    0   0.0000   0.0000  0.000000  0.000000    0 0.000000    0    0

