$totdays
[1] 365

$Psampest
[1] 574.593

$Pbootest
     Mean      2.5%       50%     97.5% 
 652.9187  265.7883  622.1732 1093.5023 

$Pboots
 [1]  590.0542  594.0961  553.2762 1026.9598 1018.0040  252.9167  694.9489  876.9178
 [9]  310.1240  538.4527  568.7992  561.5092  688.8735  624.0526  519.4086  933.4875
[17]  655.2911  237.2030  789.0138  566.5459  568.8410  775.3838  770.1716  937.2543
[25]  514.4082  743.4632  631.6316  750.3593  655.2836  786.9811  648.0990  576.9507
[33] 1112.8211 1024.1103  572.9944  425.4117  435.9477  343.9197  828.7102  621.7547
[41]  504.2886  413.4662  632.7674  622.5917 1283.5376  538.1766  546.2749  510.8041
[49]  736.5292  533.0668

$Bboots
 [1] 43.46886 43.88393 39.97239 76.89651 74.69637 16.55102 48.35009 60.53900 22.82219
[10] 38.06930 41.16350 40.42790 51.54812 43.45941 38.78447 61.59943 44.82168 16.35361
[19] 53.92473 39.87474 40.74389 56.39396 56.63257 61.87962 34.70975 51.65207 43.99512
[28] 54.49703 46.59673 54.05063 46.45539 42.09612 58.69642 73.54353 41.08015 29.51927
[37] 32.82490 25.88069 61.40841 43.39793 35.81129 28.73668 46.24336 44.43380 71.60834
[46] 38.59247 38.79507 38.46948 47.85955 38.20450

$Nboots
 [1] 625.6019 581.3095 549.1005 652.7282 686.4484 536.2202 766.5675 730.2282 594.2791
[10] 664.6991 611.8882 558.6508 711.4120 703.4788 747.8108 832.0833 872.1660 511.4120
[19] 747.6786 683.7698 554.5139 658.7302 645.5886 715.6978 766.9180 763.2771 515.9392
[28] 663.4921 710.7705 729.2758 646.5575 672.2388 658.8955 831.8717 550.8697 699.2130
[37] 677.1561 583.4061 688.8393 593.0655 546.2434 589.0939 776.5377 527.9299 755.6746
[46] 614.3915 684.7983 719.2758 686.8618 711.2930

$julians
[1] 2008 2040 2085 2122 2143 2232 2278 2283 2362

$intdays
[1] 32 45 37 21 89 46  5 79 11

$Pintsampest
[1] 141.5933908 234.5501459  53.7609586  30.3060957  77.1594298   6.2723880   0.6135141
[8]   5.6057526  24.7313701

$Pintboots
           [,1]      [,2]     [,3]     [,4]      [,5]      [,6]      [,7]        [,8]
 [1,] 141.59339 238.52149 61.50242 30.20941  63.71433  6.651579 1.3959529  20.6830331
 [2,] 141.59339 217.20057 64.32246 42.93975  72.40802  5.390357 0.4764462  23.7675476
 [3,] 144.35624 225.86141 37.62177 24.44459  73.00919  7.303206 1.1034624  13.7987723
 [4,] 447.07056 327.32062 42.02257 29.98731  85.89748  5.513746 0.8140422  10.7318384
 [5,] 410.81932 353.53724 33.79393 26.45849  94.46626  6.251424 0.7689368  19.8993617
 [6,]  20.19789  61.83616 48.92289 17.64335  44.78030  3.504724 0.2259008  48.9224827
 [7,] 155.55425 243.14160 68.87408 36.65654  83.69189  4.198488 0.1204056  71.0196321
 [8,] 233.73058 325.48610 45.54318 32.78846  88.44782  6.075979 0.6904763  97.1991828
 [9,]  53.16017  67.38878 61.93156 30.20682  78.80893  7.855765 0.6072835   0.9593336
[10,] 124.05139 215.09046 43.82001 23.30401  86.73341  8.074513 0.9028445  14.1635410
[11,] 149.96842 218.86154 39.98087 30.65179  80.05831  6.962234 0.7325113  14.7732759
[12,] 141.80985 211.59676 37.75317 34.41617  90.86326  7.386611 0.5350536  11.9382596
[13,] 301.31240 137.77782 59.99971 27.19835  61.89622  6.159114 0.8140422  39.1868295
[14,] 127.18589 220.78614 65.19720 34.07445  88.94523  7.952747 0.5184812  53.7791387
[15,]  82.67517 143.94246 97.39314 54.08935  97.95149 10.938659 0.7294409  16.3375911
[16,] 208.80366 312.70491 56.12696 33.89214  86.23096  5.163966 0.9511101 181.0936263
[17,] 157.98387 212.56978 54.53684 28.03401  71.86802  5.975630 0.6166743  90.2555011
[18,]  14.80289  59.23579 47.73802 21.76825  68.62111  9.135151 0.5864795  11.9382596
[19,] 198.49833 312.19365 42.59808 22.87379  74.77619  9.308517 0.6072835  87.9063447
[20,] 131.84280 217.75072 51.63331 22.43688  64.80899  6.122020 0.9844652  45.1542311
[21,] 147.83043 235.48266 41.35638 24.37972  82.64811  4.665859 0.4976772   6.1394517
[22,] 221.07911 333.34220 50.12388 31.23096  82.30774  7.501349 0.4247364  10.6283503
[23,] 221.64390 343.37401 60.91538 27.95784  62.18450  4.420244 0.4160565  10.4308615
[24,] 220.95232 329.42005 47.64531 28.21686  71.31783  6.675745 0.8108819 181.5732931
[25,]  93.44658 154.12239 53.65851 29.06033  65.91821 10.431645 0.6690511  85.1041436
[26,] 171.25964 280.82089 71.94666 26.21199  58.08626  7.873474 0.7627061  90.7351679
[27,] 160.56105 256.87169 38.00315 23.69231  81.82532  6.070978 0.1835818  34.4223927
[28,] 233.73058 328.61791 35.17582 24.47559  80.69010  6.637734 0.3390943   0.4796668
[29,] 185.02154 277.78316 37.80019 22.30147  63.41221  4.158845 0.1447969  30.7139774
[30,] 197.93320 317.93014 49.84491 23.84369  67.99271  3.090881 0.2290610  86.0887488
[31,] 163.43713 255.63539 53.72335 32.19232  77.20868  6.563702 0.2908287  28.9346579
[32,] 175.92520 234.66034 41.80449 18.74340  60.75128  8.182796 0.5864795   5.6597849
[33,] 126.03925 165.50158 58.32232 31.14659  84.11834  6.398744 0.6572110 578.6283575
[34,] 374.56807 299.60377 55.91415 36.27789  70.68745  7.199965 0.8997741 107.1021201
[35,] 142.75582 231.51131 42.76389 30.21218  93.80883  4.515447 0.3210235   2.3983339
[36,]  70.86580 126.25772 55.24473 31.27696  66.40165  5.849274 0.5427826  53.0892350
[37,]  70.86580 137.83771 81.48941 41.33082  69.28461  8.346288 0.8141320  12.8975932
[38,]  70.86580 130.85423 56.41799 24.32836  42.68290  5.829444 0.2457233   0.4796668
[39,] 337.94024 265.95460 46.05781 24.94257  87.27318  7.641284 0.2939889   0.4796668
[40,] 142.17701 229.72256 52.60871 30.79754  77.10886  8.649254 0.2606338  52.3401383
[41,]  99.29675 150.31391 57.12666 41.11119 105.62368  8.295699 0.5396223  23.2878809
[42,]  87.97242 122.22538 36.32852 27.65731  87.42412  5.452643 0.8879340  28.4139667
[43,] 160.85150 248.36684 66.38263 32.34111  82.66688  7.366460 0.4400207   6.2641092
[44,] 159.93547 277.78205 53.45859 17.80778  60.72183  6.261911 0.2155284  17.6821282
[45,] 194.05082 248.70490 52.57471 36.72991  88.32349  9.531286 0.7807769 579.1080243
[46,] 156.12894 161.92440 49.15249 28.42909  87.05389  4.995802 0.5652485  21.5827053
[47,] 124.63020 207.43151 51.85811 29.13356  69.38322  3.067321 0.4945170  36.3197300
[48,] 138.00332 125.72628 72.33374 43.97872  83.36122  9.233765 0.6468692  12.8975932
[49,] 154.05021 242.42004 49.72101 27.43626  88.33461  4.150092 0.1655110 134.3992390
[50,] 130.26808 199.60591 46.69192 32.00867  80.63365  3.242272 0.1054951  16.9362863
           [,9]
 [1,] 25.782560
 [2,] 25.997613
 [3,] 25.777534
 [4,] 77.601651
 [5,] 72.009061
 [6,]  6.882990
 [7,] 31.691968
 [8,] 46.956070
 [9,]  9.205356
[10,] 22.312472
[11,] 26.810236
[12,] 25.210083
[13,] 54.529059
[14,] 25.613311
[15,] 15.351290
[16,] 48.520154
[17,] 33.450759
[18,]  3.377020
[19,] 40.251592
[20,] 25.812525
[21,] 25.840754
[22,] 38.745497
[23,] 38.828817
[24,] 50.642005
[25,] 21.997357
[26,] 35.766365
[27,] 30.001095
[28,] 40.212772
[29,] 33.947411
[30,] 40.027720
[31,] 30.112901
[32,] 30.636929
[33,] 62.008752
[34,] 71.857099
[35,] 24.707575
[36,] 15.883536
[37,] 13.081369
[38,] 12.215590
[39,] 58.126879
[40,] 28.090025
[41,] 18.693189
[42,] 17.103878
[43,] 28.087826
[44,] 28.726421
[45,] 73.733687
[46,] 28.344011
[47,] 23.956704
[48,] 24.622608
[49,] 35.852252
[50,] 23.574465

$Bdatesampinfo
      DATE JULIAN N       Mean      Stdev
1 07/01/11   2008 1   0.000000         NA
2 08/02/11   2040 3 215.831479 173.506261
3 09/16/11   2085 7  38.795418  33.454129
4 10/23/11   2122 6  32.419561  36.788231
5 11/13/11   2143 5  38.365856  17.291524
6 02/10/12   2232 6   4.140636   3.850048
7 03/27/12   2278 4   2.559805   2.810913
8 04/01/12   2283 3   3.465719   5.251187
9 06/19/12   2362 1   0.000000         NA

$Ndatesampinfo
      DATE JULIAN N       Mean     Stdev
1 07/01/11   2008 1    0.00000        NA
2 08/02/11   2040 3 1366.66667 869.29800
3 09/16/11   2085 7 1168.25397 848.22324
4 10/23/11   2122 6  975.92593 623.50727
5 11/13/11   2143 5 1057.77778 424.36590
6 02/10/12   2232 6   83.33333  76.57805
7 03/27/12   2278 4   30.55556  34.39662
8 04/01/12   2283 3   25.92593  35.71723
9 06/19/12   2362 1    0.00000        NA

$Bdateboots
             [,1]      [,2]     [,3]     [,4]     [,5]     [,6]      [,7]      [,8]
 [1,]   0.0000000 215.83148 43.10685 38.36280 32.19686 2.902927 4.2025666 9.5074713
 [2,]   0.0000000 215.83148 19.95979 65.24578 35.04775 4.841190 0.9170431 3.7622801
 [3,]   4.2117420 215.83148 29.36255 20.47368 36.62102 3.599024 4.2025666 6.6348757
 [4,] 354.5448549 326.91928 28.41474 27.25067 42.79001 4.530006 1.3600517 6.6348757
 [5,] 271.6681307 354.54485 29.24642 15.51902 46.27968 5.761016 0.9170431 6.6348757
 [6,]   9.5074713  21.28145 45.85109 18.95509 22.25430 2.414907 1.3290256 0.8896844
 [7,]  21.2814515 215.83148 48.12287 43.11186 42.50611 3.599024 0.8860171 0.2965615
 [8,]  29.3577184 326.91928 26.42335 33.90590 42.67768 6.047658 0.4430085 6.3383142
 [9,]  59.7562761  21.28145 51.87951 30.15887 40.39459 3.020547 5.3712938 0.5931230
[10,]   0.8896844 188.20590 45.29981 12.74685 41.68396 6.096794 2.5287788 6.3383142
[11,]  12.7672085 215.83148 21.76302 31.19822 40.39459 3.708830 3.7285320 3.4657186
[12,]   0.3299730 215.83148 13.87568 36.13435 44.25095 5.804959 2.0857703 3.1691571
[13,] 354.5448549 104.74368 44.83127 34.64801 28.87876 5.219404 1.3600517 6.6348757
[14,]   5.6679382 188.20590 51.48299 34.88077 44.70642 4.292879 4.2025666 0.8896844
[15,]  21.2814515 104.74368 51.52381 77.48891 48.84667 5.114055 6.5710469 0.5931230
[16,]  18.9894609 299.29371 40.17837 34.17090 44.99031 2.513557 3.0028134 6.3383142
[17,]  52.6174913 188.20590 42.56300 29.67964 35.79886 3.792588 2.5908309 3.4657186
[18,]   1.2836236  21.28145 43.02803 20.20867 30.63534 7.167747 2.5908309 3.1691571
[19,]   3.2798054 299.29371 39.62358 16.80485 36.62102 4.572442 5.3712938 0.5931230
[20,]  12.7672085 188.20590 48.18746 20.20867 32.19686 3.505946 3.0338394 6.6348757
[21,]   9.5074713 215.83148 39.80781 14.97530 41.96786 3.562160 1.4221037 3.4657186
[22,]  10.0714131 326.91928 34.95253 31.44470 41.50065 3.841723 4.1715406 0.0000000
[23,]  10.9322767 326.91928 45.84366 34.84852 30.45203 3.804859 0.9170431 3.1691571
[24,]   9.8779500 326.91928 30.69396 32.41956 33.48623 5.802338 1.3290256 6.6348757
[25,]  10.0714131 132.36925 34.94509 36.13435 31.74140 4.572442 6.5710469 0.0000000
[26,]  17.5929198 243.45705 61.39863 33.90590 27.31724 4.682249 3.7285320 3.7622801
[27,]   1.2836236 243.45705 35.39840 14.94306 40.39459 4.682249 1.8030602 0.0000000
[28,]  29.3577184 326.91928 29.82366 16.77261 40.39459 4.056879 3.0338394 0.2965615
[29,]  10.3665456 271.66813 29.89568 20.17643 31.91296 3.020547 1.4221037 0.0000000
[30,]   2.4182638 299.29371 45.85109 20.17643 35.51497 1.941780 1.3600517 0.8896844
[31,]   5.6679382 243.45705 34.05627 37.10922 38.08196 4.451820 2.5598048 0.2965615
[32,]  52.3363430 215.83148 38.91507 16.46164 27.31724 6.150386 2.5908309 3.1691571
[33,]  59.7562761 132.36925 47.29864 29.95836 42.79001 3.549888 3.2855235 3.1691571
[34,] 271.6681307 299.29371 25.95481 48.11248 36.62102 2.319993 5.3712938 3.4657186
[35,]   1.7720342 215.83148 35.49638 21.15130 49.41447 2.263779 2.5598048 0.5931230
[36,]   3.2798054 104.74368 32.32442 40.85625 32.19686 4.383336 1.8651122 3.4657186
[37,]   3.2798054 104.74368 44.89585 63.04957 33.48623 4.682249 4.2335926 3.7622801
[38,]   3.2798054 104.74368 37.31448 37.42018 19.40341 4.110471 2.1167963 0.2965615
[39,] 271.6681307 243.45705 45.25898 15.75178 42.50611 5.571909 2.5908309 0.2965615
[40,]   0.8896844 215.83148 33.55433 36.13435 35.79886 6.679727 2.5598048 0.0000000
[41,]  18.9894609 132.36925 30.81009 44.86320 51.15931 7.027776 1.8340862 3.4657186
[42,]  29.3577184 104.74368 27.94620 20.17643 44.42252 3.738995 2.0857703 6.6348757
[43,]  29.3577184 215.83148 53.79559 34.13866 41.40006 4.140636 3.7285320 0.5931230
[44,]   0.3299730 243.45705 58.09959 12.71461 28.87876 4.572442 2.1167963 0.0000000
[45,]  52.3363430 243.45705 26.53205 43.11186 42.67768 5.979173 4.2025666 3.4657186
[46,] 105.6254713 132.36925 43.41492 21.69502 44.70642 3.250975 2.0857703 3.4657186
[47,]   1.7720342 188.20590 36.98475 31.70970 36.33712 1.885566 1.3910777 3.4657186
[48,] 105.6254713 104.74368 31.74718 64.07040 38.64975 7.273096 2.5908309 3.7622801
[49,]  18.9894609 215.83148 47.33946 18.52395 45.55811 3.104305 1.3290256 0.2965615
[50,]  10.3665456 188.20590 28.48896 33.36218 41.40006 3.020547 0.4430085 0.5931230
             [,9]
 [1,]   3.2798054
 [2,]  10.9322767
 [3,]   1.8961382
 [4,]   0.0000000
 [5,]   5.6679382
 [6,]  29.3577184
 [7,]  43.6121697
 [8,]  53.7558389
 [9,]   0.0000000
[10,]   2.4182638
[11,]   5.6679382
[12,]   4.2117420
[13,]  17.5929198
[14,]  32.3601524
[15,]   9.5074713
[16,] 105.6254713
[17,]  52.3363430
[18,]   4.2117420
[19,]  53.7558389
[20,]  21.2814515
[21,]   0.3299730
[22,]   6.5710469
[23,]   3.2798054
[24,] 105.6254713
[25,]  52.6174913
[26,]  52.3363430
[27,]  21.2814515
[28,]   0.0000000
[29,]  18.9894609
[30,]  52.3363430
[31,]  17.5929198
[32,]   0.3299730
[33,] 354.5448549
[34,]  62.7502867
[35,]   0.8896844
[36,]  29.3577184
[37,]   4.2117420
[38,]   0.0000000
[39,]   0.0000000
[40,]  32.3601524
[41,]  10.9322767
[42,]  10.9322767
[43,]   3.2798054
[44,]  10.9322767
[45,] 354.5448549
[46,]   9.8779500
[47,]  18.9894609
[48,]   4.2117420
[49,]  82.7975242
[50,]   9.8779500

$Ndateboots
            [,1]      [,2]      [,3]      [,4]      [,5]      [,6]      [,7]      [,8]
 [1,]    0.00000 1366.6667 1155.5556 1024.0741  962.2222  68.51852 50.000000 66.666667
 [2,]    0.00000 1366.6667  768.2540 1357.4074  915.5556  85.18519 11.111111 29.629630
 [3,]   77.77778 1366.6667  958.7302  881.4815  960.0000  83.33333 50.000000 48.148148
 [4,] 1188.88889 1562.9630  641.2698 1196.2963 1055.5556 103.70370 19.444444 48.148148
 [5,] 2311.11111 1188.8889  946.0317  761.1111 1251.1111  96.29630 11.111111 48.148148
 [6,]   66.66667  600.0000 1238.0952  794.4444  860.0000  61.11111 25.000000 11.111111
 [7,]  600.00000 1366.6667 1504.7619 1062.9630 1244.4444  83.33333 16.666667  3.703704
 [8,] 1333.33333 1562.9630  907.9365  912.9630 1297.7778 118.51852  8.333333 44.444444
 [9,] 1333.33333  600.0000 1619.0476  770.3704  966.6667  57.40741 66.666667  7.407407
[10,]   11.11111 1740.7407 1466.6667  666.6667 1200.0000 124.07407 36.111111 44.444444
[11,]  622.22222 1366.6667  946.0317 1118.5185  966.6667  79.62963 47.222222 25.925926
[12,]   22.22222 1366.6667  571.4286  968.5185 1342.2222 120.37037 27.777778 22.222222
[13,] 1188.88889 1170.3704 1377.7778 1031.4815  820.0000  96.29630 19.444444 48.148148
[14,]   66.66667 1740.7407 1073.0159  961.1111 1206.6667  62.96296 50.000000 11.111111
[15,]  600.00000 1170.3704 1231.7460 1681.4815 1393.3333  87.03704 77.777778  7.407407
[16,]  644.44444 1937.0370 1244.4444  992.5926 1017.7778  48.14815 38.888889 44.444444
[17,] 2311.11111 1740.7407 1212.6984 1031.4815  915.5556  75.92593 25.000000 25.925926
[18,]   33.33333  600.0000 1200.0000  801.8519 1242.2222 144.44444 25.000000 22.222222
[19,]  622.22222 1937.0370 1371.4286  918.5185  960.0000  87.03704 66.666667  7.407407
[20,]  622.22222 1740.7407 1219.0476  801.8519  962.2222  53.70370 33.333333 48.148148
[21,]   66.66667 1366.6667 1200.0000  722.2222 1011.1111  57.40741  8.333333 25.925926
[22,] 1022.22222 1562.9630 1269.8413  927.7778  822.2222  81.48148 55.555556  0.000000
[23,]  233.33333 1562.9630 1409.5238  811.1111  864.4444  55.55556 11.111111 22.222222
[24,]  122.22222 1562.9630  736.5079  975.9259 1195.5556 109.25926 25.000000 48.148148
[25,] 1022.22222  796.2963 1441.2698  968.5185 1097.7778  87.03704 77.777778  0.000000
[26,] 1066.66667  992.5926 1612.6984  912.9630 1100.0000  83.33333 47.222222 29.629630
[27,]   33.33333  992.5926 1168.2540  572.2222  966.6667  83.33333 27.777778  0.000000
[28,] 1333.33333 1562.9630 1219.0476  768.5185  966.6667  87.03704 33.333333  3.703704
[29,]  844.44444 2311.1111  761.9048  651.8519 1151.1111  57.40741  8.333333  0.000000
[30,]   66.66667 1937.0370 1238.0952  651.8519 1104.4444  44.44444 19.444444 11.111111
[31,]   66.66667  992.5926 1250.7937 1016.6667 1246.6667  64.81481 30.555556  3.703704
[32,] 1588.88889 1366.6667 1282.5397  659.2593 1100.0000 116.66667 25.000000 22.222222
[33,] 1333.33333  796.2963 1028.5714  990.7407 1055.5556  77.77778 38.888889 22.222222
[34,] 2311.11111 1937.0370  819.0476 1212.9630  960.0000  55.55556 66.666667 25.925926
[35,]   33.33333 1366.6667 1212.6984  700.0000 1015.5556  51.85185 30.555556  7.407407
[36,]  622.22222 1170.3704 1200.0000 1159.2593  962.2222  81.48148 16.666667 25.925926
[37,]  622.22222 1170.3704 1092.0635 1451.8519 1195.5556  83.33333 44.444444 29.629630
[38,]  622.22222 1170.3704 1047.6190 1125.9259  906.6667  79.62963 22.222222  3.703704
[39,] 2311.11111  992.5926 1307.9365  690.7407 1244.4444  90.74074 25.000000  3.703704
[40,]   11.11111 1366.6667  831.7460  968.5185  915.5556 137.03704 30.555556  0.000000
[41,]  644.44444  796.2963  749.2063 1079.6296 1113.3333 144.44444 22.222222 25.925926
[42,] 1333.33333 1170.3704  552.3810  651.8519 1395.5556  83.33333 27.777778 48.148148
[43,] 1333.33333 1366.6667 1498.4127  842.5926 1388.8889  83.33333 47.222222  7.407407
[44,]   22.22222  992.5926 1657.1429  516.6667  820.0000  87.03704 22.222222  0.000000
[45,] 1588.88889  992.5926 1092.0635 1062.9630 1297.7778 135.18519 50.000000 25.925926
[46,] 2022.22222  796.2963  971.4286  738.8889 1206.6667  75.92593 27.777778 25.925926
[47,]   33.33333 1740.7407 1161.9048 1007.4074 1148.8889  40.74074 13.888889 25.925926
[48,] 2022.22222 1170.3704  926.9841 1529.6296  868.8889 153.70370 25.000000 29.629630
[49,]  644.44444 1366.6667 1187.3016  785.1852  640.0000  53.70370 25.000000  3.703704
[50,]  844.44444 1740.7407 1130.1587  874.0741 1388.8889  57.40741  8.333333  7.407407
            [,9]
 [1,]  622.22222
 [2,]  233.33333
 [3,]   11.11111
 [4,]    0.00000
 [5,]   66.66667
 [6,] 1333.33333
 [7,] 1100.00000
 [8,]  644.44444
 [9,]    0.00000
[10,]   66.66667
[11,]   66.66667
[12,]   77.77778
[13,] 1066.66667
[14,]  977.77778
[15,]   66.66667
[16,] 2022.22222
[17,] 1588.88889
[18,]   77.77778
[19,]  644.44444
[20,]  600.00000
[21,]   22.22222
[22,]   77.77778
[23,]  622.22222
[24,] 2022.22222
[25,] 2311.11111
[26,] 1588.88889
[27,]  600.00000
[28,]    0.00000
[29,]  644.44444
[30,] 1588.88889
[31,] 1066.66667
[32,]   22.22222
[33,] 1188.88889
[34,]  844.44444
[35,]   11.11111
[36,] 1333.33333
[37,]   77.77778
[38,]    0.00000
[39,]    0.00000
[40,]  977.77778
[41,]  233.33333
[42,]  233.33333
[43,]  622.22222
[44,]  233.33333
[45,] 1188.88889
[46,]  122.22222
[47,]  644.44444
[48,]   77.77778
[49,] 2222.22222
[50,]  122.22222

