$totdays
[1] 365

$Psampest
[1] 7.718298

$Pbootest
     Mean      2.5%       50%     97.5% 
10.806377  6.169788 10.149005 17.512111 

$Pboots
 [1] 13.567733  7.523497 17.532658 12.729579 15.574139  7.352981 11.313189  9.228400
 [9] 12.606424 10.179484 13.138643 12.605759  9.294242  7.351552 14.296988  8.044872
[17]  9.346922  8.488345 11.011696  8.853689  7.779914  8.581782 13.359269  9.372422
[25]  7.569314 11.524454 12.950072  5.670736  8.340500 11.184578 10.228137  8.357109
[33] 10.026226 12.650219  9.906600 10.118526  8.775585  8.611870  8.353316 13.149341
[41] 18.530356  5.826696 11.785128 15.218537 10.661008  9.772991  8.620673 17.441340
[49] 14.397345 11.514043

$Bboots
 [1] 0.8697453 0.4607211 1.1756816 0.8072337 1.0658915 0.4482807 0.6816499 0.5944696
 [9] 0.7886907 0.6328677 0.9041160 0.7446344 0.5979811 0.4329072 0.9177444 0.5169878
[17] 0.5423360 0.5184550 0.7206662 0.5422320 0.4761824 0.5152044 0.8179903 0.6175312
[25] 0.4669775 0.6228912 0.6662252 0.3089377 0.5488939 0.6935842 0.5556777 0.5727779
[33] 0.5944927 0.8547551 0.6204389 0.5641630 0.5835135 0.5757618 0.4973772 0.8095493
[41] 1.2226322 0.3380910 0.7663522 0.7899313 0.6289899 0.6027000 0.5092800 0.9940598
[49] 0.8952532 0.6045468

$Nboots
 [1] 43.05556 15.69444 87.36111 30.41667 76.52778 25.97222 40.83333 37.22222 46.66667
[10] 38.05556 83.05556 30.55556 26.66667 26.11111 60.00000 12.91667 23.47222 42.77778
[19] 59.58333 10.69444 30.41667 31.38889 40.41667 50.69444 32.91667 26.94444 49.44444
[28] 17.36111 30.83333 29.30556 30.41667 34.72222 42.63889 44.58333 55.97222 24.16667
[37] 21.11111 47.22222 25.41667 35.27778 77.63889 29.86111 61.66667 42.08333 41.25000
[46] 32.22222 24.02778 55.00000 51.52778 28.88889

$julians
[1] 2008 2040 2085 2122 2143 2232 2278 2283 2362

$intdays
[1] 32 45 37 21 89 46  5 79 11

$Pintsampest
[1] 0.8724687 0.0000000 0.1267695 1.1721864 5.1478856 0.2490070 0.0000000 0.0000000
[9] 0.1499813

$Pintboots
           [,1]      [,2]       [,3]      [,4]     [,5]      [,6] [,7]      [,8]
 [1,] 3.4699283 1.2250610 0.12676950 1.3341264 6.317338 0.4980140    0 0.0000000
 [2,] 1.0396359 1.2250610 0.03847515 0.8401552 3.952444 0.2490070    0 0.0000000
 [3,] 5.1949191 3.6471753 0.17658870 1.2561200 5.866811 0.4980140    0 0.0000000
 [4,] 2.9352293 2.0607243 0.00000000 1.1002902 5.630742 0.4980140    0 0.0000000
 [5,] 4.8006173 3.6471753 0.12676950 1.2365232 4.937806 0.0000000    0 0.0000000
 [6,] 0.8587533 0.5386561 0.17658870 1.0160883 4.366264 0.2490070    0 0.0000000
 [7,] 1.9427458 0.6671467 0.00000000 1.3179092 6.553407 0.4980140    0 0.0000000
 [8,] 2.5974595 0.0000000 0.12676950 1.0745833 4.734066 0.2490070    0 0.0000000
 [9,] 1.9427458 2.0607243 0.03847515 1.5884196 6.642092 0.0000000    0 0.0000000
[10,] 1.7449374 1.2250610 0.07695031 1.1996110 5.383955 0.2490070    0 0.0000000
[11,] 4.4063154 3.0935236 0.12676950 0.8258938 3.679668 0.2490070    0 0.0000000
[12,] 1.9427458 0.6671467 0.07695031 1.3058718 7.283050 0.9960281    0 0.0000000
[13,] 1.7449374 1.2250610 0.16524466 1.1940073 4.665029 0.0000000    0 0.0000000
[14,] 0.4751311 0.0000000 0.11542546 1.3276927 5.351625 0.0000000    0 0.0000000
[15,] 2.7646268 3.6471753 0.11542546 1.1657527 5.630742 0.4980140    0 0.0000000
[16,] 1.9427458 0.6671467 0.12676950 0.8678178 3.857418 0.2490070    0 0.0000000
[17,] 0.9502623 0.6671467 0.00000000 1.1646270 5.903518 0.4980140    0 0.0000000
[18,] 0.7672444 0.5386561 0.20371981 1.4001808 5.446651 0.0000000    0 0.0000000
[19,] 2.3703249 3.0935236 0.07695031 0.8619760 3.952444 0.2490070    0 0.0000000
[20,] 1.7449374 1.2250610 0.17658870 0.7341324 3.170823 0.2490070    0 1.1715004
[21,] 1.2560909 0.5386561 0.07695031 0.9819919 4.461290 0.2490070    0 0.0000000
[22,] 1.0396359 0.2347248 0.03847515 1.3708005 5.719427 0.0000000    0 0.0000000
[23,] 2.3400834 2.0607243 0.03847515 1.4040669 5.860471 0.0000000    0 1.1715004
[24,] 2.6782889 0.6671467 0.08829435 1.0860288 4.392253 0.0000000    0 0.0000000
[25,] 0.8587533 0.5386561 0.16524466 1.1940073 4.665029 0.0000000    0 0.0000000
[26,] 0.6422984 0.6671467 0.07695031 1.3702086 6.107258 0.2490070    0 2.1511902
[27,] 0.7672444 0.5386561 0.07695031 1.1996110 5.866811 0.4980140    0 3.6186034
[28,] 0.1671672 0.0000000 0.03847515 0.7758184 4.162524 0.4980140    0 0.0000000
[29,] 2.5974595 0.0000000 0.17658870 0.9184851 3.952444 0.2490070    0 0.0000000
[30,] 2.3400834 1.2250610 0.12676950 1.1721864 4.665029 0.0000000    0 1.1715004
[31,] 0.3343345 0.2347248 0.03847515 1.2840510 7.283050 0.9960281    0 0.0000000
[32,] 3.0725907 0.6671467 0.08829435 0.8040729 3.196812 0.0000000    0 0.0000000
[33,] 0.7672444 0.5386561 0.17658870 1.5467336 6.616103 0.2490070    0 0.0000000
[34,] 4.0650742 2.0607243 0.03847515 1.1221110 4.665029 0.0000000    0 0.0000000
[35,] 2.2031577 0.0000000 0.12676950 1.2922023 5.656731 0.2490070    0 0.0000000
[36,] 0.8724687 0.0000000 0.17658870 1.2647778 5.903518 0.4980140    0 1.1715004
[37,] 2.3400834 2.0607243 0.08829435 0.6421330 2.993072 0.2490070    0 0.0000000
[38,] 2.9810817 0.5386561 0.00000000 0.8740134 3.705657 0.0000000    0 0.0000000
[39,] 0.7672444 0.5386561 0.12676950 1.2141105 5.325636 0.2490070    0 0.0000000
[40,] 2.3400834 1.2250610 0.08829435 1.4966582 7.098959 0.4980140    0 0.0000000
[41,] 5.1949191 3.6471753 0.17658870 1.3623809 6.317338 0.4980140    0 0.4121735
[42,] 0.1671672 0.0000000 0.20371981 0.9895514 4.188513 0.2490070    0 0.0000000
[43,] 2.6782889 3.0935236 0.08829435 0.8040729 4.162524 0.4980140    0 0.0000000
[44,] 1.7449374 1.2250610 0.11542546 1.0038128 3.978434 0.0000000    0 6.4043894
[45,] 1.3475999 0.6671467 0.17658870 1.3204568 5.656731 0.2490070    0 0.9458726
[46,] 1.6347819 0.2347248 0.17658870 1.3623809 5.834481 0.2490070    0 0.0000000
[47,] 1.2560909 0.5386561 0.21506386 0.9403060 3.952444 0.2490070    0 1.1715004
[48,] 3.0725907 0.6671467 0.16524466 1.5402999 7.098959 0.4980140    0 3.6186034
[49,] 2.3400834 2.0607243 0.16524466 1.5959790 7.335028 0.4980140    0 0.0000000
[50,] 0.7672444 0.5386561 0.21506386 1.1022459 4.639040 0.2490070    0 3.6186034
            [,9]
 [1,] 0.59649617
 [2,] 0.17871806
 [3,] 0.89302981
 [4,] 0.50457904
 [5,] 0.82524756
 [6,] 0.14762354
 [7,] 0.33396669
 [8,] 0.44651490
 [9,] 0.33396669
[10,] 0.29996254
[11,] 0.75746531
[12,] 0.33396669
[13,] 0.29996254
[14,] 0.08167717
[15,] 0.47525170
[16,] 0.33396669
[17,] 0.16335434
[18,] 0.13189274
[19,] 0.40746945
[20,] 0.38163971
[21,] 0.21592764
[22,] 0.17871806
[23,] 0.48394796
[24,] 0.46040982
[25,] 0.14762354
[26,] 0.26039523
[27,] 0.38418226
[28,] 0.02873679
[29,] 0.44651490
[30,] 0.48394796
[31,] 0.05747359
[32,] 0.52819207
[33,] 0.13189274
[34,] 0.69880442
[35,] 0.37873266
[36,] 0.23165844
[37,] 0.40227079
[38,] 0.51246127
[39,] 0.13189274
[40,] 0.40227079
[41,] 0.92176660
[42,] 0.02873679
[43,] 0.46040982
[44,] 0.74647744
[45,] 0.29760481
[46,] 0.28102631
[47,] 0.29760481
[48,] 0.78048159
[49,] 0.40227079
[50,] 0.38418226

$Bdatesampinfo
      DATE JULIAN N      Mean     Stdev
1 07/01/11   2008 1 1.3299942        NA
2 08/02/11   2040 1 0.0000000        NA
3 09/16/11   2085 5 0.0000000 0.0000000
4 10/23/11   2122 5 0.1679294 0.2578484
5 11/13/11   2143 4 2.5699608 1.4224822
6 02/10/12   2232 5 0.2659988 0.5947915
7 03/27/12   2278 4 0.0000000 0.0000000
8 04/01/12   2283 3 0.0000000 0.0000000
9 06/19/12   2362 1 0.0000000        NA

$Ndatesampinfo
      DATE JULIAN N       Mean     Stdev
1 07/01/11   2008 1  11.111111        NA
2 08/02/11   2040 1   0.000000        NA
3 09/16/11   2085 5   0.000000   0.00000
4 10/23/11   2122 5  17.777778  25.57970
5 11/13/11   2143 4 172.222222 164.67951
6 02/10/12   2232 5   2.222222   4.96904
7 03/27/12   2278 4   0.000000   0.00000
8 04/01/12   2283 3   0.000000   0.00000
9 06/19/12   2362 1   0.000000        NA

$Bdateboots
           [,1]      [,2] [,3]       [,4]     [,5]      [,6] [,7] [,8]      [,9]
 [1,] 3.9596762 1.3299942    0 0.16792938 2.948203 0.5319977    0    0 0.0000000
 [2,] 0.2548369 1.3299942    0 0.05096739 1.911390 0.2659988    0    0 0.0000000
 [3,] 3.9596762 3.9596762    0 0.23392399 2.700017 0.5319977    0    0 0.0000000
 [4,] 2.2372742 2.2372742    0 0.00000000 2.569961 0.5319977    0    0 0.0000000
 [5,] 3.3585876 3.9596762    0 0.16792938 2.720233 0.0000000    0    0 0.0000000
 [6,] 0.7243050 0.5848100    0 0.23392399 2.139360 0.2659988    0    0 0.0000000
 [7,] 2.2372742 0.7243050    0 0.00000000 3.078259 0.5319977    0    0 0.0000000
 [8,] 3.9596762 0.0000000    0 0.16792938 2.341991 0.2659988    0    0 0.0000000
 [9,] 0.7243050 2.2372742    0 0.05096739 3.659132 0.0000000    0    0 0.0000000
[10,] 1.3299942 1.3299942    0 0.10193478 2.700017 0.2659988    0    0 0.0000000
[11,] 3.3585876 3.3585876    0 0.16792938 1.761118 0.2659988    0    0 0.0000000
[12,] 2.2372742 0.7243050    0 0.10193478 2.948203 1.0639954    0    0 0.0000000
[13,] 1.3299942 1.3299942    0 0.21889677 2.569961 0.0000000    0    0 0.0000000
[14,] 0.7243050 0.0000000    0 0.15290217 2.948203 0.0000000    0    0 0.0000000
[15,] 0.2548369 3.9596762    0 0.15290217 2.569961 0.5319977    0    0 0.0000000
[16,] 2.2372742 0.7243050    0 0.16792938 1.859032 0.2659988    0    0 0.0000000
[17,] 0.7243050 0.7243050    0 0.00000000 2.720233 0.5319977    0    0 0.0000000
[18,] 0.5848100 0.5848100    0 0.26986416 3.000561 0.0000000    0    0 0.0000000
[19,] 0.2548369 3.3585876    0 0.10193478 1.911390 0.2659988    0    0 0.0000000
[20,] 1.3299942 1.3299942    0 0.23392399 1.480790 0.2659988    0    0 0.7243050
[21,] 1.3299942 0.5848100    0 0.10193478 2.191718 0.2659988    0    0 0.0000000
[22,] 1.3299942 0.2548369    0 0.05096739 3.150833 0.0000000    0    0 0.0000000
[23,] 1.3299942 2.2372742    0 0.05096739 3.228531 0.0000000    0    0 0.7243050
[24,] 3.3585876 0.7243050    0 0.11696199 2.419689 0.0000000    0    0 0.0000000
[25,] 0.7243050 0.5848100    0 0.21889677 2.569961 0.0000000    0    0 0.0000000
[26,] 0.2548369 0.7243050    0 0.10193478 3.098475 0.2659988    0    0 1.3299942
[27,] 0.5848100 0.5848100    0 0.10193478 2.700017 0.5319977    0    0 2.2372742
[28,] 0.2548369 0.0000000    0 0.05096739 1.761118 0.5319977    0    0 0.0000000
[29,] 3.9596762 0.0000000    0 0.23392399 1.911390 0.2659988    0    0 0.0000000
[30,] 2.2372742 1.3299942    0 0.16792938 2.569961 0.0000000    0    0 0.7243050
[31,] 0.2548369 0.2548369    0 0.05096739 2.948203 1.0639954    0    0 0.0000000
[32,] 3.9596762 0.7243050    0 0.11696199 1.761118 0.0000000    0    0 0.0000000
[33,] 0.5848100 0.5848100    0 0.23392399 3.378804 0.2659988    0    0 0.0000000
[34,] 3.9596762 2.2372742    0 0.05096739 2.569961 0.0000000    0    0 0.0000000
[35,] 3.3585876 0.0000000    0 0.16792938 2.850289 0.2659988    0    0 0.0000000
[36,] 1.3299942 0.0000000    0 0.23392399 2.720233 0.5319977    0    0 0.7243050
[37,] 1.3299942 2.2372742    0 0.11696199 1.382876 0.2659988    0    0 0.0000000
[38,] 3.9596762 0.5848100    0 0.00000000 2.041446 0.0000000    0    0 0.0000000
[39,] 0.5848100 0.5848100    0 0.16792938 2.667875 0.2659988    0    0 0.0000000
[40,] 2.2372742 1.3299942    0 0.11696199 3.378804 0.5319977    0    0 0.0000000
[41,] 3.9596762 3.9596762    0 0.23392399 2.948203 0.5319977    0    0 0.2548369
[42,] 0.2548369 0.0000000    0 0.26986416 2.041446 0.2659988    0    0 0.0000000
[43,] 0.7243050 3.3585876    0 0.11696199 1.761118 0.5319977    0    0 0.0000000
[44,] 1.3299942 1.3299942    0 0.15290217 2.191718 0.0000000    0    0 3.9596762
[45,] 1.3299942 0.7243050    0 0.23392399 2.850289 0.2659988    0    0 0.5848100
[46,] 2.2372742 0.2548369    0 0.23392399 2.948203 0.2659988    0    0 0.0000000
[47,] 1.3299942 0.5848100    0 0.28489138 1.911390 0.2659988    0    0 0.7243050
[48,] 3.9596762 0.7243050    0 0.21889677 3.378804 0.5319977    0    0 2.2372742
[49,] 1.3299942 2.2372742    0 0.21889677 3.508860 0.5319977    0    0 0.0000000
[50,] 0.5848100 0.5848100    0 0.28489138 2.289632 0.2659988    0    0 2.2372742

$Ndateboots
           [,1]      [,2] [,3]      [,4]      [,5]     [,6] [,7] [,8]      [,9]
 [1,] 266.66667  11.11111    0 17.777778 177.77778 4.444444    0    0   0.00000
 [2,]  33.33333  11.11111    0  6.666667  88.88889 2.222222    0    0   0.00000
 [3,] 266.66667 266.66667    0 22.222222 272.22222 4.444444    0    0   0.00000
 [4,]  44.44444  44.44444    0  0.000000 172.22222 4.444444    0    0   0.00000
 [5,] 355.55556 266.66667    0 17.777778 150.00000 0.000000    0    0   0.00000
 [6,]  22.22222  55.55556    0 22.222222 116.66667 2.222222    0    0   0.00000
 [7,]  44.44444  22.22222    0  0.000000 277.77778 4.444444    0    0   0.00000
 [8,] 266.66667   0.00000    0 17.777778 144.44444 2.222222    0    0   0.00000
 [9,]  22.22222  44.44444    0  6.666667 311.11111 0.000000    0    0   0.00000
[10,]  11.11111  11.11111    0 13.333333 272.22222 2.222222    0    0   0.00000
[11,] 355.55556 355.55556    0 17.777778 111.11111 2.222222    0    0   0.00000
[12,]  44.44444  22.22222    0 13.333333 177.77778 8.888889    0    0   0.00000
[13,]  11.11111  11.11111    0 24.444444 172.22222 0.000000    0    0   0.00000
[14,]  22.22222   0.00000    0 20.000000 177.77778 0.000000    0    0   0.00000
[15,]  33.33333 266.66667    0 20.000000 172.22222 4.444444    0    0   0.00000
[16,]  44.44444  22.22222    0 17.777778  38.88889 2.222222    0    0   0.00000
[17,]  22.22222  22.22222    0  0.000000 150.00000 4.444444    0    0   0.00000
[18,]  55.55556  55.55556    0 31.111111 227.77778 0.000000    0    0   0.00000
[19,]  33.33333 355.55556    0 13.333333  88.88889 2.222222    0    0   0.00000
[20,]  11.11111  11.11111    0 22.222222  33.33333 2.222222    0    0  22.22222
[21,]  11.11111  55.55556    0 13.333333 166.66667 2.222222    0    0   0.00000
[22,]  11.11111  33.33333    0  6.666667 205.55556 0.000000    0    0   0.00000
[23,]  11.11111  44.44444    0  6.666667 255.55556 0.000000    0    0  22.22222
[24,] 355.55556  22.22222    0 11.111111 194.44444 0.000000    0    0   0.00000
[25,]  22.22222  55.55556    0 24.444444 172.22222 0.000000    0    0   0.00000
[26,]  33.33333  22.22222    0 13.333333 155.55556 2.222222    0    0  11.11111
[27,]  55.55556  55.55556    0 13.333333 272.22222 4.444444    0    0  44.44444
[28,]  33.33333   0.00000    0  6.666667 111.11111 4.444444    0    0   0.00000
[29,] 266.66667   0.00000    0 22.222222  88.88889 2.222222    0    0   0.00000
[30,]  44.44444  11.11111    0 17.777778 172.22222 0.000000    0    0  22.22222
[31,]  33.33333  33.33333    0  6.666667 177.77778 8.888889    0    0   0.00000
[32,] 266.66667  22.22222    0 11.111111 111.11111 0.000000    0    0   0.00000
[33,]  55.55556  55.55556    0 22.222222 233.33333 2.222222    0    0   0.00000
[34,] 266.66667  44.44444    0  6.666667 172.22222 0.000000    0    0   0.00000
[35,] 355.55556   0.00000    0 17.777778 250.00000 2.222222    0    0   0.00000
[36,]  11.11111   0.00000    0 22.222222 150.00000 4.444444    0    0  22.22222
[37,]  11.11111  44.44444    0 11.111111 105.55556 2.222222    0    0   0.00000
[38,] 266.66667  55.55556    0  0.000000 188.88889 0.000000    0    0   0.00000
[39,]  55.55556  55.55556    0 17.777778 100.00000 2.222222    0    0   0.00000
[40,]  44.44444  11.11111    0 11.111111 233.33333 4.444444    0    0   0.00000
[41,] 266.66667 266.66667    0 22.222222 177.77778 4.444444    0    0  33.33333
[42,]  33.33333   0.00000    0 31.111111 188.88889 2.222222    0    0   0.00000
[43,]  22.22222 355.55556    0 11.111111 111.11111 4.444444    0    0   0.00000
[44,]  11.11111  11.11111    0 20.000000 166.66667 0.000000    0    0 266.66667
[45,]  11.11111  22.22222    0 22.222222 250.00000 2.222222    0    0  55.55556
[46,]  44.44444  33.33333    0 22.222222 177.77778 2.222222    0    0   0.00000
[47,]  11.11111  55.55556    0 28.888889  88.88889 2.222222    0    0  22.22222
[48,] 266.66667  22.22222    0 24.444444 233.33333 4.444444    0    0  44.44444
[49,]  11.11111  44.44444    0 24.444444 333.33333 4.444444    0    0   0.00000
[50,]  55.55556  55.55556    0 28.888889  94.44444 2.222222    0    0  44.44444

