$totdays
[1] 365

$Psampest
[1] 0.08568178

$Pbootest
     Mean      2.5%       50%     97.5% 
0.3700961 0.0000000 0.3051980 0.8399807 

$Pboots
 [1] 0.21951617 0.30519795 0.00000000 0.77357733 0.00000000 0.72542472 0.46837937
 [8] 0.39087974 0.00000000 0.47334577 0.30519795 0.47656152 0.55406115 0.30519795
[15] 0.21951617 0.34272713 0.25704534 0.68789555 0.30519795 0.30519795 0.55406115
[22] 0.77357733 0.55406115 0.39087974 0.30519795 0.30519795 0.08568178 0.55406115
[29] 0.00000000 0.85925911 0.30519795 0.55406115 0.30519795 0.21951617 0.77357733
[36] 0.21951617 0.00000000 0.08568178 0.63974294 0.17136356 0.21951617 0.55406115
[43] 0.94494089 0.00000000 0.68789555 0.46837937 0.55406115 0.30519795 0.00000000
[50] 0.00000000

$Bboots
 [1] 0.005388889 0.007544444 0.000000000 0.018322222 0.000000000 0.017244444 0.010777778
 [8] 0.009700000 0.000000000 0.005388889 0.007544444 0.011855556 0.012933333 0.007544444
[15] 0.005388889 0.008622222 0.006466667 0.016166667 0.007544444 0.007544444 0.012933333
[22] 0.018322222 0.012933333 0.009700000 0.007544444 0.007544444 0.002155556 0.012933333
[29] 0.000000000 0.020477778 0.007544444 0.012933333 0.007544444 0.005388889 0.018322222
[36] 0.005388889 0.000000000 0.002155556 0.015088889 0.004311111 0.005388889 0.012933333
[43] 0.022633333 0.000000000 0.016166667 0.010777778 0.012933333 0.007544444 0.000000000
[50] 0.000000000

$Nboots
 [1]  2.777778  3.888889  0.000000  9.444444  0.000000  8.888889  5.555556  5.000000
 [9]  0.000000  2.777778  3.888889  6.111111  6.666667  3.888889  2.777778  4.444444
[17]  3.333333  8.333333  3.888889  3.888889  6.666667  9.444444  6.666667  5.000000
[25]  3.888889  3.888889  1.111111  6.666667  0.000000 10.555556  3.888889  6.666667
[33]  3.888889  2.777778  9.444444  2.777778  0.000000  1.111111  7.777778  2.222222
[41]  2.777778  6.666667 11.666667  0.000000  8.333333  5.555556  6.666667  3.888889
[49]  0.000000  0.000000

$julians
[1] 2008 2040 2085 2122 2143 2232 2278 2283 2362

$intdays
[1] 32 45 37 21 89 46  5 79 11

$Pintsampest
[1] 0.00000000 0.04977264 0.03590914 0.00000000 0.00000000 0.00000000 0.00000000
[8] 0.00000000 0.00000000

$Pintboots
           [,1]       [,2]       [,3] [,4] [,5] [,6] [,7]      [,8]       [,9]
 [1,] 0.1871505 0.00000000 0.00000000    0    0    0    0 0.0000000 0.03236567
 [2,] 0.1871505 0.04977264 0.03590914    0    0    0    0 0.0000000 0.03236567
 [3,] 0.0000000 0.00000000 0.00000000    0    0    0    0 0.0000000 0.00000000
 [4,] 0.3743010 0.29863584 0.03590914    0    0    0    0 0.0000000 0.06473133
 [5,] 0.0000000 0.00000000 0.00000000    0    0    0    0 0.0000000 0.00000000
 [6,] 0.1871505 0.39818112 0.10772742    0    0    0    0 0.0000000 0.03236567
 [7,] 0.1871505 0.24886320 0.00000000    0    0    0    0 0.0000000 0.03236567
 [8,] 0.1871505 0.09954528 0.07181828    0    0    0    0 0.0000000 0.03236567
 [9,] 0.0000000 0.00000000 0.00000000    0    0    0    0 0.0000000 0.00000000
[10,] 0.0000000 0.00000000 0.00000000    0    0    0    0 0.4409801 0.03236567
[11,] 0.1871505 0.04977264 0.03590914    0    0    0    0 0.0000000 0.03236567
[12,] 0.1871505 0.14931792 0.10772742    0    0    0    0 0.0000000 0.03236567
[13,] 0.1871505 0.29863584 0.03590914    0    0    0    0 0.0000000 0.03236567
[14,] 0.1871505 0.04977264 0.03590914    0    0    0    0 0.0000000 0.03236567
[15,] 0.1871505 0.00000000 0.00000000    0    0    0    0 0.0000000 0.03236567
[16,] 0.0000000 0.19909056 0.14363657    0    0    0    0 0.0000000 0.00000000
[17,] 0.0000000 0.14931792 0.10772742    0    0    0    0 0.0000000 0.00000000
[18,] 0.3743010 0.24886320 0.00000000    0    0    0    0 0.0000000 0.06473133
[19,] 0.1871505 0.04977264 0.03590914    0    0    0    0 0.0000000 0.03236567
[20,] 0.1871505 0.04977264 0.03590914    0    0    0    0 0.0000000 0.03236567
[21,] 0.1871505 0.29863584 0.03590914    0    0    0    0 0.0000000 0.03236567
[22,] 0.3743010 0.29863584 0.03590914    0    0    0    0 0.0000000 0.06473133
[23,] 0.1871505 0.29863584 0.03590914    0    0    0    0 0.0000000 0.03236567
[24,] 0.1871505 0.09954528 0.07181828    0    0    0    0 0.0000000 0.03236567
[25,] 0.1871505 0.04977264 0.03590914    0    0    0    0 0.0000000 0.03236567
[26,] 0.1871505 0.04977264 0.03590914    0    0    0    0 0.0000000 0.03236567
[27,] 0.0000000 0.04977264 0.03590914    0    0    0    0 0.0000000 0.00000000
[28,] 0.1871505 0.29863584 0.03590914    0    0    0    0 0.0000000 0.03236567
[29,] 0.0000000 0.00000000 0.00000000    0    0    0    0 0.0000000 0.00000000
[30,] 0.3743010 0.34840848 0.07181828    0    0    0    0 0.0000000 0.06473133
[31,] 0.1871505 0.04977264 0.03590914    0    0    0    0 0.0000000 0.03236567
[32,] 0.1871505 0.29863584 0.03590914    0    0    0    0 0.0000000 0.03236567
[33,] 0.1871505 0.04977264 0.03590914    0    0    0    0 0.0000000 0.03236567
[34,] 0.1871505 0.00000000 0.00000000    0    0    0    0 0.0000000 0.03236567
[35,] 0.3743010 0.29863584 0.03590914    0    0    0    0 0.0000000 0.06473133
[36,] 0.1871505 0.00000000 0.00000000    0    0    0    0 0.0000000 0.03236567
[37,] 0.0000000 0.00000000 0.00000000    0    0    0    0 0.0000000 0.00000000
[38,] 0.0000000 0.04977264 0.03590914    0    0    0    0 0.0000000 0.00000000
[39,] 0.1871505 0.34840848 0.07181828    0    0    0    0 0.0000000 0.03236567
[40,] 0.0000000 0.09954528 0.07181828    0    0    0    0 0.0000000 0.00000000
[41,] 0.1871505 0.00000000 0.00000000    0    0    0    0 0.0000000 0.03236567
[42,] 0.1871505 0.29863584 0.03590914    0    0    0    0 0.0000000 0.03236567
[43,] 0.3743010 0.39818112 0.10772742    0    0    0    0 0.0000000 0.06473133
[44,] 0.0000000 0.00000000 0.00000000    0    0    0    0 0.0000000 0.00000000
[45,] 0.3743010 0.24886320 0.00000000    0    0    0    0 0.0000000 0.06473133
[46,] 0.1871505 0.24886320 0.00000000    0    0    0    0 0.0000000 0.03236567
[47,] 0.1871505 0.29863584 0.03590914    0    0    0    0 0.0000000 0.03236567
[48,] 0.1871505 0.04977264 0.03590914    0    0    0    0 0.0000000 0.03236567
[49,] 0.0000000 0.00000000 0.00000000    0    0    0    0 0.0000000 0.00000000
[50,] 0.0000000 0.00000000 0.00000000    0    0    0    0 0.0000000 0.00000000

$Bdatesampinfo
      DATE JULIAN N       Mean      Stdev
1 07/01/11   2008 1 0.00000000         NA
2 08/02/11   2040 1 0.00000000         NA
3 09/16/11   2085 5 0.01724444 0.03855975
4 10/23/11   2122 5 0.00000000 0.00000000
5 11/13/11   2143 4 0.00000000 0.00000000
6 02/10/12   2232 5 0.00000000 0.00000000
7 03/27/12   2278 4 0.00000000 0.00000000
8 04/01/12   2283 3 0.00000000 0.00000000
9 06/19/12   2362 1 0.00000000         NA

$Ndatesampinfo
      DATE JULIAN N     Mean    Stdev
1 07/01/11   2008 1 0.000000       NA
2 08/02/11   2040 1 0.000000       NA
3 09/16/11   2085 5 8.888889 19.87616
4 10/23/11   2122 5 0.000000  0.00000
5 11/13/11   2143 4 0.000000  0.00000
6 02/10/12   2232 5 0.000000  0.00000
7 03/27/12   2278 4 0.000000  0.00000
8 04/01/12   2283 3 0.000000  0.00000
9 06/19/12   2362 1 0.000000       NA

$Bdateboots
            [,1]       [,2]       [,3] [,4] [,5] [,6] [,7] [,8]       [,9]
 [1,] 0.08622222 0.00000000 0.00000000    0    0    0    0    0 0.00000000
 [2,] 0.08622222 0.00000000 0.01724444    0    0    0    0    0 0.00000000
 [3,] 0.00000000 0.00000000 0.00000000    0    0    0    0    0 0.00000000
 [4,] 0.08622222 0.08622222 0.01724444    0    0    0    0    0 0.00000000
 [5,] 0.00000000 0.00000000 0.00000000    0    0    0    0    0 0.00000000
 [6,] 0.00000000 0.08622222 0.05173333    0    0    0    0    0 0.00000000
 [7,] 0.00000000 0.08622222 0.00000000    0    0    0    0    0 0.00000000
 [8,] 0.08622222 0.00000000 0.03448889    0    0    0    0    0 0.00000000
 [9,] 0.00000000 0.00000000 0.00000000    0    0    0    0    0 0.00000000
[10,] 0.00000000 0.00000000 0.00000000    0    0    0    0    0 0.08622222
[11,] 0.08622222 0.00000000 0.01724444    0    0    0    0    0 0.00000000
[12,] 0.08622222 0.00000000 0.05173333    0    0    0    0    0 0.00000000
[13,] 0.00000000 0.08622222 0.01724444    0    0    0    0    0 0.00000000
[14,] 0.08622222 0.00000000 0.01724444    0    0    0    0    0 0.00000000
[15,] 0.08622222 0.00000000 0.00000000    0    0    0    0    0 0.00000000
[16,] 0.00000000 0.00000000 0.06897778    0    0    0    0    0 0.00000000
[17,] 0.00000000 0.00000000 0.05173333    0    0    0    0    0 0.00000000
[18,] 0.08622222 0.08622222 0.00000000    0    0    0    0    0 0.00000000
[19,] 0.08622222 0.00000000 0.01724444    0    0    0    0    0 0.00000000
[20,] 0.08622222 0.00000000 0.01724444    0    0    0    0    0 0.00000000
[21,] 0.00000000 0.08622222 0.01724444    0    0    0    0    0 0.00000000
[22,] 0.08622222 0.08622222 0.01724444    0    0    0    0    0 0.00000000
[23,] 0.00000000 0.08622222 0.01724444    0    0    0    0    0 0.00000000
[24,] 0.08622222 0.00000000 0.03448889    0    0    0    0    0 0.00000000
[25,] 0.08622222 0.00000000 0.01724444    0    0    0    0    0 0.00000000
[26,] 0.08622222 0.00000000 0.01724444    0    0    0    0    0 0.00000000
[27,] 0.00000000 0.00000000 0.01724444    0    0    0    0    0 0.00000000
[28,] 0.00000000 0.08622222 0.01724444    0    0    0    0    0 0.00000000
[29,] 0.00000000 0.00000000 0.00000000    0    0    0    0    0 0.00000000
[30,] 0.08622222 0.08622222 0.03448889    0    0    0    0    0 0.00000000
[31,] 0.08622222 0.00000000 0.01724444    0    0    0    0    0 0.00000000
[32,] 0.00000000 0.08622222 0.01724444    0    0    0    0    0 0.00000000
[33,] 0.08622222 0.00000000 0.01724444    0    0    0    0    0 0.00000000
[34,] 0.08622222 0.00000000 0.00000000    0    0    0    0    0 0.00000000
[35,] 0.08622222 0.08622222 0.01724444    0    0    0    0    0 0.00000000
[36,] 0.08622222 0.00000000 0.00000000    0    0    0    0    0 0.00000000
[37,] 0.00000000 0.00000000 0.00000000    0    0    0    0    0 0.00000000
[38,] 0.00000000 0.00000000 0.01724444    0    0    0    0    0 0.00000000
[39,] 0.00000000 0.08622222 0.03448889    0    0    0    0    0 0.00000000
[40,] 0.00000000 0.00000000 0.03448889    0    0    0    0    0 0.00000000
[41,] 0.08622222 0.00000000 0.00000000    0    0    0    0    0 0.00000000
[42,] 0.00000000 0.08622222 0.01724444    0    0    0    0    0 0.00000000
[43,] 0.08622222 0.08622222 0.05173333    0    0    0    0    0 0.00000000
[44,] 0.00000000 0.00000000 0.00000000    0    0    0    0    0 0.00000000
[45,] 0.08622222 0.08622222 0.00000000    0    0    0    0    0 0.00000000
[46,] 0.00000000 0.08622222 0.00000000    0    0    0    0    0 0.00000000
[47,] 0.00000000 0.08622222 0.01724444    0    0    0    0    0 0.00000000
[48,] 0.08622222 0.00000000 0.01724444    0    0    0    0    0 0.00000000
[49,] 0.00000000 0.00000000 0.00000000    0    0    0    0    0 0.00000000
[50,] 0.00000000 0.00000000 0.00000000    0    0    0    0    0 0.00000000

$Ndateboots
          [,1]     [,2]      [,3] [,4] [,5] [,6] [,7] [,8]     [,9]
 [1,] 44.44444  0.00000  0.000000    0    0    0    0    0  0.00000
 [2,] 44.44444  0.00000  8.888889    0    0    0    0    0  0.00000
 [3,]  0.00000  0.00000  0.000000    0    0    0    0    0  0.00000
 [4,] 44.44444 44.44444  8.888889    0    0    0    0    0  0.00000
 [5,]  0.00000  0.00000  0.000000    0    0    0    0    0  0.00000
 [6,]  0.00000 44.44444 26.666667    0    0    0    0    0  0.00000
 [7,]  0.00000 44.44444  0.000000    0    0    0    0    0  0.00000
 [8,] 44.44444  0.00000 17.777778    0    0    0    0    0  0.00000
 [9,]  0.00000  0.00000  0.000000    0    0    0    0    0  0.00000
[10,]  0.00000  0.00000  0.000000    0    0    0    0    0 44.44444
[11,] 44.44444  0.00000  8.888889    0    0    0    0    0  0.00000
[12,] 44.44444  0.00000 26.666667    0    0    0    0    0  0.00000
[13,]  0.00000 44.44444  8.888889    0    0    0    0    0  0.00000
[14,] 44.44444  0.00000  8.888889    0    0    0    0    0  0.00000
[15,] 44.44444  0.00000  0.000000    0    0    0    0    0  0.00000
[16,]  0.00000  0.00000 35.555556    0    0    0    0    0  0.00000
[17,]  0.00000  0.00000 26.666667    0    0    0    0    0  0.00000
[18,] 44.44444 44.44444  0.000000    0    0    0    0    0  0.00000
[19,] 44.44444  0.00000  8.888889    0    0    0    0    0  0.00000
[20,] 44.44444  0.00000  8.888889    0    0    0    0    0  0.00000
[21,]  0.00000 44.44444  8.888889    0    0    0    0    0  0.00000
[22,] 44.44444 44.44444  8.888889    0    0    0    0    0  0.00000
[23,]  0.00000 44.44444  8.888889    0    0    0    0    0  0.00000
[24,] 44.44444  0.00000 17.777778    0    0    0    0    0  0.00000
[25,] 44.44444  0.00000  8.888889    0    0    0    0    0  0.00000
[26,] 44.44444  0.00000  8.888889    0    0    0    0    0  0.00000
[27,]  0.00000  0.00000  8.888889    0    0    0    0    0  0.00000
[28,]  0.00000 44.44444  8.888889    0    0    0    0    0  0.00000
[29,]  0.00000  0.00000  0.000000    0    0    0    0    0  0.00000
[30,] 44.44444 44.44444 17.777778    0    0    0    0    0  0.00000
[31,] 44.44444  0.00000  8.888889    0    0    0    0    0  0.00000
[32,]  0.00000 44.44444  8.888889    0    0    0    0    0  0.00000
[33,] 44.44444  0.00000  8.888889    0    0    0    0    0  0.00000
[34,] 44.44444  0.00000  0.000000    0    0    0    0    0  0.00000
[35,] 44.44444 44.44444  8.888889    0    0    0    0    0  0.00000
[36,] 44.44444  0.00000  0.000000    0    0    0    0    0  0.00000
[37,]  0.00000  0.00000  0.000000    0    0    0    0    0  0.00000
[38,]  0.00000  0.00000  8.888889    0    0    0    0    0  0.00000
[39,]  0.00000 44.44444 17.777778    0    0    0    0    0  0.00000
[40,]  0.00000  0.00000 17.777778    0    0    0    0    0  0.00000
[41,] 44.44444  0.00000  0.000000    0    0    0    0    0  0.00000
[42,]  0.00000 44.44444  8.888889    0    0    0    0    0  0.00000
[43,] 44.44444 44.44444 26.666667    0    0    0    0    0  0.00000
[44,]  0.00000  0.00000  0.000000    0    0    0    0    0  0.00000
[45,] 44.44444 44.44444  0.000000    0    0    0    0    0  0.00000
[46,]  0.00000 44.44444  0.000000    0    0    0    0    0  0.00000
[47,]  0.00000 44.44444  8.888889    0    0    0    0    0  0.00000
[48,] 44.44444  0.00000  8.888889    0    0    0    0    0  0.00000
[49,]  0.00000  0.00000  0.000000    0    0    0    0    0  0.00000
[50,]  0.00000  0.00000  0.000000    0    0    0    0    0  0.00000

