$totdays
[1] 365

$Psampest
[1] 1.597379

$Pbootest
     Mean      2.5%       50%     97.5% 
 7.353554  0.000000  5.850248 17.671594 

$Pboots
 [1]  7.447627  5.850248  1.597379 14.891570  9.045007 14.836246 14.836246  4.252868
 [9] 10.583377  7.447627  8.985998  1.597379 16.433625  4.252868  1.597379 12.180757
[17]  7.447627 10.583377 14.836246  1.597379  5.850248  0.000000  0.000000  4.252868
[25]  3.194759 10.583377  0.000000  4.252868  1.597379 13.238866  0.000000  4.792138
[33] 14.836246 10.583377  0.000000 14.836246  9.045007  1.597379 18.031005  0.000000
[41] 13.778136 12.180757  5.850248 23.877568  0.000000  3.194759  5.850248  5.850248
[49]  4.252868  5.850248

$Bboots
 [1] 0.18507738 0.14394907 0.04112831 0.24676984 0.22620568 0.34959060 0.34959060
 [8] 0.10282076 0.24676984 0.18507738 0.20564153 0.04112831 0.39071891 0.10282076
[15] 0.04112831 0.28789814 0.18507738 0.24676984 0.34959060 0.04112831 0.14394907
[22] 0.00000000 0.00000000 0.10282076 0.08225661 0.24676984 0.00000000 0.10282076
[29] 0.04112831 0.30846229 0.00000000 0.12338492 0.34959060 0.24676984 0.00000000
[36] 0.34959060 0.22620568 0.04112831 0.43184721 0.00000000 0.32902645 0.28789814
[43] 0.14394907 0.45241137 0.00000000 0.08225661 0.14394907 0.14394907 0.10282076
[50] 0.14394907

$Nboots
 [1] 20.000000 15.555556  4.444444 26.666667 24.444444 37.777778 37.777778 11.111111
 [9] 26.666667 20.000000 22.222222  4.444444 42.222222 11.111111  4.444444 31.111111
[17] 20.000000 26.666667 37.777778  4.444444 15.555556  0.000000  0.000000 11.111111
[25]  8.888889 26.666667  0.000000 11.111111  4.444444 33.333333  0.000000 13.333333
[33] 37.777778 26.666667  0.000000 37.777778 24.444444  4.444444 46.666667  0.000000
[41] 35.555556 31.111111 15.555556 48.888889  0.000000  8.888889 15.555556 15.555556
[49] 11.111111 15.555556

$julians
[1] 2008 2040 2085 2122 2143 2232 2278 2283 2362

$intdays
[1] 32 45 37 21 89 46  5 79 11

$Pintsampest
[1] 0.0000000 0.9466259 0.6507535 0.0000000 0.0000000 0.0000000 0.0000000 0.0000000
[9] 0.0000000

$Pintboots
          [,1]      [,2]      [,3] [,4] [,5] [,6] [,7]     [,8]      [,9]
 [1,] 3.624791 1.8932518 1.3015071    0    0    0    0 0.000000 0.6280779
 [2,] 3.624791 0.9466259 0.6507535    0    0    0    0 0.000000 0.6280779
 [3,] 0.000000 0.9466259 0.6507535    0    0    0    0 0.000000 0.0000000
 [4,] 3.624791 0.9466259 0.6507535    0    0    0    0 8.413244 1.2561558
 [5,] 3.624791 2.8398777 1.9522606    0    0    0    0 0.000000 0.6280779
 [6,] 7.249581 5.6797553 0.6507535    0    0    0    0 0.000000 1.2561558
 [7,] 7.249581 5.6797553 0.6507535    0    0    0    0 0.000000 1.2561558
 [8,] 3.624791 0.0000000 0.0000000    0    0    0    0 0.000000 0.6280779
 [9,] 3.624791 5.6797553 0.6507535    0    0    0    0 0.000000 0.6280779
[10,] 3.624791 1.8932518 1.3015071    0    0    0    0 0.000000 0.6280779
[11,] 3.624791 4.7331294 0.0000000    0    0    0    0 0.000000 0.6280779
[12,] 0.000000 0.9466259 0.6507535    0    0    0    0 0.000000 0.0000000
[13,] 7.249581 6.6263812 1.3015071    0    0    0    0 0.000000 1.2561558
[14,] 3.624791 0.0000000 0.0000000    0    0    0    0 0.000000 0.6280779
[15,] 0.000000 0.9466259 0.6507535    0    0    0    0 0.000000 0.0000000
[16,] 3.624791 6.6263812 1.3015071    0    0    0    0 0.000000 0.6280779
[17,] 3.624791 1.8932518 1.3015071    0    0    0    0 0.000000 0.6280779
[18,] 3.624791 5.6797553 0.6507535    0    0    0    0 0.000000 0.6280779
[19,] 7.249581 5.6797553 0.6507535    0    0    0    0 0.000000 1.2561558
[20,] 0.000000 0.9466259 0.6507535    0    0    0    0 0.000000 0.0000000
[21,] 3.624791 0.9466259 0.6507535    0    0    0    0 0.000000 0.6280779
[22,] 0.000000 0.0000000 0.0000000    0    0    0    0 0.000000 0.0000000
[23,] 0.000000 0.0000000 0.0000000    0    0    0    0 0.000000 0.0000000
[24,] 3.624791 0.0000000 0.0000000    0    0    0    0 0.000000 0.6280779
[25,] 0.000000 1.8932518 1.3015071    0    0    0    0 0.000000 0.0000000
[26,] 3.624791 5.6797553 0.6507535    0    0    0    0 0.000000 0.6280779
[27,] 0.000000 0.0000000 0.0000000    0    0    0    0 0.000000 0.0000000
[28,] 3.624791 0.0000000 0.0000000    0    0    0    0 0.000000 0.6280779
[29,] 0.000000 0.9466259 0.6507535    0    0    0    0 0.000000 0.0000000
[30,] 7.249581 4.7331294 0.0000000    0    0    0    0 0.000000 1.2561558
[31,] 0.000000 0.0000000 0.0000000    0    0    0    0 0.000000 0.0000000
[32,] 0.000000 2.8398777 1.9522606    0    0    0    0 0.000000 0.0000000
[33,] 7.249581 5.6797553 0.6507535    0    0    0    0 0.000000 1.2561558
[34,] 3.624791 5.6797553 0.6507535    0    0    0    0 0.000000 0.6280779
[35,] 0.000000 0.0000000 0.0000000    0    0    0    0 0.000000 0.0000000
[36,] 7.249581 5.6797553 0.6507535    0    0    0    0 0.000000 1.2561558
[37,] 3.624791 2.8398777 1.9522606    0    0    0    0 0.000000 0.6280779
[38,] 0.000000 0.9466259 0.6507535    0    0    0    0 0.000000 0.0000000
[39,] 7.249581 7.5730071 1.9522606    0    0    0    0 0.000000 1.2561558
[40,] 0.000000 0.0000000 0.0000000    0    0    0    0 0.000000 0.0000000
[41,] 3.624791 7.5730071 1.9522606    0    0    0    0 0.000000 0.6280779
[42,] 3.624791 6.6263812 1.3015071    0    0    0    0 0.000000 0.6280779
[43,] 3.624791 0.9466259 0.6507535    0    0    0    0 0.000000 0.6280779
[44,] 7.249581 5.6797553 0.6507535    0    0    0    0 8.413244 1.8842336
[45,] 0.000000 0.0000000 0.0000000    0    0    0    0 0.000000 0.0000000
[46,] 0.000000 1.8932518 1.3015071    0    0    0    0 0.000000 0.0000000
[47,] 3.624791 0.9466259 0.6507535    0    0    0    0 0.000000 0.6280779
[48,] 3.624791 0.9466259 0.6507535    0    0    0    0 0.000000 0.6280779
[49,] 3.624791 0.0000000 0.0000000    0    0    0    0 0.000000 0.6280779
[50,] 3.624791 0.9466259 0.6507535    0    0    0    0 0.000000 0.6280779

$Bdatesampinfo
      DATE JULIAN N      Mean     Stdev
1 07/01/11   2008 1 0.0000000        NA
2 08/02/11   2040 1 0.0000000        NA
3 09/16/11   2085 5 0.3290264 0.7357255
4 10/23/11   2122 5 0.0000000 0.0000000
5 11/13/11   2143 4 0.0000000 0.0000000
6 02/10/12   2232 5 0.0000000 0.0000000
7 03/27/12   2278 4 0.0000000 0.0000000
8 04/01/12   2283 3 0.0000000 0.0000000
9 06/19/12   2362 1 0.0000000        NA

$Ndatesampinfo
      DATE JULIAN N     Mean    Stdev
1 07/01/11   2008 1  0.00000       NA
2 08/02/11   2040 1  0.00000       NA
3 09/16/11   2085 5 35.55556 79.50464
4 10/23/11   2122 5  0.00000  0.00000
5 11/13/11   2143 4  0.00000  0.00000
6 02/10/12   2232 5  0.00000  0.00000
7 03/27/12   2278 4  0.00000  0.00000
8 04/01/12   2283 3  0.00000  0.00000
9 06/19/12   2362 1  0.00000       NA

$Bdateboots
          [,1]     [,2]      [,3] [,4] [,5] [,6] [,7] [,8]     [,9]
 [1,] 1.645132 0.000000 0.6580529    0    0    0    0    0 0.000000
 [2,] 1.645132 0.000000 0.3290264    0    0    0    0    0 0.000000
 [3,] 0.000000 0.000000 0.3290264    0    0    0    0    0 0.000000
 [4,] 1.645132 0.000000 0.3290264    0    0    0    0    0 1.645132
 [5,] 1.645132 0.000000 0.9870793    0    0    0    0    0 0.000000
 [6,] 1.645132 1.645132 0.3290264    0    0    0    0    0 0.000000
 [7,] 1.645132 1.645132 0.3290264    0    0    0    0    0 0.000000
 [8,] 1.645132 0.000000 0.0000000    0    0    0    0    0 0.000000
 [9,] 0.000000 1.645132 0.3290264    0    0    0    0    0 0.000000
[10,] 1.645132 0.000000 0.6580529    0    0    0    0    0 0.000000
[11,] 0.000000 1.645132 0.0000000    0    0    0    0    0 0.000000
[12,] 0.000000 0.000000 0.3290264    0    0    0    0    0 0.000000
[13,] 1.645132 1.645132 0.6580529    0    0    0    0    0 0.000000
[14,] 1.645132 0.000000 0.0000000    0    0    0    0    0 0.000000
[15,] 0.000000 0.000000 0.3290264    0    0    0    0    0 0.000000
[16,] 0.000000 1.645132 0.6580529    0    0    0    0    0 0.000000
[17,] 1.645132 0.000000 0.6580529    0    0    0    0    0 0.000000
[18,] 0.000000 1.645132 0.3290264    0    0    0    0    0 0.000000
[19,] 1.645132 1.645132 0.3290264    0    0    0    0    0 0.000000
[20,] 0.000000 0.000000 0.3290264    0    0    0    0    0 0.000000
[21,] 1.645132 0.000000 0.3290264    0    0    0    0    0 0.000000
[22,] 0.000000 0.000000 0.0000000    0    0    0    0    0 0.000000
[23,] 0.000000 0.000000 0.0000000    0    0    0    0    0 0.000000
[24,] 1.645132 0.000000 0.0000000    0    0    0    0    0 0.000000
[25,] 0.000000 0.000000 0.6580529    0    0    0    0    0 0.000000
[26,] 0.000000 1.645132 0.3290264    0    0    0    0    0 0.000000
[27,] 0.000000 0.000000 0.0000000    0    0    0    0    0 0.000000
[28,] 1.645132 0.000000 0.0000000    0    0    0    0    0 0.000000
[29,] 0.000000 0.000000 0.3290264    0    0    0    0    0 0.000000
[30,] 1.645132 1.645132 0.0000000    0    0    0    0    0 0.000000
[31,] 0.000000 0.000000 0.0000000    0    0    0    0    0 0.000000
[32,] 0.000000 0.000000 0.9870793    0    0    0    0    0 0.000000
[33,] 1.645132 1.645132 0.3290264    0    0    0    0    0 0.000000
[34,] 0.000000 1.645132 0.3290264    0    0    0    0    0 0.000000
[35,] 0.000000 0.000000 0.0000000    0    0    0    0    0 0.000000
[36,] 1.645132 1.645132 0.3290264    0    0    0    0    0 0.000000
[37,] 1.645132 0.000000 0.9870793    0    0    0    0    0 0.000000
[38,] 0.000000 0.000000 0.3290264    0    0    0    0    0 0.000000
[39,] 1.645132 1.645132 0.9870793    0    0    0    0    0 0.000000
[40,] 0.000000 0.000000 0.0000000    0    0    0    0    0 0.000000
[41,] 0.000000 1.645132 0.9870793    0    0    0    0    0 0.000000
[42,] 0.000000 1.645132 0.6580529    0    0    0    0    0 0.000000
[43,] 1.645132 0.000000 0.3290264    0    0    0    0    0 0.000000
[44,] 1.645132 1.645132 0.3290264    0    0    0    0    0 1.645132
[45,] 0.000000 0.000000 0.0000000    0    0    0    0    0 0.000000
[46,] 0.000000 0.000000 0.6580529    0    0    0    0    0 0.000000
[47,] 1.645132 0.000000 0.3290264    0    0    0    0    0 0.000000
[48,] 1.645132 0.000000 0.3290264    0    0    0    0    0 0.000000
[49,] 1.645132 0.000000 0.0000000    0    0    0    0    0 0.000000
[50,] 1.645132 0.000000 0.3290264    0    0    0    0    0 0.000000

$Ndateboots
          [,1]     [,2]      [,3] [,4] [,5] [,6] [,7] [,8]     [,9]
 [1,] 177.7778   0.0000  71.11111    0    0    0    0    0   0.0000
 [2,] 177.7778   0.0000  35.55556    0    0    0    0    0   0.0000
 [3,]   0.0000   0.0000  35.55556    0    0    0    0    0   0.0000
 [4,] 177.7778   0.0000  35.55556    0    0    0    0    0 177.7778
 [5,] 177.7778   0.0000 106.66667    0    0    0    0    0   0.0000
 [6,] 177.7778 177.7778  35.55556    0    0    0    0    0   0.0000
 [7,] 177.7778 177.7778  35.55556    0    0    0    0    0   0.0000
 [8,] 177.7778   0.0000   0.00000    0    0    0    0    0   0.0000
 [9,]   0.0000 177.7778  35.55556    0    0    0    0    0   0.0000
[10,] 177.7778   0.0000  71.11111    0    0    0    0    0   0.0000
[11,]   0.0000 177.7778   0.00000    0    0    0    0    0   0.0000
[12,]   0.0000   0.0000  35.55556    0    0    0    0    0   0.0000
[13,] 177.7778 177.7778  71.11111    0    0    0    0    0   0.0000
[14,] 177.7778   0.0000   0.00000    0    0    0    0    0   0.0000
[15,]   0.0000   0.0000  35.55556    0    0    0    0    0   0.0000
[16,]   0.0000 177.7778  71.11111    0    0    0    0    0   0.0000
[17,] 177.7778   0.0000  71.11111    0    0    0    0    0   0.0000
[18,]   0.0000 177.7778  35.55556    0    0    0    0    0   0.0000
[19,] 177.7778 177.7778  35.55556    0    0    0    0    0   0.0000
[20,]   0.0000   0.0000  35.55556    0    0    0    0    0   0.0000
[21,] 177.7778   0.0000  35.55556    0    0    0    0    0   0.0000
[22,]   0.0000   0.0000   0.00000    0    0    0    0    0   0.0000
[23,]   0.0000   0.0000   0.00000    0    0    0    0    0   0.0000
[24,] 177.7778   0.0000   0.00000    0    0    0    0    0   0.0000
[25,]   0.0000   0.0000  71.11111    0    0    0    0    0   0.0000
[26,]   0.0000 177.7778  35.55556    0    0    0    0    0   0.0000
[27,]   0.0000   0.0000   0.00000    0    0    0    0    0   0.0000
[28,] 177.7778   0.0000   0.00000    0    0    0    0    0   0.0000
[29,]   0.0000   0.0000  35.55556    0    0    0    0    0   0.0000
[30,] 177.7778 177.7778   0.00000    0    0    0    0    0   0.0000
[31,]   0.0000   0.0000   0.00000    0    0    0    0    0   0.0000
[32,]   0.0000   0.0000 106.66667    0    0    0    0    0   0.0000
[33,] 177.7778 177.7778  35.55556    0    0    0    0    0   0.0000
[34,]   0.0000 177.7778  35.55556    0    0    0    0    0   0.0000
[35,]   0.0000   0.0000   0.00000    0    0    0    0    0   0.0000
[36,] 177.7778 177.7778  35.55556    0    0    0    0    0   0.0000
[37,] 177.7778   0.0000 106.66667    0    0    0    0    0   0.0000
[38,]   0.0000   0.0000  35.55556    0    0    0    0    0   0.0000
[39,] 177.7778 177.7778 106.66667    0    0    0    0    0   0.0000
[40,]   0.0000   0.0000   0.00000    0    0    0    0    0   0.0000
[41,]   0.0000 177.7778 106.66667    0    0    0    0    0   0.0000
[42,]   0.0000 177.7778  71.11111    0    0    0    0    0   0.0000
[43,] 177.7778   0.0000  35.55556    0    0    0    0    0   0.0000
[44,] 177.7778 177.7778  35.55556    0    0    0    0    0 177.7778
[45,]   0.0000   0.0000   0.00000    0    0    0    0    0   0.0000
[46,]   0.0000   0.0000  71.11111    0    0    0    0    0   0.0000
[47,] 177.7778   0.0000  35.55556    0    0    0    0    0   0.0000
[48,] 177.7778   0.0000  35.55556    0    0    0    0    0   0.0000
[49,] 177.7778   0.0000   0.00000    0    0    0    0    0   0.0000
[50,] 177.7778   0.0000  35.55556    0    0    0    0    0   0.0000

