$totdays
[1] 365

$Psampest
[1] NA

$Pbootest
    Mean     2.5%      50%    97.5% 
1.427958 0.000000 0.000000 9.238160 

$Pboots
 [1]  0.00000000  6.54094858  1.84254240  0.00000000  0.08726347  0.00000000  0.00000000
 [8]  0.00000000  0.00000000  8.70516444  0.00000000  0.08726347  0.00000000  0.00000000
[15]  0.00000000  0.00000000  0.34905387  0.00000000  0.00000000 12.60478332  0.00000000
[22]  2.14780384  0.00000000  8.87384623  0.00000000  0.00000000  0.00000000  0.00000000
[29]  9.34392820  1.16167922  8.87384623  2.41538694  0.00000000  1.59608807  0.08726347
[36]  0.00000000  0.49773337  0.00000000  0.08726347  0.00000000  0.00000000  0.08726347
[43]  0.00000000  0.00000000  4.44118144  0.00000000  0.00000000  0.00000000  0.00000000
[50]  1.56760536

$Bboots
 [1] 0.000000000 0.225208206 0.071905828 0.000000000 0.005826235 0.000000000 0.000000000
 [8] 0.000000000 0.000000000 0.970773085 0.000000000 0.005826235 0.000000000 0.000000000
[15] 0.000000000 0.000000000 0.023304939 0.000000000 0.000000000 0.730826337 0.000000000
[22] 0.313533790 0.000000000 0.845399143 0.000000000 0.000000000 0.000000000 0.000000000
[29] 0.510137078 0.169581473 0.845399143 0.267167229 0.000000000 0.132142926 0.005826235
[36] 0.000000000 0.305499372 0.000000000 0.005826235 0.000000000 0.000000000 0.005826235
[43] 0.000000000 0.000000000 0.301330571 0.000000000 0.000000000 0.000000000 0.000000000
[50] 0.228837790

$Nboots
 [1]  0.0000000  5.3472222  2.9166667  0.0000000  0.1157407  0.0000000  0.0000000
 [8]  0.0000000  0.0000000 10.3240741  0.0000000  0.1157407  0.0000000  0.0000000
[15]  0.0000000  0.0000000  0.4629630  0.0000000  0.0000000  8.8194444  0.0000000
[22]  6.9907407  0.0000000  2.0833333  0.0000000  0.0000000  0.0000000  0.0000000
[29]  5.5555556  5.0694444  2.0833333 11.5277778  0.0000000  6.4814815  0.1157407
[36]  0.0000000  0.6944444  0.0000000  0.1157407  0.0000000  0.0000000  0.1157407
[43]  0.0000000  0.0000000  2.5462963  0.0000000  0.0000000  0.0000000  0.0000000
[50]  6.1111111

$julians
[1] 2008 2040 2085 2122 2143 2232 2278 2283 2362

$intdays
[1] 32 45 37 21 89 46  5 79 11

$Pintsampest
[1] NA NA NA NA NA NA NA NA NA

$Pintboots
          [,1]     [,2]     [,3]     [,4]     [,5]       [,6]      [,7] [,8] [,9]
 [1,]       NA       NA       NA       NA       NA         NA        NA   NA   NA
 [2,]       NA       NA       NA       NA 6.540949         NA        NA   NA   NA
 [3,]       NA       NA       NA       NA 1.580752 0.26179041        NA   NA   NA
 [4,]       NA       NA       NA       NA       NA         NA        NA   NA   NA
 [5,]       NA       NA       NA       NA       NA 0.08726347        NA   NA   NA
 [6,]       NA       NA       NA       NA       NA         NA        NA   NA   NA
 [7,]       NA       NA       NA       NA       NA         NA        NA   NA   NA
 [8,]       NA       NA       NA       NA       NA         NA        NA   NA   NA
 [9,]       NA       NA       NA       NA       NA         NA        NA   NA   NA
[10,] 5.915897       NA       NA 2.789267       NA         NA        NA   NA   NA
[11,]       NA       NA       NA       NA       NA         NA        NA   NA   NA
[12,] 0.000000       NA       NA       NA       NA 0.08726347        NA   NA   NA
[13,]       NA       NA       NA       NA       NA         NA        NA   NA   NA
[14,]       NA       NA       NA       NA       NA 0.00000000        NA   NA   NA
[15,]       NA       NA       NA       NA       NA         NA        NA   NA   NA
[16,]       NA       NA       NA       NA       NA         NA        NA   NA   NA
[17,]       NA       NA       NA       NA       NA 0.34905387        NA   NA   NA
[18,]       NA       NA       NA       NA       NA         NA        NA   NA   NA
[19,]       NA       NA       NA       NA       NA         NA        NA   NA   NA
[20,]       NA 8.882363       NA       NA 3.722420         NA        NA   NA   NA
[21,]       NA       NA       NA       NA       NA         NA        NA   NA   NA
[22,]       NA       NA       NA 2.147804       NA         NA        NA   NA   NA
[23,]       NA       NA       NA       NA       NA 0.00000000        NA   NA   NA
[24,] 8.873846       NA       NA       NA       NA         NA        NA   NA   NA
[25,]       NA       NA       NA       NA       NA         NA        NA   NA   NA
[26,]       NA       NA       NA       NA       NA         NA        NA   NA   NA
[27,]       NA       NA       NA       NA       NA         NA        NA   NA   NA
[28,]       NA       NA       NA       NA       NA         NA        NA   NA   NA
[29,] 2.957949       NA       NA       NA 6.124189 0.26179041        NA   NA   NA
[30,]       NA       NA       NA 1.161679       NA         NA        NA   NA   NA
[31,] 8.873846       NA       NA       NA       NA         NA        NA   NA   NA
[32,]       NA       NA 1.352004 1.063383       NA         NA        NA   NA   NA
[33,]       NA       NA       NA       NA       NA         NA        NA   NA   NA
[34,]       NA       NA 1.596088       NA       NA         NA        NA   NA   NA
[35,]       NA       NA       NA       NA       NA 0.08726347        NA   NA   NA
[36,]       NA       NA       NA       NA       NA         NA        NA   NA   NA
[37,]       NA       NA       NA       NA       NA         NA 0.4977334   NA   NA
[38,]       NA       NA       NA       NA       NA         NA        NA   NA   NA
[39,]       NA       NA       NA       NA       NA 0.08726347        NA   NA   NA
[40,]       NA       NA       NA       NA       NA         NA        NA   NA   NA
[41,]       NA       NA       NA       NA       NA         NA        NA   NA   NA
[42,]       NA       NA       NA       NA       NA 0.08726347        NA   NA   NA
[43,]       NA       NA       NA       NA       NA         NA        NA   NA   NA
[44,]       NA       NA       NA       NA       NA         NA        NA   NA   NA
[45,]       NA 4.441181       NA       NA       NA         NA        NA   NA   NA
[46,]       NA       NA       NA       NA       NA         NA        NA   NA   NA
[47,]       NA       NA       NA       NA       NA         NA        NA   NA   NA
[48,]       NA       NA       NA       NA       NA         NA        NA   NA   NA
[49,]       NA       NA       NA       NA       NA         NA        NA   NA   NA
[50,]       NA       NA       NA 1.567605       NA         NA        NA   NA   NA

$Bdatesampinfo
      DATE JULIAN N Mean Stdev
1 07/01/11   2008 2   NA    NA
2 08/02/11   2040 3   NA    NA
3 09/16/11   2085 6   NA    NA
4 10/23/11   2122 6   NA    NA
5 11/13/11   2143 5   NA    NA
6 02/10/12   2232 6   NA    NA
7 03/27/12   2278 5   NA    NA
8 04/01/12   2283 4   NA    NA
9 06/19/12   2362 2   NA    NA

$Ndatesampinfo
      DATE JULIAN N Mean Stdev
1 07/01/11   2008 2   NA    NA
2 08/02/11   2040 3   NA    NA
3 09/16/11   2085 6   NA    NA
4 10/23/11   2122 6   NA    NA
5 11/13/11   2143 5   NA    NA
6 02/10/12   2232 6   NA    NA
7 03/27/12   2278 5   NA    NA
8 04/01/12   2283 4   NA    NA
9 06/19/12   2362 2   NA    NA

$Bdateboots
      [,1]      [,2]      [,3]      [,4]      [,5]       [,6] [,7]     [,8] [,9]
 [1,]    0  0.000000 0.0000000 0.0000000 2.0261947 0.00000000    0 0.000000    0
 [2,]    0  0.000000 0.0000000 0.0000000 3.3236720 0.27965927    0 0.000000    0
 [3,]    0  4.508795 0.0000000 0.0000000 0.5911747 0.27965927    0 0.000000    0
 [4,]    0  0.000000 0.0000000 0.0000000 0.0000000 0.09321976    0 0.000000    0
 [5,]    0  0.000000 0.0000000 0.0000000 0.0000000 0.09321976    0 0.000000    0
 [6,]    0  0.000000 0.0000000 0.0000000 0.0000000 0.00000000    0 0.000000    0
 [7,]    0  0.000000 0.0000000 0.0000000 0.0000000 0.00000000    0 0.000000    0
 [8,]    0  4.508795 0.0000000 0.0000000 3.2604541 0.00000000    0 0.000000    0
 [9,]    0  0.000000 0.0000000 0.2726636 0.0000000 0.00000000    0 0.000000    0
[10,]    0  9.017591 0.0000000 0.5218270 5.9929515 0.00000000    0 2.443995    0
[11,]    0  0.000000 0.3124937 0.0000000 0.0000000 0.18643951    0 9.775980    0
[12,]    0  0.000000 0.0000000 0.4078384 0.0000000 0.09321976    0 0.000000    0
[13,]    0  9.017591 0.0000000 0.0000000 0.0000000 0.00000000    0 0.000000    0
[14,]    0  0.000000 0.0000000 0.0000000 0.0000000 0.00000000    0 0.000000    0
[15,]    0  0.000000 0.0000000 0.0000000 1.7278306 0.00000000    0 0.000000    0
[16,]    0  0.000000 0.0000000 1.3816223 0.0000000 0.00000000    0 0.000000    0
[17,]    0  0.000000 0.0000000 0.0000000 0.0000000 0.37287903    0 0.000000    0
[18,]    0  4.508795 0.0000000 0.3001613 0.0000000 0.27965927    0 0.000000    0
[19,]    0  0.000000 0.0000000 0.0000000 0.0000000 0.00000000    0 0.000000    0
[20,]    0  9.017591 0.6249874 0.0000000 1.9574234 0.09321976    0 0.000000    0
[21,]    0  0.000000 0.3124937 0.0000000 0.0000000 0.00000000    0 4.887990    0
[22,]    0  0.000000 0.0000000 0.5218270 4.4947136 0.00000000    0 0.000000    0
[23,]    0  0.000000 0.3124937 0.0000000 0.0000000 0.00000000    0 0.000000    0
[24,]    0 13.526386 0.0000000 0.8809815 0.0000000 0.00000000    0 0.000000    0
[25,]    0  9.017591 0.0000000 0.0000000 3.3236720 0.00000000    0 0.000000    0
[26,]    0  4.508795 0.0000000 0.0000000 0.0000000 0.00000000    0 0.000000    0
[27,]    0  0.000000 0.6249874 0.0000000 0.0000000 0.27965927    0 0.000000    0
[28,]    0  0.000000 0.3124937 0.0000000 0.0000000 0.00000000    0 0.000000    0
[29,]    0  4.508795 0.0000000 0.0000000 3.0940793 0.27965927    0 0.000000    0
[30,]    0  0.000000 0.0000000 0.8534837 1.8598198 0.00000000    0 2.443995    0
[31,]    0 13.526386 0.0000000 0.0000000 0.0000000 0.00000000    0 0.000000    0
[32,]    0  0.000000 0.9374811 0.8534837 1.6302271 0.00000000    0 0.000000    0
[33,]    0  0.000000 0.0000000 0.0000000 0.0000000 0.00000000    0 0.000000    0
[34,]    0  0.000000 0.6249874 1.4892994 0.0000000 0.18643951    0 0.000000    0
[35,]    0  0.000000 0.0000000 0.0000000 0.0000000 0.09321976    0 0.000000    0
[36,]    0  0.000000 0.0000000 0.0000000 0.3959676 0.00000000    0 0.000000    0
[37,]    0  0.000000 0.0000000 0.0000000 0.0000000 0.00000000    0 4.887990    0
[38,]    0  0.000000 0.0000000 0.0000000 0.0000000 0.09321976    0 0.000000    0
[39,]    0  0.000000 0.0000000 0.0000000 0.0000000 0.09321976    0 0.000000    0
[40,]    0  0.000000 0.0000000 0.0000000 0.0000000 0.00000000    0 0.000000    0
[41,]    0  0.000000 0.0000000 0.7394951 0.0000000 0.00000000    0 4.887990    0
[42,]    0  0.000000 0.0000000 0.5493248 0.0000000 0.09321976    0 0.000000    0
[43,]    0  0.000000 0.0000000 0.0000000 3.3924434 0.00000000    0 0.000000    0
[44,]    0  0.000000 0.0000000 0.0000000 0.0000000 0.27965927    0 0.000000    0
[45,]    0  4.508795 0.3124937 0.0000000 0.0000000 0.00000000    0 0.000000    0
[46,]    0  0.000000 0.0000000 0.9886586 0.0000000 0.00000000    0 4.887990    0
[47,]    0 13.526386 0.0000000 0.0000000 0.4935712 0.00000000    0 0.000000    0
[48,]    0  9.017591 0.0000000 0.7119974 0.0000000 0.00000000    0 0.000000    0
[49,]    0  0.000000 0.0000000 0.0000000 0.0000000 0.00000000    0 0.000000    0
[50,]    0  0.000000 0.0000000 0.4353362 3.2260685 0.00000000    0 0.000000    0

$Ndateboots
      [,1]     [,2]     [,3]     [,4]      [,5]     [,6] [,7]      [,8] [,9]
 [1,]    0  0.00000  0.00000  0.00000  66.66667 0.000000    0  0.000000    0
 [2,]    0  0.00000  0.00000  0.00000  80.00000 5.555556    0  0.000000    0
 [3,]    0 11.11111  0.00000  0.00000  35.55556 5.555556    0  0.000000    0
 [4,]    0  0.00000  0.00000  0.00000   0.00000 1.851852    0  0.000000    0
 [5,]    0  0.00000  0.00000  0.00000   0.00000 1.851852    0  0.000000    0
 [6,]    0  0.00000  0.00000  0.00000   0.00000 0.000000    0  0.000000    0
 [7,]    0  0.00000  0.00000  0.00000   0.00000 0.000000    0  0.000000    0
 [8,]    0 11.11111  0.00000  0.00000  80.00000 0.000000    0  0.000000    0
 [9,]    0  0.00000  0.00000 14.81481   0.00000 0.000000    0  0.000000    0
[10,]    0 22.22222  0.00000 18.51852 124.44444 0.000000    0  5.555556    0
[11,]    0  0.00000 29.62963  0.00000   0.00000 3.703704    0 22.222222    0
[12,]    0  0.00000  0.00000 20.37037   0.00000 1.851852    0  0.000000    0
[13,]    0 22.22222  0.00000  0.00000   0.00000 0.000000    0  0.000000    0
[14,]    0  0.00000  0.00000  0.00000   0.00000 0.000000    0  0.000000    0
[15,]    0  0.00000  0.00000  0.00000  44.44444 0.000000    0  0.000000    0
[16,]    0  0.00000  0.00000 40.74074   0.00000 0.000000    0  0.000000    0
[17,]    0  0.00000  0.00000  0.00000   0.00000 7.407407    0  0.000000    0
[18,]    0 11.11111  0.00000 16.66667   0.00000 5.555556    0  0.000000    0
[19,]    0  0.00000  0.00000  0.00000   0.00000 0.000000    0  0.000000    0
[20,]    0 22.22222 59.25926  0.00000  57.77778 1.851852    0  0.000000    0
[21,]    0  0.00000 29.62963  0.00000   0.00000 0.000000    0 11.111111    0
[22,]    0  0.00000  0.00000 18.51852  93.33333 0.000000    0  0.000000    0
[23,]    0  0.00000 29.62963  0.00000   0.00000 0.000000    0  0.000000    0
[24,]    0 33.33333  0.00000 29.62963   0.00000 0.000000    0  0.000000    0
[25,]    0 22.22222  0.00000  0.00000  80.00000 0.000000    0  0.000000    0
[26,]    0 11.11111  0.00000  0.00000   0.00000 0.000000    0  0.000000    0
[27,]    0  0.00000 59.25926  0.00000   0.00000 5.555556    0  0.000000    0
[28,]    0  0.00000 29.62963  0.00000   0.00000 0.000000    0  0.000000    0
[29,]    0 11.11111  0.00000  0.00000  66.66667 5.555556    0  0.000000    0
[30,]    0  0.00000  0.00000 27.77778  53.33333 0.000000    0  5.555556    0
[31,]    0 33.33333  0.00000  0.00000   0.00000 0.000000    0  0.000000    0
[32,]    0  0.00000 88.88889 27.77778  40.00000 0.000000    0  0.000000    0
[33,]    0  0.00000  0.00000  0.00000   0.00000 0.000000    0  0.000000    0
[34,]    0  0.00000 59.25926 44.44444   0.00000 3.703704    0  0.000000    0
[35,]    0  0.00000  0.00000  0.00000   0.00000 1.851852    0  0.000000    0
[36,]    0  0.00000  0.00000  0.00000  26.66667 0.000000    0  0.000000    0
[37,]    0  0.00000  0.00000  0.00000   0.00000 0.000000    0 11.111111    0
[38,]    0  0.00000  0.00000  0.00000   0.00000 1.851852    0  0.000000    0
[39,]    0  0.00000  0.00000  0.00000   0.00000 1.851852    0  0.000000    0
[40,]    0  0.00000  0.00000  0.00000   0.00000 0.000000    0  0.000000    0
[41,]    0  0.00000  0.00000 29.62963   0.00000 0.000000    0 11.111111    0
[42,]    0  0.00000  0.00000 20.37037   0.00000 1.851852    0  0.000000    0
[43,]    0  0.00000  0.00000  0.00000  88.88889 0.000000    0  0.000000    0
[44,]    0  0.00000  0.00000  0.00000   0.00000 5.555556    0  0.000000    0
[45,]    0 11.11111 29.62963  0.00000   0.00000 0.000000    0  0.000000    0
[46,]    0  0.00000  0.00000 33.33333   0.00000 0.000000    0 11.111111    0
[47,]    0 33.33333  0.00000  0.00000  31.11111 0.000000    0  0.000000    0
[48,]    0 22.22222  0.00000 27.77778   0.00000 0.000000    0  0.000000    0
[49,]    0  0.00000  0.00000  0.00000   0.00000 0.000000    0  0.000000    0
[50,]    0  0.00000  0.00000 22.22222  75.55556 0.000000    0  0.000000    0

