$totdays
[1] 365

$Psampest
[1] NA

$Pbootest
    Mean     2.5%      50%    97.5% 
0.787479 0.000000 0.000000 7.230000 

$Pboots
 [1]  0.0000000  3.7761170  0.0000000  0.0000000  0.0552571  0.0000000  0.0000000
 [8]  0.0000000  0.0000000  0.0000000  0.0000000  0.0000000  7.4969770  0.0000000
[15]  0.0000000  0.0000000  0.0000000  4.2069410  0.0000000  0.0000000  0.0000000
[22]  0.0000000  0.0000000  2.1034705  0.0000000  0.0000000  0.0000000  0.0000000
[29]  0.0000000  0.0000000  0.0000000  0.0000000  0.0000000  0.0000000  6.3104115
[36]  0.0000000  0.0000000  0.0000000  0.0000000  0.0000000  0.0000000  0.0000000
[43]  0.0000000  0.0000000  4.2069410  0.0000000 11.2178369  0.0000000  0.0000000
[50]  0.0000000

$Bboots
 [1] 0.00000000 0.08702168 0.00000000 0.00000000 0.00121250 0.00000000 0.00000000
 [8] 0.00000000 0.00000000 0.00000000 0.00000000 0.00000000 0.17283087 0.00000000
[15] 0.00000000 0.00000000 0.00000000 0.08580918 0.00000000 0.00000000 0.00000000
[22] 0.00000000 0.00000000 0.04290459 0.00000000 0.00000000 0.00000000 0.00000000
[29] 0.00000000 0.00000000 0.00000000 0.00000000 0.00000000 0.00000000 0.12871377
[36] 0.00000000 0.00000000 0.00000000 0.00000000 0.00000000 0.00000000 0.00000000
[43] 0.00000000 0.00000000 0.08580918 0.00000000 0.25864005 0.00000000 0.00000000
[50] 0.00000000

$Nboots
 [1]  0.0000000 11.8055556  0.0000000  0.0000000  0.6944444  0.0000000  0.0000000
 [8]  0.0000000  0.0000000  0.0000000  0.0000000  0.0000000 22.9166667  0.0000000
[15]  0.0000000  0.0000000  0.0000000 11.1111111  0.0000000  0.0000000  0.0000000
[22]  0.0000000  0.0000000  5.5555556  0.0000000  0.0000000  0.0000000  0.0000000
[29]  0.0000000  0.0000000  0.0000000  0.0000000  0.0000000  0.0000000 16.6666667
[36]  0.0000000  0.0000000  0.0000000  0.0000000  0.0000000  0.0000000  0.0000000
[43]  0.0000000  0.0000000 11.1111111  0.0000000 34.0277778  0.0000000  0.0000000
[50]  0.0000000

$julians
[1] 2008 2040 2085 2122 2143 2232 2278 2283 2362

$intdays
[1] 32 45 37 21 89 46  5 79 11

$Pintsampest
[1] NA NA NA NA NA NA NA NA NA

$Pintboots
           [,1]     [,2] [,3] [,4] [,5] [,6] [,7] [,8] [,9]
 [1,]        NA       NA   NA   NA   NA   NA   NA   NA   NA
 [2,] 1.6726465 2.103471   NA   NA   NA   NA   NA   NA   NA
 [3,]        NA       NA   NA   NA    0   NA   NA   NA   NA
 [4,]        NA       NA   NA   NA   NA   NA   NA   NA   NA
 [5,] 0.0552571       NA   NA   NA   NA   NA   NA   NA   NA
 [6,]        NA       NA   NA   NA   NA   NA   NA   NA   NA
 [7,]        NA       NA   NA   NA   NA   NA   NA   NA   NA
 [8,]        NA       NA   NA   NA   NA   NA   NA   NA   NA
 [9,]        NA       NA   NA    0    0   NA   NA   NA   NA
[10,]        NA       NA   NA   NA   NA    0   NA   NA   NA
[11,]        NA       NA   NA   NA   NA   NA   NA   NA   NA
[12,]        NA       NA   NA   NA   NA   NA    0   NA   NA
[13,] 3.2900360 4.206941   NA   NA   NA   NA   NA   NA   NA
[14,]        NA       NA   NA   NA   NA   NA   NA   NA   NA
[15,]        NA       NA    0   NA   NA   NA   NA   NA   NA
[16,]        NA       NA   NA   NA    0    0   NA   NA   NA
[17,]        NA       NA   NA   NA   NA   NA   NA   NA   NA
[18,]        NA 4.206941    0    0   NA   NA   NA   NA   NA
[19,]        NA       NA   NA   NA   NA   NA   NA   NA   NA
[20,]        NA       NA    0   NA   NA   NA   NA   NA   NA
[21,]        NA       NA   NA   NA   NA   NA   NA   NA   NA
[22,]        NA       NA   NA    0   NA   NA   NA   NA   NA
[23,]        NA       NA   NA   NA   NA   NA   NA   NA   NA
[24,]        NA 2.103471   NA   NA   NA   NA   NA   NA   NA
[25,]        NA       NA   NA   NA   NA   NA   NA   NA   NA
[26,]        NA       NA   NA   NA   NA   NA   NA   NA   NA
[27,]        NA       NA    0   NA   NA   NA   NA   NA   NA
[28,]        NA       NA    0    0   NA   NA   NA   NA   NA
[29,]        NA       NA   NA   NA    0   NA   NA   NA   NA
[30,]        NA       NA   NA   NA   NA   NA    0    0   NA
[31,]        NA       NA   NA   NA   NA   NA   NA    0   NA
[32,]        NA       NA   NA   NA   NA   NA   NA   NA   NA
[33,]        NA       NA   NA    0   NA   NA   NA   NA   NA
[34,]        NA       NA   NA    0   NA   NA   NA    0   NA
[35,]        NA 6.310412   NA   NA   NA   NA   NA   NA   NA
[36,]        NA       NA   NA   NA   NA   NA   NA    0   NA
[37,]        NA       NA   NA   NA   NA   NA   NA   NA   NA
[38,]        NA       NA   NA   NA    0   NA   NA   NA   NA
[39,]        NA       NA   NA   NA   NA   NA   NA   NA   NA
[40,]        NA       NA   NA   NA   NA   NA   NA   NA   NA
[41,]        NA       NA   NA   NA   NA   NA   NA   NA   NA
[42,]        NA       NA   NA   NA   NA   NA   NA   NA   NA
[43,]        NA       NA   NA   NA   NA   NA   NA   NA   NA
[44,]        NA       NA   NA    0   NA   NA   NA   NA   NA
[45,]        NA 4.206941   NA   NA   NA   NA   NA   NA   NA
[46,]        NA       NA   NA   NA   NA   NA   NA   NA   NA
[47,] 4.9074254 6.310412   NA   NA   NA   NA   NA   NA   NA
[48,]        NA       NA   NA   NA   NA   NA   NA   NA   NA
[49,]        NA       NA   NA   NA   NA   NA    0    0   NA
[50,]        NA       NA   NA   NA   NA   NA   NA   NA   NA

$Bdatesampinfo
      DATE JULIAN N Mean Stdev
1 07/01/11   2008 2   NA    NA
2 08/02/11   2040 3   NA    NA
3 09/16/11   2085 6   NA    NA
4 10/23/11   2122 6   NA    NA
5 11/13/11   2143 5   NA    NA
6 02/10/12   2232 6   NA    NA
7 03/27/12   2278 5   NA    NA
8 04/01/12   2283 4   NA    NA
9 06/19/12   2362 2   NA    NA

$Ndatesampinfo
      DATE JULIAN N Mean Stdev
1 07/01/11   2008 2   NA    NA
2 08/02/11   2040 3   NA    NA
3 09/16/11   2085 6   NA    NA
4 10/23/11   2122 6   NA    NA
5 11/13/11   2143 5   NA    NA
6 02/10/12   2232 6   NA    NA
7 03/27/12   2278 5   NA    NA
8 04/01/12   2283 4   NA    NA
9 06/19/12   2362 2   NA    NA

$Bdateboots
        [,1]      [,2] [,3] [,4] [,5] [,6] [,7] [,8] [,9]
 [1,] 0.0194 0.0000000    0    0    0    0    0    0    0
 [2,] 0.0194 0.6864735    0    0    0    0    0    0    0
 [3,] 0.0194 0.0000000    0    0    0    0    0    0    0
 [4,] 0.0000 0.0000000    0    0    0    0    0    0    0
 [5,] 0.0194 0.0000000    0    0    0    0    0    0    0
 [6,] 0.0000 1.3729469    0    0    0    0    0    0    0
 [7,] 0.0000 0.6864735    0    0    0    0    0    0    0
 [8,] 0.0000 0.0000000    0    0    0    0    0    0    0
 [9,] 0.0000 0.0000000    0    0    0    0    0    0    0
[10,] 0.0194 0.0000000    0    0    0    0    0    0    0
[11,] 0.0000 0.0000000    0    0    0    0    0    0    0
[12,] 0.0000 0.0000000    0    0    0    0    0    0    0
[13,] 0.0194 1.3729469    0    0    0    0    0    0    0
[14,] 0.0194 0.0000000    0    0    0    0    0    0    0
[15,] 0.0000 0.0000000    0    0    0    0    0    0    0
[16,] 0.0000 1.3729469    0    0    0    0    0    0    0
[17,] 0.0000 0.0000000    0    0    0    0    0    0    0
[18,] 0.0000 1.3729469    0    0    0    0    0    0    0
[19,] 0.0000 0.6864735    0    0    0    0    0    0    0
[20,] 0.0000 0.0000000    0    0    0    0    0    0    0
[21,] 0.0000 0.0000000    0    0    0    0    0    0    0
[22,] 0.0000 0.0000000    0    0    0    0    0    0    0
[23,] 0.0000 0.0000000    0    0    0    0    0    0    0
[24,] 0.0000 0.6864735    0    0    0    0    0    0    0
[25,] 0.0000 0.0000000    0    0    0    0    0    0    0
[26,] 0.0000 0.6864735    0    0    0    0    0    0    0
[27,] 0.0000 0.0000000    0    0    0    0    0    0    0
[28,] 0.0000 0.0000000    0    0    0    0    0    0    0
[29,] 0.0000 0.0000000    0    0    0    0    0    0    0
[30,] 0.0000 0.6864735    0    0    0    0    0    0    0
[31,] 0.0000 0.0000000    0    0    0    0    0    0    0
[32,] 0.0194 0.0000000    0    0    0    0    0    0    0
[33,] 0.0000 0.0000000    0    0    0    0    0    0    0
[34,] 0.0194 0.0000000    0    0    0    0    0    0    0
[35,] 0.0000 2.0594204    0    0    0    0    0    0    0
[36,] 0.0000 0.0000000    0    0    0    0    0    0    0
[37,] 0.0000 1.3729469    0    0    0    0    0    0    0
[38,] 0.0000 0.0000000    0    0    0    0    0    0    0
[39,] 0.0000 0.0000000    0    0    0    0    0    0    0
[40,] 0.0000 0.0000000    0    0    0    0    0    0    0
[41,] 0.0000 0.6864735    0    0    0    0    0    0    0
[42,] 0.0000 0.0000000    0    0    0    0    0    0    0
[43,] 0.0000 0.0000000    0    0    0    0    0    0    0
[44,] 0.0000 0.0000000    0    0    0    0    0    0    0
[45,] 0.0000 1.3729469    0    0    0    0    0    0    0
[46,] 0.0000 0.0000000    0    0    0    0    0    0    0
[47,] 0.0194 2.0594204    0    0    0    0    0    0    0
[48,] 0.0000 0.0000000    0    0    0    0    0    0    0
[49,] 0.0194 0.0000000    0    0    0    0    0    0    0
[50,] 0.0194 0.0000000    0    0    0    0    0    0    0

$Ndateboots
          [,1]      [,2] [,3] [,4] [,5] [,6] [,7] [,8] [,9]
 [1,] 11.11111   0.00000    0    0    0    0    0    0    0
 [2,] 11.11111  88.88889    0    0    0    0    0    0    0
 [3,] 11.11111   0.00000    0    0    0    0    0    0    0
 [4,]  0.00000   0.00000    0    0    0    0    0    0    0
 [5,] 11.11111   0.00000    0    0    0    0    0    0    0
 [6,]  0.00000 177.77778    0    0    0    0    0    0    0
 [7,]  0.00000  88.88889    0    0    0    0    0    0    0
 [8,]  0.00000   0.00000    0    0    0    0    0    0    0
 [9,]  0.00000   0.00000    0    0    0    0    0    0    0
[10,] 11.11111   0.00000    0    0    0    0    0    0    0
[11,]  0.00000   0.00000    0    0    0    0    0    0    0
[12,]  0.00000   0.00000    0    0    0    0    0    0    0
[13,] 11.11111 177.77778    0    0    0    0    0    0    0
[14,] 11.11111   0.00000    0    0    0    0    0    0    0
[15,]  0.00000   0.00000    0    0    0    0    0    0    0
[16,]  0.00000 177.77778    0    0    0    0    0    0    0
[17,]  0.00000   0.00000    0    0    0    0    0    0    0
[18,]  0.00000 177.77778    0    0    0    0    0    0    0
[19,]  0.00000  88.88889    0    0    0    0    0    0    0
[20,]  0.00000   0.00000    0    0    0    0    0    0    0
[21,]  0.00000   0.00000    0    0    0    0    0    0    0
[22,]  0.00000   0.00000    0    0    0    0    0    0    0
[23,]  0.00000   0.00000    0    0    0    0    0    0    0
[24,]  0.00000  88.88889    0    0    0    0    0    0    0
[25,]  0.00000   0.00000    0    0    0    0    0    0    0
[26,]  0.00000  88.88889    0    0    0    0    0    0    0
[27,]  0.00000   0.00000    0    0    0    0    0    0    0
[28,]  0.00000   0.00000    0    0    0    0    0    0    0
[29,]  0.00000   0.00000    0    0    0    0    0    0    0
[30,]  0.00000  88.88889    0    0    0    0    0    0    0
[31,]  0.00000   0.00000    0    0    0    0    0    0    0
[32,] 11.11111   0.00000    0    0    0    0    0    0    0
[33,]  0.00000   0.00000    0    0    0    0    0    0    0
[34,] 11.11111   0.00000    0    0    0    0    0    0    0
[35,]  0.00000 266.66667    0    0    0    0    0    0    0
[36,]  0.00000   0.00000    0    0    0    0    0    0    0
[37,]  0.00000 177.77778    0    0    0    0    0    0    0
[38,]  0.00000   0.00000    0    0    0    0    0    0    0
[39,]  0.00000   0.00000    0    0    0    0    0    0    0
[40,]  0.00000   0.00000    0    0    0    0    0    0    0
[41,]  0.00000  88.88889    0    0    0    0    0    0    0
[42,]  0.00000   0.00000    0    0    0    0    0    0    0
[43,]  0.00000   0.00000    0    0    0    0    0    0    0
[44,]  0.00000   0.00000    0    0    0    0    0    0    0
[45,]  0.00000 177.77778    0    0    0    0    0    0    0
[46,]  0.00000   0.00000    0    0    0    0    0    0    0
[47,] 11.11111 266.66667    0    0    0    0    0    0    0
[48,]  0.00000   0.00000    0    0    0    0    0    0    0
[49,] 11.11111   0.00000    0    0    0    0    0    0    0
[50,] 11.11111   0.00000    0    0    0    0    0    0    0

