$totdays
[1] 365

$Psampest
[1] 330.0106

$Pbootest
    Mean     2.5%      50%    97.5% 
404.8487 248.3191 395.8446 581.4154 

$Pboots
 [1] 434.7151 375.9190 364.0157 350.8993 359.0328 414.9515 380.6837 244.2591 423.9275
[10] 585.6241 435.6391 262.3037 554.4399 505.9800 454.7478 354.0891 397.9900 532.2967
[19] 393.2837 379.1565 296.2369 366.4728 293.7649 393.6992 541.9686 314.8065 411.2739
[28] 319.6280 404.7717 467.2849 566.9188 262.9140 338.4891 470.6107 347.2701 291.0488
[37] 432.7225 268.1578 485.1773 383.5223 213.0301 498.0010 456.7863 410.6403 697.3300
[46] 331.5123 337.4815 469.2692 560.7820 406.9072

$Bboots
 [1] 63.16258 53.74515 53.35330 49.75429 49.00633 62.07903 55.61299 35.26652 55.15471
[10] 76.24514 60.42837 36.53135 72.35018 72.37019 58.77145 50.15101 55.65454 60.55786
[19] 49.57028 52.21831 44.71836 51.68825 39.98905 51.65551 69.21511 41.45338 57.26651
[28] 44.00335 58.68531 65.49814 74.83100 38.16146 44.32928 59.20924 46.88860 42.33018
[37] 54.92353 33.92716 63.62365 55.17272 30.24164 66.88046 60.69633 60.05062 85.72588
[46] 48.46716 46.73907 65.92978 64.80149 56.18333

$Nboots
 [1] 104.02778  91.96759 107.38426  85.74074  82.93981 109.74537 101.41204  69.65278
 [9]  86.50463 124.74537  99.83796  76.11111 121.13426 121.59722 116.55093  75.11574
[17]  81.71296  92.45370  92.63889  82.87037  87.24537  83.63426  84.42130 102.43056
[25] 133.03241  52.80093 101.99074  78.75000 103.68056 106.27315 113.88889  83.31019
[33]  91.52778 109.53704  85.02315  79.67593 112.45370  71.52778 113.31019  86.22685
[41]  57.54630 110.32407 118.65741 121.62037 131.43519  88.37963  81.96759 104.93056
[49]  87.61574  84.09722

$julians
[1] 2008 2040 2085 2122 2143 2232 2278 2283 2362

$intdays
[1] 32 45 37 21 89 46  5 79 11

$Pintsampest
[1]  53.9479869 108.4222838  44.1230795  12.0356225  15.3015221   0.5333988   4.5123114
[8]  76.5169199  14.6174815

$Pintboots
           [,1]      [,2]     [,3]      [,4]      [,5]      [,6]      [,7]      [,8]
 [1,]  76.43627 135.09967 47.23083 12.681214  0.000000 0.0000000 8.0276868 132.82438
 [2,]  58.75435  71.53605 45.57357 15.907217 23.387332 0.5333988 8.0276868 132.82438
 [3,]  92.10506 108.86012 44.51538 10.148843  6.179145 0.0000000 4.5123114  76.51692
 [4,]  60.60311 117.86869 44.37113  7.802025 14.264955 0.0000000 5.0107793  84.64915
 [5,]  60.60311 100.66188 35.85024 12.846976 23.387332 0.5333988 4.5123114 103.02515
 [6,]  92.10506 100.57351 66.72854 26.574879  8.252279 1.0667976 4.5123114  92.82190
 [7,]  88.46204 150.16227 61.07843 16.347668  7.215712 0.5333988 0.9969359  38.02317
 [8,]  34.54038  63.79601 36.60464  9.259042  7.215712 0.5333988 4.5123114  76.51692
 [9,]  44.31652  74.83532 41.58602 11.429409 10.158943 1.0667976 8.5261548 209.74543
[10,]  88.46204 142.49024 45.80426 14.157534 19.574003 0.5333988 8.5261548 234.49554
[11,]  92.10506 110.97947 35.67126  4.155230  6.179145 0.0000000 8.0276868 152.06868
[12,]  37.82581  75.97232 35.61553  4.517056 14.431424 1.0667976 4.5123114  76.51692
[13,] 100.22338 137.48012 31.56107  7.967965 25.460465 1.6001964 8.5261548 209.74543
[14,] 124.60611 148.04292 55.44793 17.950787 22.350765 0.0000000 5.0107793 103.89344
[15,] 122.54759 139.51558 34.29387  4.761468  8.252279 1.0667976 0.9969359 114.26583
[16,]  79.79362  93.49121 31.49745 11.673797  9.122377 0.5333988 5.0107793 102.11790
[17,]  65.97376 111.22020 35.01063  6.912223 16.338089 1.0667976 8.0276868 132.82438
[18,]  53.94799 116.09431 39.85038  6.511126 18.244753 1.0667976 4.5123114 264.33864
[19,]  59.56667  69.39184 38.39239 12.709951 16.171620 0.0000000 4.5123114 170.40081
[20,]  36.20715  81.76526 52.43048 12.700696 12.358291 0.0000000 8.0276868 158.38406
[21,]  77.73510  98.36532 46.91295 16.816785 10.158943 1.0667976 1.4954038  28.34168
[22,]  67.55826  65.98337 37.60363 10.148843  6.179145 0.0000000 8.0276868 148.95688
[23,]  83.30116  98.36532 25.33023  7.948377 22.350765 0.0000000 0.4984679  38.93042
[24,]  53.94799 114.06333 48.76670 10.148843  6.179145 0.0000000 4.0138434 137.69096
[25,]  81.24263 121.31789 46.87325  7.743237 20.444101 0.0000000 8.0276868 226.53579
[26,]  36.59891  56.27587 16.73294  6.179035 21.480668 0.5333988 8.0276868 152.06868
[27,] 107.84796 132.78274 26.39994  6.198718 12.358291 0.0000000 4.5123114  95.93370
[28,]  29.40118  87.05236 56.28454 12.436719 14.431424 1.0667976 4.5123114 102.24908
[29,]  86.91942 139.95342 46.05523 11.673797  9.122377 0.5333988 5.0107793  84.64915
[30,]  83.24224 137.39623 40.49822  9.259042  6.179145 0.0000000 8.5261548 156.91662
[31,] 130.24977 118.65150 61.52117 17.608550 17.208187 0.5333988 4.0138434 182.02975
[32,]  38.14094  76.67125 47.15900  9.278630  7.215712 0.5333988 4.0138434  68.55718
[33,]  56.11082 116.51178 47.90861  8.408440  2.073133 1.0667976 0.9969359  89.51573
[34,]  83.63399 139.60395 31.79544  5.660501 17.208187 0.5333988 4.0138434 162.44107
[35,]  53.98225 110.89110 35.13327  7.254460 22.517234 1.0667976 4.5123114  95.93370
[36,]  54.05229 118.65150 51.37665 11.409797 14.264955 0.0000000 1.4954038  28.51417
[37,]  58.75435  86.96847 52.74836 10.921021 16.338089 1.0667976 5.0107793 178.36056
[38,]  42.25799  74.50622 40.20774 10.921021 14.264955 0.0000000 0.0000000  73.59624
[39,] 100.05931 105.51563 45.18127 12.074894  8.252279 1.0667976 5.0107793 178.36056
[40,]  59.08719 100.68225 43.62494 12.094482  7.215712 0.5333988 8.0276868 132.82438
[41,]  31.56401  87.38146 43.18821  6.648247 15.301522 0.5333988 0.9969359  20.55442
[42,]  71.67531  85.06453 59.01868 18.029235 17.374655 1.6001964 8.5261548 209.74543
[43,] 151.37552 103.48017 38.58416 10.735469 12.358291 0.0000000 0.4984679 106.30609
[44,]  78.52906 153.06892 59.98568 15.839280 12.358291 0.0000000 4.0138434  68.55718
[45,] 149.31699 110.82758 39.44091  6.931811 14.264955 0.0000000 8.0276868 320.47362
[46,]  61.86670 108.42228 45.65857  9.542630  0.000000 0.0000000 5.0107793  84.47666
[47,]  62.37262 105.53600 37.04955  6.569986  8.085810 0.0000000 4.5123114  95.93370
[48,]  78.59910 143.10080 46.26856 11.224269  7.215712 0.5333988 8.0276868 150.29314
[49,]  29.50549  81.41580 50.17823 13.042933 20.610570 1.0667976 8.5261548 328.43337
[50,]  62.66163 111.65803 31.90071  6.853363 23.387332 0.5333988 8.5261548 140.78413
           [,9]
 [1,] 22.415083
 [2,] 19.374986
 [3,] 21.177924
 [4,] 16.329469
 [5,] 17.612399
 [6,] 22.316265
 [7,] 17.864109
 [8,] 11.280683
 [9,] 22.262934
[10,] 31.580926
[11,] 26.452609
[12,] 11.845555
[13,] 31.875143
[14,] 28.677218
[15,] 29.047444
[16,] 20.848533
[17,] 20.616236
[18,] 27.730350
[19,] 22.138067
[20,] 17.282851
[21,] 15.343882
[22,] 22.014962
[23,] 17.040127
[24,] 18.888378
[25,] 29.783963
[26,] 16.909294
[27,] 25.240234
[28,] 12.193591
[29,] 20.854100
[30,] 25.267263
[31,] 35.102673
[32,] 11.344023
[33,] 15.896861
[34,] 25.720310
[35,] 15.978965
[36,] 11.284078
[37,] 22.554117
[38,] 12.403682
[39,] 29.655783
[40,] 19.432211
[41,]  6.861898
[42,] 26.966800
[43,] 33.448190
[44,] 18.288054
[45,] 48.046477
[46,] 16.534679
[47,] 17.421542
[48,] 24.006533
[49,] 28.002694
[50,] 20.602488

$Bdatesampinfo
      DATE JULIAN N       Mean      Stdev
1 07/01/11   2008 1   5.291372         NA
2 08/02/11   2040 3 155.279308 121.587235
3 09/16/11   2085 5  74.878833  36.484044
4 10/23/11   2122 5  39.757425  58.582502
5 11/13/11   2143 4  15.418108  18.118566
6 02/10/12   2232 5   1.120363   2.505209
7 03/27/12   2278 4   0.000000   0.000000
8 04/01/12   2283 3  87.085261 126.666819
9 06/19/12   2362 1   5.393363         NA

$Ndatesampinfo
      DATE JULIAN N       Mean     Stdev
1 07/01/11   2008 1  44.444444        NA
2 08/02/11   2040 3 262.962963 234.74003
3 09/16/11   2085 5 217.777778 109.31888
4 10/23/11   2122 5  64.444444  96.03240
5 11/13/11   2143 4  16.666667  19.24501
6 02/10/12   2232 5   2.222222   4.96904
7 03/27/12   2278 4   0.000000   0.00000
8 04/01/12   2283 3  66.666667  96.86442
9 06/19/12   2362 1 144.444444        NA

$Bdateboots
            [,1]      [,2]      [,3]       [,4]      [,5]     [,6] [,7]       [,8]
 [1,]   5.291372 222.21342  64.57531  58.135162  0.000000 0.000000    0 154.930186
 [2,]  92.658259  82.21822  69.63809  48.766723 24.157561 1.120363    0 154.930186
 [3,] 118.861987 155.27931  75.80827  39.847219  6.678656 0.000000    0  87.085261
 [4,]  25.099671 155.27931  94.93163  20.349118 15.418108 0.000000    0  96.705429
 [5,]  25.099671 155.27931  58.40513  34.737491 24.157561 1.120363    0  87.085261
 [6,] 118.861987 155.27931  58.21753 115.149960  6.678656 2.240727    0  87.085261
 [7,]  34.957811 228.34039  90.42310  68.264824  6.678656 1.120363    0  19.240336
 [8,]  26.714623  76.09125  59.33456  35.768060  6.678656 1.120363    0  87.085261
 [9,]  37.431424  94.47216  64.38772  43.656995  8.739453 2.240727    0 164.550354
[10,]  34.957811 228.34039  74.13699  44.867153 20.035967 1.120363    0 164.550354
[11,] 118.861987 155.27931  80.30717  12.370389  6.678656 0.000000    0 154.930186
[12,]  36.493458  76.09125  85.18236   7.350455 13.357311 2.240727    0  87.085261
[13,]  76.091254 222.21342  69.62846  12.370389 24.157561 3.361090    0 164.550354
[14,] 142.536996 228.34039  85.92420  58.135162 24.157561 0.000000    0  96.705429
[15,] 142.536996 222.21342  73.94940  15.149596  6.678656 2.240727    0  19.240336
[16,]  76.091254 161.40628  37.05624  44.777359  8.739453 1.120363    0  96.705429
[17,]  34.957811 161.40628  74.69124  16.269960 15.418108 2.240727    0 154.930186
[18,]   5.291372 155.27931  91.16495  12.370389 17.478905 2.240727    0  87.085261
[19,]  88.949037  88.34519  58.95938  40.787995 17.478905 0.000000    0  87.085261
[20,]  25.548640  82.21822  91.35254  44.867153 13.357311 0.000000    0 154.930186
[21,]  76.091254 155.27931  53.52994  68.354618  8.739453 2.240727    0  28.860504
[22,] 118.861987  82.21822  57.85088  39.847219  6.678656 0.000000    0 154.930186
[23,]  92.658259 155.27931  53.52994  12.280595 24.157561 0.000000    0   9.620168
[24,]   5.291372 155.27931  86.85364  39.847219  6.678656 0.000000    0  77.465093
[25,]  92.658259 149.15234 108.38050  13.400959 22.096764 0.000000    0 154.930186
[26,]  26.714623  82.21822  37.24383   6.230091 22.096764 1.120363    0 154.930186
[27,]  92.658259 228.34039  53.52994  15.059802 13.357311 0.000000    0  87.085261
[28,]   5.291372  82.21822 102.57587  43.656995 13.357311 2.240727    0  87.085261
[29,]  36.493458 222.21342  74.87883  44.777359  8.739453 1.120363    0  96.705429
[30,]  25.548640 222.21342  69.45049  35.768060  6.678656 0.000000    0 164.550354
[31,] 232.395279 155.27931  96.59328  63.244890 17.478905 1.120363    0  77.465093
[32,]  37.431424  76.09125  86.66604  35.857854  6.678656 1.120363    0  77.465093
[33,]   5.601817 161.40628  85.92420  38.547268  0.000000 2.240727    0  19.240336
[34,]  26.714623 222.21342  74.13699   8.470818 17.478905 1.120363    0  77.465093
[35,]   5.393363 155.27931  80.11958  11.160232 22.096764 2.240727    0  87.085261
[36,]   5.601817 155.27931  96.59328  36.888424 15.418108 0.000000    0  28.860504
[37,]  92.658259  82.21822 102.39791  34.647697 15.418108 2.240727    0  96.705429
[38,]  37.431424  88.34519  69.81606  34.647697 15.418108 0.000000    0   0.000000
[39,] 142.536996 155.27931  68.70865  48.676930  6.678656 2.240727    0  96.705429
[40,]  26.714623 149.15234  64.57531  48.766723  6.678656 1.120363    0 154.930186
[41,]   5.601817  88.34519  97.14754  15.059802 15.418108 1.120363    0  19.240336
[42,] 118.861987  94.47216  86.10217  67.234254 15.418108 3.361090    0 164.550354
[43,] 295.274504 155.27931  64.38772  35.857854 13.357311 0.000000    0   9.620168
[44,]   5.393363 228.34039  96.59328  59.255525 13.357311 0.000000    0  77.465093
[45,] 295.274504 149.15234  86.11179  16.359753 15.418108 0.000000    0 154.930186
[46,]  28.860504 155.27931  74.87883  43.746789  0.000000 0.000000    0  96.705429
[47,]  36.493458 149.15234  74.87883  21.379688  8.739453 0.000000    0  87.085261
[48,]   5.601817 228.34039  75.43308  44.777359  6.678656 1.120363    0 154.930186
[49,]   5.601817  82.21822  90.61069  39.757425 20.035967 2.240727    0 164.550354
[50,]  25.099671 161.40628  75.62068   7.260661 24.157561 1.120363    0 164.550354
            [,9]
 [1,]   5.601817
 [2,]   5.601817
 [3,]   5.393363
 [4,]   5.601817
 [5,]  37.431424
 [6,]  25.099671
 [7,]  26.714623
 [8,]   5.393363
 [9,]  88.949037
[10,] 118.861987
[11,]  28.860504
[12,]   5.393363
[13,]  88.949037
[14,]  28.860504
[15,] 118.861987
[16,]  26.714623
[17,]   5.601817
[18,] 232.395279
[19,] 118.861987
[20,]  36.493458
[21,]   5.393363
[22,]  25.099671
[23,]  37.431424
[24,]  88.949037
[25,] 118.861987
[26,]  28.860504
[27,]  28.860504
[28,]  36.493458
[29,]   5.601817
[30,]  25.099671
[31,] 142.536996
[32,]   5.393363
[33,]  88.949037
[34,] 118.861987
[35,]  28.860504
[36,]   5.601817
[37,] 118.861987
[38,]  88.949037
[39,] 118.861987
[40,]   5.601817
[41,]   5.601817
[42,]  88.949037
[43,] 118.861987
[44,]   5.393363
[45,] 232.395279
[46,]   5.393363
[47,]  28.860504
[48,]  26.714623
[49,] 232.395279
[50,]   5.601817

$Ndateboots
           [,1]     [,2]     [,3]       [,4]      [,5]     [,6] [,7]       [,8]
 [1,]  44.44444 403.7037 186.6667  95.555556  0.000000 0.000000    0 118.518519
 [2,] 311.11111 133.3333 217.7778  77.777778 25.000000 2.222222    0 118.518519
 [3,] 311.11111 262.9630 231.1111  62.222222  8.333333 0.000000    0  66.666667
 [4,]  44.44444 262.9630 275.5556  28.888889 16.666667 0.000000    0  74.074074
 [5,]  44.44444 262.9630 173.3333  55.555556 25.000000 2.222222    0  66.666667
 [6,] 311.11111 262.9630 168.8889 188.888889  8.333333 4.444444    0  66.666667
 [7,]  33.33333 392.5926 248.8889 111.111111  8.333333 2.222222    0  14.814815
 [8,]  33.33333 144.4444 186.6667  60.000000  8.333333 2.222222    0  66.666667
 [9,] 111.11111 111.1111 182.2222  71.111111  8.333333 4.444444    0 125.925926
[10,]  33.33333 392.5926 208.8889  71.111111 25.000000 2.222222    0 125.925926
[11,] 311.11111 262.9630 222.2222  20.000000  8.333333 0.000000    0 118.518519
[12,]  88.88889 144.4444 248.8889  11.111111 16.666667 4.444444    0  66.666667
[13,] 144.44444 403.7037 182.2222  20.000000 25.000000 6.666667    0 125.925926
[14,] 233.33333 392.5926 257.7778  95.555556 25.000000 0.000000    0  74.074074
[15,] 233.33333 403.7037 204.4444  24.444444  8.333333 4.444444    0  14.814815
[16,] 144.44444 251.8519 102.2222  73.333333  8.333333 2.222222    0  74.074074
[17,]  33.33333 251.8519 213.3333  26.666667 16.666667 4.444444    0 118.518519
[18,]  44.44444 262.9630 257.7778  20.000000 16.666667 4.444444    0  66.666667
[19,] 266.66667 122.2222 177.7778  68.888889 16.666667 0.000000    0  66.666667
[20,]  33.33333 133.3333 262.2222  71.111111 16.666667 0.000000    0 118.518519
[21,] 144.44444 262.9630 146.6667 108.888889  8.333333 4.444444    0  22.222222
[22,] 311.11111 133.3333 168.8889  62.222222  8.333333 0.000000    0 118.518519
[23,] 311.11111 262.9630 146.6667  22.222222 25.000000 0.000000    0   7.407407
[24,]  44.44444 262.9630 271.1111  62.222222  8.333333 0.000000    0  59.259259
[25,] 311.11111 274.0741 311.1111  24.444444 25.000000 0.000000    0 118.518519
[26,]  33.33333 133.3333 106.6667   8.888889 25.000000 2.222222    0 118.518519
[27,] 311.11111 392.5926 146.6667  26.666667 16.666667 0.000000    0  66.666667
[28,]  44.44444 133.3333 271.1111  71.111111 16.666667 4.444444    0  66.666667
[29,]  88.88889 403.7037 217.7778  73.333333  8.333333 2.222222    0  74.074074
[30,]  33.33333 403.7037 213.3333  60.000000  8.333333 0.000000    0 125.925926
[31,] 177.77778 262.9630 262.2222 102.222222 16.666667 2.222222    0  59.259259
[32,] 111.11111 144.4444 266.6667  57.777778  8.333333 2.222222    0  59.259259
[33,]  11.11111 251.8519 257.7778  64.444444  0.000000 4.444444    0  14.814815
[34,]  33.33333 403.7037 208.8889  13.333333 16.666667 2.222222    0  59.259259
[35,] 144.44444 262.9630 217.7778  20.000000 25.000000 4.444444    0  66.666667
[36,]  11.11111 262.9630 262.2222  62.222222 16.666667 0.000000    0  22.222222
[37,] 311.11111 133.3333 302.2222  57.777778 16.666667 4.444444    0  74.074074
[38,] 111.11111 122.2222 186.6667  57.777778 16.666667 0.000000    0   0.000000
[39,] 233.33333 262.9630 204.4444  80.000000  8.333333 4.444444    0  74.074074
[40,]  33.33333 274.0741 186.6667  77.777778  8.333333 2.222222    0 118.518519
[41,]  11.11111 122.2222 266.6667  26.666667 16.666667 2.222222    0  14.814815
[42,] 311.11111 111.1111 226.6667 106.666667 16.666667 6.666667    0 125.925926
[43,] 533.33333 262.9630 182.2222  57.777778 16.666667 0.000000    0   7.407407
[44,] 144.44444 392.5926 262.2222  97.777778 16.666667 0.000000    0  59.259259
[45,] 533.33333 274.0741 262.2222  24.444444 16.666667 0.000000    0 118.518519
[46,]  22.22222 262.9630 217.7778  68.888889  0.000000 0.000000    0  74.074074
[47,]  88.88889 274.0741 217.7778  33.333333  8.333333 0.000000    0  66.666667
[48,]  11.11111 392.5926 222.2222  73.333333  8.333333 2.222222    0 118.518519
[49,]  11.11111 133.3333 253.3333  64.444444 25.000000 4.444444    0 125.925926
[50,]  44.44444 251.8519 226.6667  13.333333 25.000000 2.222222    0 125.925926
           [,9]
 [1,]  11.11111
 [2,]  11.11111
 [3,] 144.44444
 [4,]  11.11111
 [5,] 111.11111
 [6,]  44.44444
 [7,]  33.33333
 [8,] 144.44444
 [9,] 266.66667
[10,] 311.11111
[11,]  22.22222
[12,] 144.44444
[13,] 266.66667
[14,]  22.22222
[15,] 311.11111
[16,]  33.33333
[17,]  11.11111
[18,] 177.77778
[19,] 311.11111
[20,]  88.88889
[21,] 144.44444
[22,]  44.44444
[23,] 111.11111
[24,] 266.66667
[25,] 311.11111
[26,]  22.22222
[27,]  22.22222
[28,]  88.88889
[29,]  11.11111
[30,]  44.44444
[31,] 233.33333
[32,] 144.44444
[33,] 266.66667
[34,] 311.11111
[35,]  22.22222
[36,]  11.11111
[37,] 311.11111
[38,] 266.66667
[39,] 311.11111
[40,]  11.11111
[41,]  11.11111
[42,] 266.66667
[43,] 311.11111
[44,] 144.44444
[45,] 177.77778
[46,] 144.44444
[47,]  22.22222
[48,]  33.33333
[49,] 177.77778
[50,]  11.11111

