$totdays
[1] 365

$Psampest
[1] NA

$Pbootest
     Mean      2.5%       50%     97.5% 
 2.973923  0.000000  0.000000 27.978338 

$Pboots
 [1]  0.000000000  0.000000000  0.000000000  0.000000000  1.678968471 14.973492994
 [7]  0.000000000  0.000000000  0.000000000  0.000000000  0.000000000  0.011685346
[13]  0.270752265  2.091002575  0.016921625  1.724092804  0.000000000  0.000000000
[19]  0.000000000  0.000000000  0.003690109  0.000000000 23.349214616 44.110220726
[25]  0.839484235  0.000000000  0.453926692  0.000000000  0.000000000  0.000000000
[31]  0.000000000  0.000000000  0.000000000  0.000000000  0.000000000  0.839484235
[37]  0.000000000  0.037533359  0.000000000  0.000000000 29.102472868  0.000000000
[43]  4.585995262  0.000000000  0.000000000 24.106316562  0.500901241  0.000000000
[49]  0.000000000  0.000000000

$Bboots
 [1] 0.000000000 0.000000000 0.000000000 0.000000000 0.010721185 0.411562869 0.000000000
 [8] 0.000000000 0.000000000 0.000000000 0.000000000 0.005541667 0.015078825 0.060324678
[15] 0.000875000 0.013054518 0.000000000 0.000000000 0.000000000 0.000000000 0.001750000
[22] 0.000000000 0.591649496 0.761114353 0.005360592 0.000000000 0.021990982 0.000000000
[29] 0.000000000 0.000000000 0.000000000 0.000000000 0.000000000 0.000000000 0.000000000
[36] 0.005360592 0.000000000 0.003500000 0.000000000 0.000000000 0.525082844 0.000000000
[43] 0.161313358 0.000000000 0.000000000 0.504082066 0.017314936 0.000000000 0.000000000
[50] 0.000000000

$Nboots
 [1]   0.0000000   0.0000000   0.0000000   0.0000000   0.2777778  72.6851852   0.0000000
 [8]   0.0000000   0.0000000   0.0000000   0.0000000   2.6388889   3.5648148  10.6481481
[15]   0.4166667   1.3888889   0.0000000   0.0000000   0.0000000   0.0000000   0.8333333
[22]   0.0000000 107.6388889  78.2407407   0.1388889   0.0000000   3.2407407   0.0000000
[29]   0.0000000   0.0000000   0.0000000   0.0000000   0.0000000   0.0000000   0.0000000
[36]   0.1388889   0.0000000   1.6666667   0.0000000   0.0000000  60.6481481   0.0000000
[43]  29.6296296   0.0000000   0.0000000  65.5092593   4.6296296   0.0000000   0.0000000
[50]   0.0000000

$julians
[1] 2008 2040 2085 2122 2143 2232 2278 2283 2362

$intdays
[1] 32 45 37 21 89 46  5 79 11

$Pintsampest
[1] NA NA NA NA NA NA NA NA NA

$Pintboots
          [,1]     [,2]      [,3]      [,4]      [,5]       [,6]        [,7] [,8] [,9]
 [1,]       NA       NA        NA        NA        NA         NA          NA   NA   NA
 [2,]       NA       NA        NA        NA        NA         NA          NA   NA   NA
 [3,]       NA       NA        NA        NA        NA         NA          NA   NA   NA
 [4,]       NA       NA        NA        NA        NA         NA          NA   NA   NA
 [5,]       NA       NA        NA        NA 1.6789685         NA          NA   NA   NA
 [6,] 4.585995 10.38750        NA        NA        NA         NA          NA   NA   NA
 [7,]       NA       NA        NA        NA        NA         NA          NA   NA   NA
 [8,]       NA       NA        NA        NA        NA         NA          NA   NA   NA
 [9,]       NA       NA        NA        NA        NA         NA          NA   NA   NA
[10,]       NA       NA        NA        NA        NA         NA          NA   NA   NA
[11,]       NA       NA        NA        NA        NA         NA          NA   NA   NA
[12,]       NA       NA        NA        NA        NA         NA 0.011685346   NA   NA
[13,]       NA       NA        NA 0.2269633 0.0000000 0.03948379 0.004305128   NA   NA
[14,]       NA       NA 2.0910026        NA        NA         NA          NA   NA   NA
[15,]       NA       NA        NA        NA        NA 0.01692163          NA   NA   NA
[16,]       NA       NA        NA        NA 1.6789685 0.04512433          NA   NA   NA
[17,]       NA       NA        NA        NA        NA         NA          NA   NA   NA
[18,]       NA       NA        NA        NA        NA         NA          NA   NA   NA
[19,]       NA       NA        NA        NA        NA         NA          NA   NA   NA
[20,]       NA       NA        NA        NA        NA         NA          NA   NA   NA
[21,]       NA       NA        NA        NA        NA         NA 0.003690109    0   NA
[22,]       NA       NA        NA        NA        NA         NA          NA   NA   NA
[23,]       NA 21.27353 2.0756876        NA        NA         NA          NA   NA   NA
[24,]       NA 44.11022        NA        NA        NA         NA          NA   NA   NA
[25,]       NA       NA        NA        NA 0.8394842         NA          NA   NA   NA
[26,]       NA       NA        NA        NA        NA         NA          NA   NA   NA
[27,]       NA       NA        NA 0.4539267 0.0000000         NA          NA   NA   NA
[28,]       NA       NA        NA        NA        NA         NA          NA   NA   NA
[29,]       NA       NA        NA        NA        NA         NA          NA   NA   NA
[30,]       NA       NA        NA        NA        NA         NA          NA   NA   NA
[31,]       NA       NA        NA        NA        NA         NA          NA   NA   NA
[32,]       NA       NA        NA        NA        NA         NA          NA   NA   NA
[33,]       NA       NA        NA        NA        NA         NA          NA   NA   NA
[34,]       NA       NA        NA        NA        NA         NA          NA   NA   NA
[35,]       NA       NA        NA        NA        NA         NA          NA   NA   NA
[36,]       NA       NA        NA        NA 0.8394842         NA          NA   NA   NA
[37,]       NA       NA        NA        NA        NA         NA          NA   NA   NA
[38,]       NA       NA        NA        NA        NA 0.03384325 0.003690109    0   NA
[39,]       NA       NA        NA        NA        NA         NA          NA   NA   NA
[40,]       NA       NA        NA        NA        NA         NA          NA   NA   NA
[41,]       NA 29.10247        NA        NA        NA         NA          NA   NA   NA
[42,]       NA       NA        NA        NA        NA         NA          NA   NA   NA
[43,] 4.585995       NA        NA        NA        NA         NA          NA   NA   NA
[44,]       NA       NA        NA        NA        NA         NA          NA   NA   NA
[45,]       NA       NA        NA        NA        NA         NA          NA   NA   NA
[46,]       NA 15.96467 8.1416503        NA        NA         NA          NA   NA   NA
[47,]       NA       NA 0.5009012        NA        NA         NA          NA    0   NA
[48,]       NA       NA        NA        NA        NA         NA          NA   NA   NA
[49,]       NA       NA        NA        NA        NA         NA          NA   NA   NA
[50,]       NA       NA        NA        NA        NA         NA          NA   NA   NA

$Bdatesampinfo
      DATE JULIAN N Mean Stdev
1 07/01/11   2008 2   NA    NA
2 08/02/11   2040 3   NA    NA
3 09/16/11   2085 6   NA    NA
4 10/23/11   2122 6   NA    NA
5 11/13/11   2143 5   NA    NA
6 02/10/12   2232 6   NA    NA
7 03/27/12   2278 5   NA    NA
8 04/01/12   2283 4   NA    NA
9 06/19/12   2362 2   NA    NA

$Ndatesampinfo
      DATE JULIAN N Mean Stdev
1 07/01/11   2008 2   NA    NA
2 08/02/11   2040 3   NA    NA
3 09/16/11   2085 6   NA    NA
4 10/23/11   2122 6   NA    NA
5 11/13/11   2143 5   NA    NA
6 02/10/12   2232 6   NA    NA
7 03/27/12   2278 5   NA    NA
8 04/01/12   2283 4   NA    NA
9 06/19/12   2362 2   NA    NA

$Bdateboots
      [,1]     [,2]       [,3]        [,4]       [,5] [,6]       [,7] [,8] [,9]
 [1,]    0 5.162027 0.00000000 0.344077942 0.00000000    0 0.00000000    0    0
 [2,]    0 0.000000 0.00000000 0.000000000 0.00000000    0 0.00000000    0    0
 [3,]    0 0.000000 2.36455224 0.000000000 0.17153895    0 0.00000000    0    0
 [4,]    0 0.000000 0.00000000 0.000000000 0.00000000    0 0.00000000    0    0
 [5,]    0 0.000000 0.00000000 0.000000000 0.17153895    0 0.00000000    0    0
 [6,]    0 2.581014 1.42297843 0.000000000 0.00000000    0 0.00000000    0    0
 [7,]    0 0.000000 2.69307462 0.000000000 0.08576948    0 0.00000000    0    0
 [8,]    0 0.000000 0.40630016 0.000000000 0.00000000    0 0.00000000    0    0
 [9,]    0 0.000000 0.00000000 0.000000000 0.00000000    0 0.00000000    0    0
[10,]    0 0.000000 0.00000000 0.000000000 0.00000000    0 0.01400000    0    0
[11,]    0 0.000000 0.00000000 0.000000000 0.34307791    0 0.06066667    0    0
[12,]    0 0.000000 0.00000000 0.015555556 0.00000000    0 0.08866667    0    0
[13,]    0 0.000000 0.00000000 0.175927860 0.00000000    0 0.03266667    0    0
[14,]    0 0.000000 0.77371144 0.191483415 0.00000000    0 0.00000000    0    0
[15,]    0 0.000000 0.00000000 0.000000000 0.00000000    0 0.01400000    0    0
[16,]    0 0.000000 2.68529685 0.000000000 0.17153895    0 0.03733333    0    0
[17,]    0 0.000000 0.00000000 0.000000000 0.00000000    0 0.00000000    0    0
[18,]    0 0.000000 0.00000000 0.000000000 0.00000000    0 0.00000000    0    0
[19,]    0 0.000000 4.22169320 0.000000000 0.00000000    0 0.00000000    0    0
[20,]    0 0.000000 0.00000000 0.168150082 0.00000000    0 0.00000000    0    0
[21,]    0 0.000000 0.00000000 0.015555556 0.00000000    0 0.02800000    0    0
[22,]    0 0.000000 0.00000000 0.000000000 0.00000000    0 0.00000000    0    0
[23,]    0 7.743041 0.77371144 0.175927860 0.00000000    0 0.03733333    0    0
[24,]    0 2.581014 9.59681592 0.000000000 0.00000000    0 0.00000000    0    0
[25,]    0 0.000000 0.00000000 0.000000000 0.08576948    0 0.00000000    0    0
[26,]    0 0.000000 0.00000000 0.000000000 0.00000000    0 0.06066667    0    0
[27,]    0 0.000000 0.00000000 0.351855720 0.00000000    0 0.00000000    0    0
[28,]    0 2.581014 0.00000000 0.000000000 0.00000000    0 0.00000000    0    0
[29,]    0 7.743041 0.00000000 0.000000000 0.00000000    0 0.00000000    0    0
[30,]    0 0.000000 0.00000000 0.000000000 0.00000000    0 0.00000000    0    0
[31,]    0 0.000000 0.00000000 0.000000000 0.00000000    0 0.00000000    0    0
[32,]    0 0.000000 3.90094859 0.000000000 0.08576948    0 0.00000000    0    0
[33,]    0 5.162027 0.00000000 0.000000000 0.00000000    0 0.00000000    0    0
[34,]    0 0.000000 0.00000000 0.000000000 0.00000000    0 0.00000000    0    0
[35,]    0 0.000000 0.00000000 0.359633497 0.00000000    0 0.00000000    0    0
[36,]    0 0.000000 0.00000000 0.000000000 0.08576948    0 0.00000000    0    0
[37,]    0 2.581014 0.00000000 0.000000000 0.00000000    0 0.00000000    0    0
[38,]    0 0.000000 0.09333333 0.000000000 0.00000000    0 0.02800000    0    0
[39,]    0 0.000000 4.22947098 0.000000000 0.00000000    0 0.00000000    0    0
[40,]    0 0.000000 0.00000000 0.000000000 0.00000000    0 0.00000000    0    0
[41,]    0 2.581014 5.82031177 0.000000000 0.00000000    0 0.00000000    0    0
[42,]    0 0.000000 0.00000000 0.000000000 0.00000000    0 0.00000000    0    0
[43,]    0 2.581014 0.00000000 0.175927860 0.00000000    0 0.00000000    0    0
[44,]    0 0.000000 0.00000000 0.000000000 0.08576948    0 0.00000000    0    0
[45,]    0 0.000000 0.00000000 0.672600328 0.00000000    0 0.00000000    0    0
[46,]    0 2.581014 2.65418573 0.175927860 0.00000000    0 0.00000000    0    0
[47,]    0 0.000000 0.09333333 0.183705638 0.00000000    0 0.00000000    0    0
[48,]    0 0.000000 0.00000000 0.175927860 0.00000000    0 0.00000000    0    0
[49,]    0 0.000000 0.00000000 0.007777778 0.00000000    0 0.00000000    0    0
[50,]    0 0.000000 0.00000000 0.000000000 0.00000000    0 0.00000000    0    0

$Ndateboots
      [,1]      [,2]      [,3]      [,4]     [,5] [,6]      [,7] [,8] [,9]
 [1,]    0  948.1481   0.00000 48.148148 0.000000    0  0.000000    0    0
 [2,]    0    0.0000   0.00000  0.000000 0.000000    0  0.000000    0    0
 [3,]    0    0.0000 251.85185  0.000000 4.444444    0  0.000000    0    0
 [4,]    0    0.0000   0.00000  0.000000 0.000000    0  0.000000    0    0
 [5,]    0    0.0000   0.00000  0.000000 4.444444    0  0.000000    0    0
 [6,]    0  474.0741 214.81481  0.000000 0.000000    0  0.000000    0    0
 [7,]    0    0.0000 292.59259  0.000000 2.222222    0  0.000000    0    0
 [8,]    0    0.0000  77.77778  0.000000 0.000000    0  0.000000    0    0
 [9,]    0    0.0000   0.00000  0.000000 0.000000    0  0.000000    0    0
[10,]    0    0.0000   0.00000  0.000000 0.000000    0  6.666667    0    0
[11,]    0    0.0000   0.00000  0.000000 8.888889    0 28.888889    0    0
[12,]    0    0.0000   0.00000  7.407407 0.000000    0 42.222222    0    0
[13,]    0    0.0000   0.00000 25.925926 0.000000    0 15.555556    0    0
[14,]    0    0.0000 137.03704 33.333333 0.000000    0  0.000000    0    0
[15,]    0    0.0000   0.00000  0.000000 0.000000    0  6.666667    0    0
[16,]    0    0.0000 288.88889  0.000000 4.444444    0 17.777778    0    0
[17,]    0    0.0000   0.00000  0.000000 0.000000    0  0.000000    0    0
[18,]    0    0.0000   0.00000  0.000000 0.000000    0  0.000000    0    0
[19,]    0    0.0000 377.77778  0.000000 0.000000    0  0.000000    0    0
[20,]    0    0.0000   0.00000 22.222222 0.000000    0  0.000000    0    0
[21,]    0    0.0000   0.00000  7.407407 0.000000    0 13.333333    0    0
[22,]    0    0.0000   0.00000  0.000000 0.000000    0  0.000000    0    0
[23,]    0 1422.2222 137.03704 25.925926 0.000000    0 17.777778    0    0
[24,]    0  474.0741 777.77778  0.000000 0.000000    0  0.000000    0    0
[25,]    0    0.0000   0.00000  0.000000 2.222222    0  0.000000    0    0
[26,]    0    0.0000   0.00000  0.000000 0.000000    0 28.888889    0    0
[27,]    0    0.0000   0.00000 51.851852 0.000000    0  0.000000    0    0
[28,]    0  474.0741   0.00000  0.000000 0.000000    0  0.000000    0    0
[29,]    0 1422.2222   0.00000  0.000000 0.000000    0  0.000000    0    0
[30,]    0    0.0000   0.00000  0.000000 0.000000    0  0.000000    0    0
[31,]    0    0.0000   0.00000  0.000000 0.000000    0  0.000000    0    0
[32,]    0    0.0000 340.74074  0.000000 2.222222    0  0.000000    0    0
[33,]    0  948.1481   0.00000  0.000000 0.000000    0  0.000000    0    0
[34,]    0    0.0000   0.00000  0.000000 0.000000    0  0.000000    0    0
[35,]    0    0.0000   0.00000 55.555556 0.000000    0  0.000000    0    0
[36,]    0    0.0000   0.00000  0.000000 2.222222    0  0.000000    0    0
[37,]    0  474.0741   0.00000  0.000000 0.000000    0  0.000000    0    0
[38,]    0    0.0000  44.44444  0.000000 0.000000    0 13.333333    0    0
[39,]    0    0.0000 381.48148  0.000000 0.000000    0  0.000000    0    0
[40,]    0    0.0000   0.00000  0.000000 0.000000    0  0.000000    0    0
[41,]    0  474.0741 496.29630  0.000000 0.000000    0  0.000000    0    0
[42,]    0    0.0000   0.00000  0.000000 0.000000    0  0.000000    0    0
[43,]    0  474.0741   0.00000 25.925926 0.000000    0  0.000000    0    0
[44,]    0    0.0000   0.00000  0.000000 2.222222    0  0.000000    0    0
[45,]    0    0.0000   0.00000 88.888889 0.000000    0  0.000000    0    0
[46,]    0  474.0741 274.07407 25.925926 0.000000    0  0.000000    0    0
[47,]    0    0.0000  44.44444 29.629630 0.000000    0  0.000000    0    0
[48,]    0    0.0000   0.00000 25.925926 0.000000    0  0.000000    0    0
[49,]    0    0.0000   0.00000  3.703704 0.000000    0  0.000000    0    0
[50,]    0    0.0000   0.00000  0.000000 0.000000    0  0.000000    0    0

