$totdays
[1] 365

$Psampest
[1] NA

$Pbootest
     Mean      2.5%       50%     97.5% 
0.6360024 0.0000000 0.0000000 5.7946191 

$Pboots
 [1] 0.000000000 0.000000000 0.000000000 0.000000000 1.313046261 6.201937431 0.000000000
 [8] 0.000000000 0.000000000 1.872143774 0.000000000 0.000000000 0.000000000 0.000000000
[15] 0.000000000 0.000000000 0.000000000 0.000000000 0.000000000 2.387492562 1.845851817
[22] 0.000000000 0.000000000 0.000000000 0.000000000 0.468493642 3.735727202 0.000000000
[29] 0.000000000 0.006597028 0.000000000 0.000000000 0.000000000 0.489690072 0.000000000
[36] 0.000000000 0.000000000 0.000000000 0.000000000 0.000000000 2.322457652 0.000000000
[43] 0.000000000 0.000000000 0.000000000 4.391633929 0.000000000 0.000000000 0.000000000
[50] 6.765047198

$Bboots
 [1] 0.000000000 0.000000000 0.000000000 0.000000000 0.174117621 1.786680070 0.000000000
 [8] 0.000000000 0.000000000 0.682426442 0.000000000 0.000000000 0.000000000 0.000000000
[15] 0.000000000 0.000000000 0.000000000 0.000000000 0.000000000 0.760932778 0.461090906
[22] 0.000000000 0.000000000 0.000000000 0.000000000 0.062125000 0.971712462 0.000000000
[29] 0.000000000 0.001701389 0.000000000 0.000000000 0.000000000 0.275463253 0.000000000
[36] 0.000000000 0.000000000 0.000000000 0.000000000 0.000000000 0.722367207 0.000000000
[43] 0.000000000 0.000000000 0.000000000 1.282372873 0.000000000 0.000000000 0.000000000
[50] 1.953842121

$Nboots
 [1]   0.0000000   0.0000000   0.0000000   0.0000000  76.6898148 646.4120370   0.0000000
 [8]   0.0000000   0.0000000 271.8750000   0.0000000   0.0000000   0.0000000   0.0000000
[15]   0.0000000   0.0000000   0.0000000   0.0000000   0.0000000 277.3148148 175.6712963
[22]   0.0000000   0.0000000   0.0000000   0.0000000  29.5833333 257.6388889   0.0000000
[29]   0.0000000   0.8101852   0.0000000   0.0000000   0.0000000  99.5833333   0.0000000
[36]   0.0000000   0.0000000   0.0000000   0.0000000   0.0000000 232.0023148   0.0000000
[43]   0.0000000   0.0000000   0.0000000 486.9212963   0.0000000   0.0000000   0.0000000
[50] 654.9768519

$julians
[1] 2008 2040 2085 2122 2143 2232 2278 2283 2362

$intdays
[1] 32 45 37 21 89 46  5 79 11

$Pintsampest
[1] NA NA NA NA NA NA NA NA NA

$Pintboots
          [,1]     [,2]     [,3]      [,4]      [,5]        [,6] [,7] [,8]      [,9]
 [1,]       NA       NA       NA        NA        NA          NA   NA   NA        NA
 [2,]       NA       NA       NA        NA        NA          NA   NA   NA        NA
 [3,]       NA       NA       NA        NA        NA          NA   NA   NA        NA
 [4,]       NA       NA       NA        NA        NA          NA   NA    0        NA
 [5,]       NA       NA       NA        NA 1.3130463          NA   NA   NA        NA
 [6,] 1.661579 4.540358       NA        NA        NA          NA   NA   NA        NA
 [7,]       NA       NA       NA        NA        NA          NA   NA   NA        NA
 [8,]       NA       NA       NA        NA        NA          NA   NA   NA        NA
 [9,]       NA       NA       NA        NA        NA          NA   NA   NA        NA
[10,] 1.872144       NA       NA        NA        NA          NA   NA   NA        NA
[11,]       NA       NA       NA        NA        NA          NA   NA   NA        NA
[12,]       NA       NA       NA        NA        NA          NA   NA   NA        NA
[13,]       NA       NA       NA        NA        NA          NA   NA   NA        NA
[14,]       NA       NA       NA        NA        NA          NA   NA   NA        NA
[15,]       NA       NA       NA        NA        NA          NA   NA   NA        NA
[16,]       NA       NA       NA        NA        NA          NA   NA   NA        NA
[17,]       NA       NA       NA        NA        NA          NA   NA   NA        NA
[18,]       NA       NA       NA        NA        NA          NA   NA   NA        NA
[19,]       NA       NA       NA        NA        NA          NA   NA   NA        NA
[20,]       NA       NA 2.387493        NA        NA          NA   NA   NA        NA
[21,]       NA       NA       NA 0.4998679 1.3346747 0.011309191    0   NA        NA
[22,]       NA       NA       NA        NA        NA 0.000000000    0   NA        NA
[23,]       NA       NA       NA        NA        NA          NA   NA   NA        NA
[24,]       NA       NA       NA        NA        NA          NA    0   NA        NA
[25,]       NA       NA       NA        NA        NA          NA   NA   NA        NA
[26,]       NA       NA       NA        NA 0.4684936          NA   NA    0        NA
[27,]       NA 3.735727       NA        NA        NA          NA   NA   NA        NA
[28,]       NA       NA       NA        NA        NA          NA   NA   NA        NA
[29,]       NA       NA       NA        NA        NA          NA   NA   NA        NA
[30,]       NA       NA       NA        NA        NA 0.006597028   NA   NA        NA
[31,]       NA       NA       NA        NA        NA          NA   NA   NA        NA
[32,]       NA       NA       NA        NA        NA          NA   NA   NA        NA
[33,]       NA       NA       NA        NA        NA          NA   NA    0        NA
[34,]       NA       NA       NA 0.4896901        NA          NA   NA   NA        NA
[35,]       NA       NA       NA        NA        NA          NA    0   NA        NA
[36,]       NA       NA       NA        NA        NA          NA   NA   NA        NA
[37,]       NA       NA       NA        NA        NA          NA   NA   NA        NA
[38,]       NA       NA       NA        NA        NA          NA    0    0        NA
[39,]       NA       NA       NA        NA        NA          NA   NA   NA        NA
[40,]       NA       NA       NA        NA        NA          NA   NA   NA        NA
[41,] 1.981716       NA       NA        NA        NA          NA   NA    0 0.3407418
[42,]       NA       NA       NA        NA        NA          NA   NA   NA        NA
[43,]       NA       NA       NA        NA        NA          NA   NA    0        NA
[44,]       NA       NA       NA        NA        NA          NA   NA   NA        NA
[45,]       NA       NA       NA        NA        NA          NA   NA   NA        NA
[46,] 1.341443 3.050191       NA        NA        NA          NA   NA   NA        NA
[47,]       NA       NA       NA        NA        NA          NA   NA   NA        NA
[48,]       NA       NA       NA        NA        NA          NA   NA   NA        NA
[49,]       NA       NA       NA        NA        NA          NA    0   NA        NA
[50,] 1.859752 4.905295       NA        NA        NA          NA   NA   NA        NA

$Bdatesampinfo
      DATE JULIAN N Mean Stdev
1 07/01/11   2008 3   NA    NA
2 08/02/11   2040 4   NA    NA
3 09/16/11   2085 6   NA    NA
4 10/23/11   2122 6   NA    NA
5 11/13/11   2143 5   NA    NA
6 02/10/12   2232 6   NA    NA
7 03/27/12   2278 5   NA    NA
8 04/01/12   2283 4   NA    NA
9 06/19/12   2362 2   NA    NA

$Ndatesampinfo
      DATE JULIAN N Mean Stdev
1 07/01/11   2008 3   NA    NA
2 08/02/11   2040 4   NA    NA
3 09/16/11   2085 6   NA    NA
4 10/23/11   2122 6   NA    NA
5 11/13/11   2143 5   NA    NA
6 02/10/12   2232 6   NA    NA
7 03/27/12   2278 5   NA    NA
8 04/01/12   2283 4   NA    NA
9 06/19/12   2362 2   NA    NA

$Bdateboots
          [,1]      [,2]      [,3]      [,4]      [,5]        [,6] [,7] [,8] [,9]
 [1,] 0.000000  9.852326  0.000000 0.8488841 0.0000000 0.000000000    0    0    0
 [2,] 0.000000  0.000000  0.000000 0.0000000 6.3891043 0.000000000    0    0    0
 [3,] 0.000000  0.000000  0.000000 0.0000000 0.0000000 0.031111111    0    0    0
 [4,] 0.000000  0.000000  0.000000 1.3041872 0.0000000 0.000000000    0    0    0
 [5,] 0.000000  0.000000  0.000000 0.0000000 2.7664375 0.019444444    0    0    0
 [6,] 1.705549  7.985209 10.910915 0.0000000 0.0000000 0.000000000    0    0    0
 [7,] 0.000000  0.000000  0.000000 0.0000000 0.0000000 0.000000000    0    0    0
 [8,] 0.000000  0.000000  0.000000 1.0833715 0.0000000 0.035000000    0    0    0
 [9,] 0.000000  0.000000  0.000000 1.0376024 0.0000000 0.000000000    0    0    0
[10,] 0.549758 10.369065  0.000000 0.6537739 0.0000000 0.000000000    0    0    0
[11,] 0.000000  0.000000  0.000000 0.0000000 2.7763959 0.000000000    0    0    0
[12,] 0.000000  0.000000  0.000000 1.3362847 0.0000000 0.000000000    0    0    0
[13,] 2.861341  0.000000  0.000000 1.0118969 0.0000000 0.000000000    0    0    0
[14,] 0.000000  0.000000 13.604740 0.0000000 0.0000000 0.000000000    0    0    0
[15,] 2.861341  0.000000  0.000000 0.0000000 4.5920834 0.000000000    0    0    0
[16,] 0.000000  0.000000  0.000000 1.4216226 0.0000000 0.035000000    0    0    0
[17,] 0.000000  7.985209  0.000000 0.0000000 0.0000000 0.000000000    0    0    0
[18,] 0.000000  0.000000  0.000000 0.8946533 0.0000000 0.023333333    0    0    0
[19,] 0.000000  0.000000 14.276389 0.0000000 0.0000000 0.000000000    0    0    0
[20,] 0.000000  0.000000 11.137322 1.0376024 0.0000000 0.000000000    0    0    0
[21,] 0.000000  0.000000  0.000000 1.7139128 2.7851042 0.046666667    0    0    0
[22,] 0.000000  0.000000  0.000000 0.0000000 0.0000000 0.000000000    0    0    0
[23,] 0.000000  0.000000  0.000000 1.0995161 0.0000000 0.007777778    0    0    0
[24,] 0.000000  4.250974  0.000000 0.0000000 6.3897293 0.000000000    0    0    0
[25,] 4.017132  0.000000  0.000000 1.2743710 0.0000000 0.000000000    0    0    0
[26,] 0.000000  0.000000  0.000000 0.0000000 0.9706667 0.023333333    0    0    0
[27,] 0.000000  5.601352  9.946047 0.0000000 0.0000000 0.000000000    0    0    0
[28,] 0.000000  0.000000  0.000000 0.0000000 0.0000000 0.000000000    0    0    0
[29,] 2.861341  0.000000  0.000000 0.6537739 0.0000000 0.031111111    0    0    0
[30,] 0.000000  0.000000  0.000000 0.0000000 0.0000000 0.027222222    0    0    0
[31,] 0.000000  6.118091  0.000000 1.4216226 0.0000000 0.000000000    0    0    0
[32,] 0.000000  0.000000  0.000000 0.0000000 0.0000000 0.000000000    0    0    0
[33,] 1.705549  0.000000  0.000000 0.0000000 0.0000000 0.000000000    0    0    0
[34,] 0.000000  0.000000  0.000000 1.6583912 2.7490209 0.000000000    0    0    0
[35,] 0.000000  0.000000  0.000000 0.0000000 0.0000000 0.000000000    0    0    0
[36,] 0.000000  0.000000 10.957135 0.0000000 0.0000000 0.035000000    0    0    0
[37,] 0.000000  0.000000  8.997431 0.0000000 0.9687916 0.000000000    0    0    0
[38,] 0.000000  0.000000  0.000000 0.0000000 0.0000000 0.000000000    0    0    0
[39,] 0.000000  0.000000 15.190352 0.0000000 2.7757708 0.000000000    0    0    0
[40,] 0.000000  0.000000  0.000000 0.0000000 0.0000000 0.003888889    0    0    0
[41,] 1.705549  9.852326  0.000000 0.0000000 0.0000000 0.019444444    0    0    0
[42,] 0.000000  1.867117  0.000000 1.2167598 0.0000000 0.000000000    0    0    0
[43,] 0.000000  0.000000  0.000000 1.7139128 0.0000000 0.019444444    0    0    0
[44,] 0.000000  0.000000 11.187882 0.0000000 0.0000000 0.000000000    0    0    0
[45,] 0.000000  0.000000  0.000000 0.9959440 0.0000000 0.000000000    0    0    0
[46,] 1.705549  6.118091  6.576234 0.0000000 0.0000000 0.000000000    0    0    0
[47,] 0.000000  0.000000 14.276389 0.0000000 0.0000000 0.000000000    0    0    0
[48,] 0.000000  0.000000 11.351818 0.0000000 0.0000000 0.000000000    0    0    0
[49,] 0.000000  5.601352  0.000000 0.0000000 2.7757708 0.000000000    0    0    0
[50,] 2.861341  7.985209 12.429716 0.0000000 0.0000000 0.000000000    0    0    0

$Ndateboots
           [,1]      [,2]     [,3]      [,4]      [,5]      [,6] [,7] [,8] [,9]
 [1,]    0.0000 3030.5556    0.000 177.77778    0.0000  0.000000    0    0    0
 [2,]    0.0000    0.0000    0.000   0.00000 2675.5556  0.000000    0    0    0
 [3,]    0.0000    0.0000    0.000   0.00000    0.0000 14.814815    0    0    0
 [4,]    0.0000    0.0000    0.000 331.48148    0.0000  0.000000    0    0    0
 [5,]    0.0000    0.0000    0.000   0.00000 1217.7778  9.259259    0    0    0
 [6,]  681.4815 2652.7778 4355.556   0.00000    0.0000  0.000000    0    0    0
 [7,]    0.0000    0.0000    0.000   0.00000    0.0000  0.000000    0    0    0
 [8,]    0.0000    0.0000    0.000 240.74074    0.0000 16.666667    0    0    0
 [9,]    0.0000    0.0000    0.000 211.11111    0.0000  0.000000    0    0    0
[10,]  177.7778 4172.2222    0.000  59.25926    0.0000  0.000000    0    0    0
[11,]    0.0000    0.0000    0.000   0.00000 1208.8889  0.000000    0    0    0
[12,]    0.0000    0.0000    0.000 388.88889    0.0000  0.000000    0    0    0
[13,] 1185.1852    0.0000    0.000 238.88889    0.0000  0.000000    0    0    0
[14,]    0.0000    0.0000 3233.333   0.00000    0.0000  0.000000    0    0    0
[15,] 1185.1852    0.0000    0.000   0.00000 1946.6667  0.000000    0    0    0
[16,]    0.0000    0.0000    0.000 220.37037    0.0000 16.666667    0    0    0
[17,]    0.0000 2652.7778    0.000   0.00000    0.0000  0.000000    0    0    0
[18,]    0.0000    0.0000    0.000 207.40741    0.0000 11.111111    0    0    0
[19,]    0.0000    0.0000 3474.074   0.00000    0.0000  0.000000    0    0    0
[20,]    0.0000    0.0000 4225.926 211.11111    0.0000  0.000000    0    0    0
[21,]    0.0000    0.0000    0.000 312.96296 1226.6667 22.222222    0    0    0
[22,]    0.0000    0.0000    0.000   0.00000    0.0000  0.000000    0    0    0
[23,]    0.0000    0.0000    0.000 198.14815    0.0000  3.703704    0    0    0
[24,]    0.0000 1897.2222    0.000   0.00000 2662.2222  0.000000    0    0    0
[25,] 1688.8889    0.0000    0.000 401.85185    0.0000  0.000000    0    0    0
[26,]    0.0000    0.0000    0.000   0.00000  462.2222 11.111111    0    0    0
[27,]    0.0000 1133.3333 2988.889   0.00000    0.0000  0.000000    0    0    0
[28,]    0.0000    0.0000    0.000   0.00000    0.0000  0.000000    0    0    0
[29,] 1185.1852    0.0000    0.000  59.25926    0.0000 14.814815    0    0    0
[30,]    0.0000    0.0000    0.000   0.00000    0.0000 12.962963    0    0    0
[31,]    0.0000 2275.0000    0.000 220.37037    0.0000  0.000000    0    0    0
[32,]    0.0000    0.0000    0.000   0.00000    0.0000  0.000000    0    0    0
[33,]  681.4815    0.0000    0.000   0.00000    0.0000  0.000000    0    0    0
[34,]    0.0000    0.0000    0.000 411.11111 1182.2222  0.000000    0    0    0
[35,]    0.0000    0.0000    0.000   0.00000    0.0000  0.000000    0    0    0
[36,]    0.0000    0.0000 2307.407   0.00000    0.0000 16.666667    0    0    0
[37,]    0.0000    0.0000 3614.815   0.00000  502.2222  0.000000    0    0    0
[38,]    0.0000    0.0000    0.000   0.00000    0.0000  0.000000    0    0    0
[39,]    0.0000    0.0000 4122.222   0.00000 1222.2222  0.000000    0    0    0
[40,]    0.0000    0.0000    0.000   0.00000    0.0000  1.851852    0    0    0
[41,]  681.4815 3030.5556    0.000   0.00000    0.0000  9.259259    0    0    0
[42,]    0.0000  377.7778    0.000 229.62963    0.0000  0.000000    0    0    0
[43,]    0.0000    0.0000    0.000 312.96296    0.0000  9.259259    0    0    0
[44,]    0.0000    0.0000 3488.889   0.00000    0.0000  0.000000    0    0    0
[45,]    0.0000    0.0000    0.000 138.88889    0.0000  0.000000    0    0    0
[46,]  681.4815 2275.0000 2559.259   0.00000    0.0000  0.000000    0    0    0
[47,]    0.0000    0.0000 3474.074   0.00000    0.0000  0.000000    0    0    0
[48,]    0.0000    0.0000 3414.815   0.00000    0.0000  0.000000    0    0    0
[49,]    0.0000 1133.3333    0.000   0.00000 1222.2222  0.000000    0    0    0
[50,] 1185.1852 2652.7778 3988.889   0.00000    0.0000  0.000000    0    0    0

