$totdays
[1] 365

$Psampest
[1] NA

$Pbootest
     Mean      2.5%       50%     97.5% 
 6.048236  0.000000  0.000000 38.248536 

$Pboots
 [1] 15.2173865 23.9965559  0.0000000  0.0000000  0.0000000 31.6337189  7.0027008
 [8] 46.7429286  1.7372326  0.0000000  0.0000000 10.1613152  0.0000000 40.1689671
[15]  2.0112821 25.5027858  0.0000000  0.0000000  5.7638699  0.0000000  0.0000000
[22]  0.0000000  0.0000000  5.5921750 30.4347730  0.0000000  2.5166835  0.0000000
[29]  3.6551658  0.0000000  0.0000000  0.0000000  0.4532587  0.0000000  0.0000000
[36]  0.0000000  0.0000000  3.4162875  0.0000000  0.0000000  0.0000000  0.0000000
[43]  8.2717656  6.3071594 17.8306476  0.0000000  3.7789743  1.3661414  0.0000000
[50]  8.8500274

$Bboots
 [1] 0.22584163 0.64564868 0.00000000 0.00000000 0.00000000 0.71570414 0.38031841
 [8] 0.58163213 0.28882278 0.00000000 0.00000000 0.52497711 0.00000000 0.77105105
[15] 0.70051774 0.33644598 0.00000000 0.00000000 0.58372838 0.00000000 0.00000000
[22] 0.00000000 0.00000000 0.11717140 0.45168325 0.00000000 0.71035110 0.00000000
[29] 0.06855119 0.00000000 0.00000000 0.00000000 0.01614366 0.00000000 0.00000000
[36] 0.00000000 0.00000000 0.06204420 0.00000000 0.00000000 0.00000000 0.00000000
[43] 0.45440218 0.17265729 0.84070091 0.00000000 0.13421216 0.47467612 0.00000000
[50] 0.24625793

$Nboots
 [1]   9.3750000 112.0370370   0.0000000   0.0000000   0.0000000 168.9583333  91.0879630
 [8] 150.0925926  13.6111111   0.0000000   0.0000000  46.4583333   0.0000000  58.9120370
[15]  29.7916667  77.8240741   0.0000000   0.0000000  50.1157407   0.0000000   0.0000000
[22]   0.0000000   0.0000000  24.0740741  18.7500000   0.0000000  30.3009259   0.0000000
[29]  27.7777778   0.0000000   0.0000000   0.0000000   0.9490741   0.0000000   0.0000000
[36]   0.0000000   0.0000000  25.0000000   0.0000000   0.0000000   0.0000000   0.0000000
[43] 104.0509259  30.5555556 205.0925926   0.0000000  17.7083333  20.4166667   0.0000000
[50]  38.8888889

$julians
[1] 2008 2040 2085 2122 2143 2232 2278 2283 2362

$intdays
[1] 32 45 37 21 89 46  5 79 11

$Pintsampest
[1] NA NA NA NA NA NA NA NA NA

$Pintboots
          [,1]     [,2]     [,3]      [,4]      [,5]      [,6]       [,7]     [,8] [,9]
 [1,]       NA       NA       NA        NA        NA        NA         NA 15.21739   NA
 [2,] 8.494143 6.777940 8.724472        NA        NA        NA         NA       NA   NA
 [3,]       NA       NA       NA        NA        NA        NA         NA       NA   NA
 [4,]       NA       NA       NA        NA        NA        NA         NA       NA   NA
 [5,]       NA       NA       NA        NA        NA        NA         NA       NA   NA
 [6,]       NA       NA       NA  6.818419 23.865436 0.8740048 0.07585996       NA   NA
 [7,]       NA       NA       NA  7.002701        NA        NA         NA       NA   NA
 [8,]       NA       NA       NA        NA 46.346848 0.3960802         NA       NA   NA
 [9,]       NA       NA       NA        NA        NA 1.0016141 0.73561852       NA   NA
[10,]       NA       NA       NA        NA        NA        NA         NA       NA   NA
[11,]       NA       NA       NA        NA        NA        NA         NA       NA   NA
[12,] 9.409693       NA       NA        NA        NA        NA 0.75162174       NA   NA
[13,]       NA       NA       NA        NA        NA        NA         NA       NA   NA
[14,]       NA       NA 4.367268  2.010529  3.356398        NA         NA 30.43477   NA
[15,]       NA       NA       NA        NA        NA        NA 2.01128211       NA   NA
[16,]       NA       NA       NA        NA 24.769643 0.7331432         NA       NA   NA
[17,]       NA       NA       NA        NA        NA        NA         NA       NA   NA
[18,]       NA       NA       NA        NA        NA        NA         NA       NA   NA
[19,]       NA       NA 4.473588        NA        NA        NA 1.29028143       NA   NA
[20,]       NA       NA       NA        NA        NA        NA         NA       NA   NA
[21,]       NA       NA       NA        NA        NA        NA         NA       NA   NA
[22,]       NA       NA       NA        NA        NA        NA         NA       NA   NA
[23,]       NA       NA       NA        NA        NA        NA         NA       NA   NA
[24,]       NA 5.592175       NA        NA        NA        NA         NA       NA   NA
[25,]       NA       NA       NA        NA        NA        NA         NA 30.43477   NA
[26,]       NA       NA       NA        NA        NA        NA         NA       NA   NA
[27,]       NA       NA       NA        NA        NA 0.5360225 1.98066105       NA   NA
[28,]       NA       NA       NA        NA        NA        NA         NA       NA   NA
[29,]       NA 3.655166       NA        NA        NA        NA         NA       NA   NA
[30,]       NA       NA       NA        NA        NA        NA         NA       NA   NA
[31,]       NA       NA       NA        NA        NA        NA         NA       NA   NA
[32,]       NA       NA       NA        NA        NA        NA         NA       NA   NA
[33,]       NA       NA       NA        NA        NA 0.4532587         NA       NA   NA
[34,]       NA       NA       NA        NA        NA        NA         NA       NA   NA
[35,]       NA       NA       NA        NA        NA        NA         NA       NA   NA
[36,]       NA       NA       NA        NA        NA        NA         NA       NA   NA
[37,]       NA       NA       NA        NA        NA        NA         NA       NA   NA
[38,]       NA 3.416287       NA        NA        NA        NA         NA       NA   NA
[39,]       NA       NA       NA        NA        NA        NA         NA       NA   NA
[40,]       NA       NA       NA        NA        NA        NA         NA       NA   NA
[41,]       NA       NA       NA        NA        NA        NA         NA       NA   NA
[42,]       NA       NA       NA        NA        NA        NA         NA       NA   NA
[43,]       NA       NA       NA  8.271766        NA        NA         NA       NA   NA
[44,] 6.307159       NA       NA        NA        NA        NA         NA       NA   NA
[45,]       NA       NA 4.808011 13.022637        NA        NA         NA       NA   NA
[46,]       NA       NA       NA        NA        NA        NA         NA       NA   NA
[47,]       NA       NA       NA  1.654705  2.124269        NA         NA       NA   NA
[48,]       NA       NA       NA        NA        NA        NA 1.36614140       NA   NA
[49,]       NA       NA       NA        NA        NA        NA         NA       NA   NA
[50,] 8.850027       NA       NA        NA        NA        NA         NA       NA   NA

$Bdatesampinfo
      DATE JULIAN N Mean Stdev
1 07/01/11   2008 2   NA    NA
2 08/02/11   2040 4   NA    NA
3 09/16/11   2085 6   NA    NA
4 10/23/11   2122 6   NA    NA
5 11/13/11   2143 6   NA    NA
6 02/10/12   2232 6   NA    NA
7 03/27/12   2278 5   NA    NA
8 04/01/12   2283 4   NA    NA
9 06/19/12   2362 2   NA    NA

$Ndatesampinfo
      DATE JULIAN N Mean Stdev
1 07/01/11   2008 2   NA    NA
2 08/02/11   2040 4   NA    NA
3 09/16/11   2085 6   NA    NA
4 10/23/11   2122 6   NA    NA
5 11/13/11   2143 6   NA    NA
6 02/10/12   2232 6   NA    NA
7 03/27/12   2278 5   NA    NA
8 04/01/12   2283 4   NA    NA
9 06/19/12   2362 2   NA    NA

$Bdateboots
         [,1]      [,2]      [,3]     [,4]      [,5]       [,6]       [,7]      [,8]
 [1,] 0.00000 0.2586667 0.0000000 1.129714 0.0000000 0.00000000 0.00000000  3.613466
 [2,] 2.50385 1.3069437 1.0272705 3.158101 0.0000000 0.00000000 0.21986926  0.000000
 [3,] 0.00000 1.4362770 0.0000000 0.000000 0.0000000 0.00000000 0.21986926  0.000000
 [4,] 0.00000 0.0000000 0.0000000 0.000000 0.0000000 0.12822141 0.00000000  0.000000
 [5,] 0.00000 0.0000000 0.0000000 0.000000 0.0000000 0.00000000 0.00000000  0.000000
 [6,] 0.00000 1.3069437 0.0000000 1.283742 4.5876547 0.12822141 0.36788580  0.000000
 [7,] 0.00000 0.0000000 0.0000000 1.129714 4.9553802 0.00000000 0.00000000  0.000000
 [8,] 0.00000 0.0000000 0.0000000 0.000000 8.9914467 0.08548094 0.14370543  0.000000
 [9,] 2.50385 0.0000000 0.0000000 1.206728 0.0000000 0.12822141 0.43973851  3.613466
[10,] 2.50385 0.0000000 0.0000000 0.000000 5.1136317 0.00000000 0.00000000  0.000000
[11,] 0.00000 0.0000000 0.0000000 0.000000 0.0000000 0.08548094 0.00000000  0.000000
[12,] 2.50385 1.7664155 0.0000000 0.000000 5.7978602 0.00000000 0.51590234  3.613466
[13,] 0.00000 0.0000000 0.0000000 0.000000 0.0000000 0.08548094 0.00000000  0.000000
[14,] 0.00000 0.0000000 1.0715333 1.129714 0.8680912 0.04274047 0.00000000  7.226932
[15,] 2.50385 0.0000000 0.7530818 0.000000 0.0000000 0.00000000 0.36788580 10.840398
[16,] 0.00000 0.0000000 0.0000000 0.000000 4.9297690 0.04274047 0.36788580  0.000000
[17,] 0.00000 0.9768052 0.0000000 1.206728 0.0000000 0.00000000 0.00000000  0.000000
[18,] 0.00000 0.0000000 0.0000000 0.000000 0.0000000 0.00000000 0.00000000  0.000000
[19,] 2.50385 0.0000000 0.9830077 1.129714 0.0000000 0.00000000 0.00000000  7.226932
[20,] 0.00000 1.7664155 0.0000000 0.000000 9.1496982 0.00000000 0.43973851  0.000000
[21,] 0.00000 0.0000000 0.0000000 0.000000 0.0000000 0.00000000 0.00000000  7.226932
[22,] 0.00000 0.0000000 0.2489672 0.000000 0.0000000 0.00000000 0.00000000  0.000000
[23,] 0.00000 0.0000000 0.0000000 0.000000 4.5876547 0.00000000 0.00000000  0.000000
[24,] 0.00000 0.8474718 1.0272705 0.000000 0.0000000 0.00000000 0.00000000  0.000000
[25,] 0.00000 0.0000000 1.1686709 0.000000 0.0000000 0.00000000 0.00000000  7.226932
[26,] 0.00000 0.0000000 1.5756479 0.000000 0.0000000 0.00000000 0.00000000  7.226932
[27,] 2.50385 0.0000000 0.0000000 0.000000 0.0000000 0.08548094 0.21986926 10.840398
[28,] 0.00000 0.0000000 0.0000000 2.105400 0.0000000 0.00000000 0.00000000  7.226932
[29,] 0.00000 0.3880000 0.7088190 0.000000 0.0000000 0.00000000 0.00000000  0.000000
[30,] 2.50385 0.0000000 0.9768274 0.000000 0.0000000 0.00000000 0.00000000  7.226932
[31,] 0.00000 0.0000000 1.2129337 0.000000 0.0000000 0.00000000 0.00000000  0.000000
[32,] 0.00000 0.0000000 1.3014592 0.000000 5.6139974 0.00000000 0.00000000  0.000000
[33,] 0.00000 0.0000000 0.0000000 0.000000 0.0000000 0.04274047 0.21555815  0.000000
[34,] 0.00000 0.0000000 0.0000000 1.129714 0.0000000 0.04274047 0.00000000  0.000000
[35,] 0.00000 0.0000000 0.0000000 0.000000 0.0000000 0.00000000 0.00000000  0.000000
[36,] 0.00000 0.7181385 0.0000000 0.000000 0.0000000 0.00000000 0.00000000  0.000000
[37,] 0.00000 0.0000000 0.0000000 0.000000 0.0000000 0.00000000 0.00000000  0.000000
[38,] 0.00000 0.2586667 0.7340406 0.000000 0.0000000 0.00000000 0.00000000  7.226932
[39,] 0.00000 0.0000000 0.0000000 0.000000 0.0000000 0.00000000 0.00000000  0.000000
[40,] 0.00000 0.0000000 0.2741887 0.000000 5.0880205 0.00000000 0.36788580  0.000000
[41,] 0.00000 1.1776103 0.0000000 0.000000 4.9297690 0.00000000 0.07185272  0.000000
[42,] 0.00000 0.0000000 0.7088190 0.000000 0.0000000 0.00000000 0.36357469  0.000000
[43,] 0.00000 0.5888052 0.0000000 2.182414 5.0880205 0.00000000 0.00000000  0.000000
[44,] 2.50385 0.2586667 0.0000000 0.000000 0.0000000 0.00000000 0.00000000  0.000000
[45,] 0.00000 0.0000000 0.2489672 2.105400 8.9914467 0.00000000 0.00000000  0.000000
[46,] 2.50385 0.0000000 0.0000000 0.000000 0.1838628 0.00000000 0.00000000  0.000000
[47,] 0.00000 0.0000000 0.0000000 1.052700 0.5259770 0.04274047 0.00000000  3.613466
[48,] 0.00000 0.0000000 0.0000000 0.000000 0.0000000 0.00000000 0.36788580  7.226932
[49,] 0.00000 0.0000000 0.0000000 0.000000 0.0000000 0.00000000 0.00000000  0.000000
[50,] 2.50385 1.4362770 0.0000000 0.000000 0.0000000 0.04274047 0.00000000  0.000000
      [,9]
 [1,]    0
 [2,]    0
 [3,]    0
 [4,]    0
 [5,]    0
 [6,]    0
 [7,]    0
 [8,]    0
 [9,]    0
[10,]    0
[11,]    0
[12,]    0
[13,]    0
[14,]    0
[15,]    0
[16,]    0
[17,]    0
[18,]    0
[19,]    0
[20,]    0
[21,]    0
[22,]    0
[23,]    0
[24,]    0
[25,]    0
[26,]    0
[27,]    0
[28,]    0
[29,]    0
[30,]    0
[31,]    0
[32,]    0
[33,]    0
[34,]    0
[35,]    0
[36,]    0
[37,]    0
[38,]    0
[39,]    0
[40,]    0
[41,]    0
[42,]    0
[43,]    0
[44,]    0
[45,]    0
[46,]    0
[47,]    0
[48,]    0
[49,]    0
[50,]    0

$Ndateboots
          [,1]      [,2]       [,3]     [,4]       [,5]     [,6]      [,7] [,8] [,9]
 [1,]   0.0000 133.33333   0.000000 227.7778    0.00000 0.000000  0.000000  150    0
 [2,] 355.5556 200.00000 185.185185 666.6667    0.00000 0.000000 15.555556    0    0
 [3,]   0.0000 266.66667   0.000000   0.0000    0.00000 0.000000 15.555556    0    0
 [4,]   0.0000   0.00000   0.000000   0.0000    0.00000 5.555556  0.000000    0    0
 [5,]   0.0000   0.00000   0.000000   0.0000    0.00000 0.000000  0.000000    0    0
 [6,]   0.0000 200.00000   0.000000 238.8889 1200.00000 5.555556 26.666667    0    0
 [7,]   0.0000   0.00000   0.000000 227.7778 1229.62963 0.000000  0.000000    0    0
 [8,]   0.0000   0.00000   0.000000   0.0000 2385.18519 3.703704  8.888889    0    0
 [9,] 355.5556   0.00000   0.000000 233.3333    0.00000 5.555556 31.111111  150    0
[10,] 355.5556   0.00000   0.000000   0.0000 1229.62963 0.000000  0.000000    0    0
[11,]   0.0000   0.00000   0.000000   0.0000    0.00000 3.703704  0.000000    0    0
[12,] 355.5556 200.00000   0.000000   0.0000 1259.25926 0.000000 37.777778  150    0
[13,]   0.0000   0.00000   0.000000   0.0000    0.00000 3.703704  0.000000    0    0
[14,]   0.0000   0.00000  96.296296 227.7778   44.44444 1.851852  0.000000  300    0
[15,] 355.5556   0.00000 155.555556   0.0000    0.00000 0.000000 26.666667  450    0
[16,]   0.0000   0.00000   0.000000   0.0000 1214.81481 1.851852 26.666667    0    0
[17,]   0.0000 266.66667   0.000000 233.3333    0.00000 0.000000  0.000000    0    0
[18,]   0.0000   0.00000   0.000000   0.0000    0.00000 0.000000  0.000000    0    0
[19,] 355.5556   0.00000 274.074074 227.7778    0.00000 0.000000  0.000000  300    0
[20,]   0.0000 200.00000   0.000000   0.0000 2385.18519 0.000000 31.111111    0    0
[21,]   0.0000   0.00000   0.000000   0.0000    0.00000 0.000000  0.000000  300    0
[22,]   0.0000   0.00000   7.407407   0.0000    0.00000 0.000000  0.000000    0    0
[23,]   0.0000   0.00000   0.000000   0.0000 1200.00000 0.000000  0.000000    0    0
[24,]   0.0000 200.00000 185.185185   0.0000    0.00000 0.000000  0.000000    0    0
[25,]   0.0000   0.00000 481.481481   0.0000    0.00000 0.000000  0.000000  300    0
[26,]   0.0000   0.00000 244.444444   0.0000    0.00000 0.000000  0.000000  300    0
[27,] 355.5556   0.00000   0.000000   0.0000    0.00000 3.703704 15.555556  450    0
[28,]   0.0000   0.00000   0.000000 444.4444    0.00000 0.000000  0.000000  300    0
[29,]   0.0000 200.00000 244.444444   0.0000    0.00000 0.000000  0.000000    0    0
[30,] 355.5556   0.00000 140.740741   0.0000    0.00000 0.000000  0.000000  300    0
[31,]   0.0000   0.00000 392.592593   0.0000    0.00000 0.000000  0.000000    0    0
[32,]   0.0000   0.00000 214.814815   0.0000 1244.44444 0.000000  0.000000    0    0
[33,]   0.0000   0.00000   0.000000   0.0000    0.00000 1.851852 13.333333    0    0
[34,]   0.0000   0.00000   0.000000 227.7778    0.00000 1.851852  0.000000    0    0
[35,]   0.0000   0.00000   0.000000   0.0000    0.00000 0.000000  0.000000    0    0
[36,]   0.0000 133.33333   0.000000   0.0000    0.00000 0.000000  0.000000    0    0
[37,]   0.0000   0.00000   0.000000   0.0000    0.00000 0.000000  0.000000    0    0
[38,]   0.0000 133.33333 266.666667   0.0000    0.00000 0.000000  0.000000  300    0
[39,]   0.0000   0.00000   0.000000   0.0000    0.00000 0.000000  0.000000    0    0
[40,]   0.0000   0.00000  29.629630   0.0000 1214.81481 0.000000 26.666667    0    0
[41,]   0.0000 133.33333   0.000000   0.0000 1214.81481 0.000000  4.444444    0    0
[42,]   0.0000   0.00000 244.444444   0.0000    0.00000 0.000000 24.444444    0    0
[43,]   0.0000  66.66667   0.000000 450.0000 1214.81481 0.000000  0.000000    0    0
[44,] 355.5556 133.33333   0.000000   0.0000    0.00000 0.000000  0.000000    0    0
[45,]   0.0000   0.00000   7.407407 444.4444 2385.18519 0.000000  0.000000    0    0
[46,] 355.5556   0.00000   0.000000   0.0000   14.81481 0.000000  0.000000    0    0
[47,]   0.0000   0.00000   0.000000 222.2222   29.62963 1.851852  0.000000  150    0
[48,]   0.0000   0.00000   0.000000   0.0000    0.00000 0.000000 26.666667  300    0
[49,]   0.0000   0.00000   0.000000   0.0000    0.00000 0.000000  0.000000    0    0
[50,] 355.5556 266.66667   0.000000   0.0000    0.00000 1.851852  0.000000    0    0

