$totdays
[1] 365

$Psampest
[1] 0.2210885

$Pbootest
    Mean     2.5%      50%    97.5% 
1.325161 0.000000 1.000747 3.433054 

$Pboots
 [1] 0.2210885 0.4421769 0.7796588 1.0007472 1.2218357 1.2218357 1.0007472 2.7679921
 [9] 1.7672448 2.3258151 1.4429242 0.2210885 0.2210885 0.0000000 0.2210885 1.5461564
[17] 3.4977628 1.7672448 1.0007472 2.5469036 0.2210885 1.9883333 2.2094218 0.7796588
[25] 0.7796588 4.0563331 1.0007472 1.7672448 2.9890805 1.5461564 0.0000000 1.0007472
[33] 1.0007472 0.4421769 1.2218357 3.2101690 0.2210885 1.0007472 0.2210885 1.0007472
[41] 0.4421769 2.7679921 3.2101690 0.2210885 1.9883333 2.3258151 0.4421769 0.4421769
[49] 0.0000000 2.5469036

$Bboots
 [1] 0.02504012 0.05008023 0.06260029 0.08764041 0.11268052 0.11268052 0.08764041
 [8] 0.23788110 0.15024070 0.18780087 0.13772064 0.02504012 0.02504012 0.00000000
[15] 0.02504012 0.12520058 0.23788110 0.15024070 0.08764041 0.21284099 0.02504012
[22] 0.17528081 0.20032093 0.06260029 0.06260029 0.27544128 0.08764041 0.15024070
[29] 0.26292122 0.12520058 0.00000000 0.08764041 0.08764041 0.05008023 0.11268052
[36] 0.28796134 0.02504012 0.08764041 0.02504012 0.08764041 0.05008023 0.23788110
[43] 0.28796134 0.02504012 0.17528081 0.18780087 0.05008023 0.05008023 0.00000000
[50] 0.21284099

$Nboots
 [1]  2.222222  4.444444  5.555556  7.777778 10.000000 10.000000  7.777778 21.111111
 [9] 13.333333 16.666667 12.222222  2.222222  2.222222  0.000000  2.222222 11.111111
[17] 21.111111 13.333333  7.777778 18.888889  2.222222 15.555556 17.777778  5.555556
[25]  5.555556 24.444444  7.777778 13.333333 23.333333 11.111111  0.000000  7.777778
[33]  7.777778  4.444444 10.000000 25.555556  2.222222  7.777778  2.222222  7.777778
[41]  4.444444 21.111111 25.555556  2.222222 15.555556 16.666667  4.444444  4.444444
[49]  0.000000 18.888889

$julians
[1] 2008 2040 2085 2122 2143 2232 2278 2283 2362

$intdays
[1] 32 45 37 21 89 46  5 79 11

$Pintsampest
[1] 0.00000000 0.15329952 0.06778894 0.00000000 0.00000000 0.00000000 0.00000000
[8] 0.00000000 0.00000000

$Pintboots
           [,1]      [,2]       [,3] [,4] [,5] [,6] [,7]     [,8]      [,9]
 [1,] 0.0000000 0.1532995 0.06778894    0    0    0    0 0.000000 0.0000000
 [2,] 0.0000000 0.3065990 0.13557788    0    0    0    0 0.000000 0.0000000
 [3,] 0.6633344 0.0000000 0.00000000    0    0    0    0 0.000000 0.1163243
 [4,] 0.6633344 0.1532995 0.06778894    0    0    0    0 0.000000 0.1163243
 [5,] 0.6633344 0.3065990 0.13557788    0    0    0    0 0.000000 0.1163243
 [6,] 0.6633344 0.3065990 0.13557788    0    0    0    0 0.000000 0.1163243
 [7,] 0.6633344 0.1532995 0.06778894    0    0    0    0 0.000000 0.1163243
 [8,] 1.3266689 1.0730967 0.13557788    0    0    0    0 0.000000 0.2326486
 [9,] 0.6633344 0.9197971 0.06778894    0    0    0    0 0.000000 0.1163243
[10,] 1.3266689 0.7664976 0.00000000    0    0    0    0 0.000000 0.2326486
[11,] 0.6633344 0.4598986 0.20336683    0    0    0    0 0.000000 0.1163243
[12,] 0.0000000 0.1532995 0.06778894    0    0    0    0 0.000000 0.0000000
[13,] 0.0000000 0.1532995 0.06778894    0    0    0    0 0.000000 0.0000000
[14,] 0.0000000 0.0000000 0.00000000    0    0    0    0 0.000000 0.0000000
[15,] 0.0000000 0.1532995 0.06778894    0    0    0    0 0.000000 0.0000000
[16,] 0.6633344 0.7664976 0.00000000    0    0    0    0 0.000000 0.1163243
[17,] 0.6633344 1.0730967 0.13557788    0    0    0    0 1.393105 0.2326486
[18,] 0.6633344 0.9197971 0.06778894    0    0    0    0 0.000000 0.1163243
[19,] 0.6633344 0.1532995 0.06778894    0    0    0    0 0.000000 0.1163243
[20,] 1.3266689 0.9197971 0.06778894    0    0    0    0 0.000000 0.2326486
[21,] 0.0000000 0.1532995 0.06778894    0    0    0    0 0.000000 0.0000000
[22,] 0.6633344 1.0730967 0.13557788    0    0    0    0 0.000000 0.1163243
[23,] 0.6633344 1.2263962 0.20336683    0    0    0    0 0.000000 0.1163243
[24,] 0.6633344 0.0000000 0.00000000    0    0    0    0 0.000000 0.1163243
[25,] 0.6633344 0.0000000 0.00000000    0    0    0    0 0.000000 0.1163243
[26,] 1.3266689 0.9197971 0.06778894    0    0    0    0 1.393105 0.3489729
[27,] 0.6633344 0.1532995 0.06778894    0    0    0    0 0.000000 0.1163243
[28,] 0.6633344 0.9197971 0.06778894    0    0    0    0 0.000000 0.1163243
[29,] 1.3266689 1.2263962 0.20336683    0    0    0    0 0.000000 0.2326486
[30,] 0.6633344 0.7664976 0.00000000    0    0    0    0 0.000000 0.1163243
[31,] 0.0000000 0.0000000 0.00000000    0    0    0    0 0.000000 0.0000000
[32,] 0.6633344 0.1532995 0.06778894    0    0    0    0 0.000000 0.1163243
[33,] 0.6633344 0.1532995 0.06778894    0    0    0    0 0.000000 0.1163243
[34,] 0.0000000 0.3065990 0.13557788    0    0    0    0 0.000000 0.0000000
[35,] 0.6633344 0.3065990 0.13557788    0    0    0    0 0.000000 0.1163243
[36,] 1.3266689 1.3796957 0.27115577    0    0    0    0 0.000000 0.2326486
[37,] 0.0000000 0.1532995 0.06778894    0    0    0    0 0.000000 0.0000000
[38,] 0.6633344 0.1532995 0.06778894    0    0    0    0 0.000000 0.1163243
[39,] 0.0000000 0.1532995 0.06778894    0    0    0    0 0.000000 0.0000000
[40,] 0.6633344 0.1532995 0.06778894    0    0    0    0 0.000000 0.1163243
[41,] 0.0000000 0.3065990 0.13557788    0    0    0    0 0.000000 0.0000000
[42,] 1.3266689 1.0730967 0.13557788    0    0    0    0 0.000000 0.2326486
[43,] 1.3266689 1.3796957 0.27115577    0    0    0    0 0.000000 0.2326486
[44,] 0.0000000 0.1532995 0.06778894    0    0    0    0 0.000000 0.0000000
[45,] 0.6633344 1.0730967 0.13557788    0    0    0    0 0.000000 0.1163243
[46,] 1.3266689 0.7664976 0.00000000    0    0    0    0 0.000000 0.2326486
[47,] 0.0000000 0.3065990 0.13557788    0    0    0    0 0.000000 0.0000000
[48,] 0.0000000 0.3065990 0.13557788    0    0    0    0 0.000000 0.0000000
[49,] 0.0000000 0.0000000 0.00000000    0    0    0    0 0.000000 0.0000000
[50,] 1.3266689 0.9197971 0.06778894    0    0    0    0 0.000000 0.2326486

$Bdatesampinfo
      DATE JULIAN N      Mean     Stdev
1 07/01/11   2008 1 0.0000000        NA
2 08/02/11   2040 1 0.0000000        NA
3 09/16/11   2085 5 0.2003209 0.4479312
4 10/23/11   2122 5 0.0000000 0.0000000
5 11/13/11   2143 4 0.0000000 0.0000000
6 02/10/12   2232 5 0.0000000 0.0000000
7 03/27/12   2278 4 0.0000000 0.0000000
8 04/01/12   2283 3 0.0000000 0.0000000
9 06/19/12   2362 1 0.0000000        NA

$Ndatesampinfo
      DATE JULIAN N     Mean    Stdev
1 07/01/11   2008 1  0.00000       NA
2 08/02/11   2040 1  0.00000       NA
3 09/16/11   2085 5 17.77778 39.75232
4 10/23/11   2122 5  0.00000  0.00000
5 11/13/11   2143 4  0.00000  0.00000
6 02/10/12   2232 5  0.00000  0.00000
7 03/27/12   2278 4  0.00000  0.00000
8 04/01/12   2283 3  0.00000  0.00000
9 06/19/12   2362 1  0.00000       NA

$Bdateboots
          [,1]     [,2]      [,3] [,4] [,5] [,6] [,7] [,8]     [,9]
 [1,] 0.000000 0.000000 0.2003209    0    0    0    0    0 0.000000
 [2,] 0.000000 0.000000 0.4006419    0    0    0    0    0 0.000000
 [3,] 1.001605 0.000000 0.0000000    0    0    0    0    0 0.000000
 [4,] 1.001605 0.000000 0.2003209    0    0    0    0    0 0.000000
 [5,] 1.001605 0.000000 0.4006419    0    0    0    0    0 0.000000
 [6,] 1.001605 0.000000 0.4006419    0    0    0    0    0 0.000000
 [7,] 1.001605 0.000000 0.2003209    0    0    0    0    0 0.000000
 [8,] 1.001605 1.001605 0.4006419    0    0    0    0    0 0.000000
 [9,] 0.000000 1.001605 0.2003209    0    0    0    0    0 0.000000
[10,] 1.001605 1.001605 0.0000000    0    0    0    0    0 0.000000
[11,] 1.001605 0.000000 0.6009628    0    0    0    0    0 0.000000
[12,] 0.000000 0.000000 0.2003209    0    0    0    0    0 0.000000
[13,] 0.000000 0.000000 0.2003209    0    0    0    0    0 0.000000
[14,] 0.000000 0.000000 0.0000000    0    0    0    0    0 0.000000
[15,] 0.000000 0.000000 0.2003209    0    0    0    0    0 0.000000
[16,] 0.000000 1.001605 0.0000000    0    0    0    0    0 0.000000
[17,] 0.000000 1.001605 0.4006419    0    0    0    0    0 1.001605
[18,] 0.000000 1.001605 0.2003209    0    0    0    0    0 0.000000
[19,] 1.001605 0.000000 0.2003209    0    0    0    0    0 0.000000
[20,] 1.001605 1.001605 0.2003209    0    0    0    0    0 0.000000
[21,] 0.000000 0.000000 0.2003209    0    0    0    0    0 0.000000
[22,] 0.000000 1.001605 0.4006419    0    0    0    0    0 0.000000
[23,] 0.000000 1.001605 0.6009628    0    0    0    0    0 0.000000
[24,] 1.001605 0.000000 0.0000000    0    0    0    0    0 0.000000
[25,] 1.001605 0.000000 0.0000000    0    0    0    0    0 0.000000
[26,] 1.001605 1.001605 0.2003209    0    0    0    0    0 1.001605
[27,] 1.001605 0.000000 0.2003209    0    0    0    0    0 0.000000
[28,] 0.000000 1.001605 0.2003209    0    0    0    0    0 0.000000
[29,] 1.001605 1.001605 0.6009628    0    0    0    0    0 0.000000
[30,] 0.000000 1.001605 0.0000000    0    0    0    0    0 0.000000
[31,] 0.000000 0.000000 0.0000000    0    0    0    0    0 0.000000
[32,] 1.001605 0.000000 0.2003209    0    0    0    0    0 0.000000
[33,] 1.001605 0.000000 0.2003209    0    0    0    0    0 0.000000
[34,] 0.000000 0.000000 0.4006419    0    0    0    0    0 0.000000
[35,] 1.001605 0.000000 0.4006419    0    0    0    0    0 0.000000
[36,] 1.001605 1.001605 0.8012837    0    0    0    0    0 0.000000
[37,] 0.000000 0.000000 0.2003209    0    0    0    0    0 0.000000
[38,] 1.001605 0.000000 0.2003209    0    0    0    0    0 0.000000
[39,] 0.000000 0.000000 0.2003209    0    0    0    0    0 0.000000
[40,] 1.001605 0.000000 0.2003209    0    0    0    0    0 0.000000
[41,] 0.000000 0.000000 0.4006419    0    0    0    0    0 0.000000
[42,] 1.001605 1.001605 0.4006419    0    0    0    0    0 0.000000
[43,] 1.001605 1.001605 0.8012837    0    0    0    0    0 0.000000
[44,] 0.000000 0.000000 0.2003209    0    0    0    0    0 0.000000
[45,] 0.000000 1.001605 0.4006419    0    0    0    0    0 0.000000
[46,] 1.001605 1.001605 0.0000000    0    0    0    0    0 0.000000
[47,] 0.000000 0.000000 0.4006419    0    0    0    0    0 0.000000
[48,] 0.000000 0.000000 0.4006419    0    0    0    0    0 0.000000
[49,] 0.000000 0.000000 0.0000000    0    0    0    0    0 0.000000
[50,] 1.001605 1.001605 0.2003209    0    0    0    0    0 0.000000

$Ndateboots
          [,1]     [,2]     [,3] [,4] [,5] [,6] [,7] [,8]     [,9]
 [1,]  0.00000  0.00000 17.77778    0    0    0    0    0  0.00000
 [2,]  0.00000  0.00000 35.55556    0    0    0    0    0  0.00000
 [3,] 88.88889  0.00000  0.00000    0    0    0    0    0  0.00000
 [4,] 88.88889  0.00000 17.77778    0    0    0    0    0  0.00000
 [5,] 88.88889  0.00000 35.55556    0    0    0    0    0  0.00000
 [6,] 88.88889  0.00000 35.55556    0    0    0    0    0  0.00000
 [7,] 88.88889  0.00000 17.77778    0    0    0    0    0  0.00000
 [8,] 88.88889 88.88889 35.55556    0    0    0    0    0  0.00000
 [9,]  0.00000 88.88889 17.77778    0    0    0    0    0  0.00000
[10,] 88.88889 88.88889  0.00000    0    0    0    0    0  0.00000
[11,] 88.88889  0.00000 53.33333    0    0    0    0    0  0.00000
[12,]  0.00000  0.00000 17.77778    0    0    0    0    0  0.00000
[13,]  0.00000  0.00000 17.77778    0    0    0    0    0  0.00000
[14,]  0.00000  0.00000  0.00000    0    0    0    0    0  0.00000
[15,]  0.00000  0.00000 17.77778    0    0    0    0    0  0.00000
[16,]  0.00000 88.88889  0.00000    0    0    0    0    0  0.00000
[17,]  0.00000 88.88889 35.55556    0    0    0    0    0 88.88889
[18,]  0.00000 88.88889 17.77778    0    0    0    0    0  0.00000
[19,] 88.88889  0.00000 17.77778    0    0    0    0    0  0.00000
[20,] 88.88889 88.88889 17.77778    0    0    0    0    0  0.00000
[21,]  0.00000  0.00000 17.77778    0    0    0    0    0  0.00000
[22,]  0.00000 88.88889 35.55556    0    0    0    0    0  0.00000
[23,]  0.00000 88.88889 53.33333    0    0    0    0    0  0.00000
[24,] 88.88889  0.00000  0.00000    0    0    0    0    0  0.00000
[25,] 88.88889  0.00000  0.00000    0    0    0    0    0  0.00000
[26,] 88.88889 88.88889 17.77778    0    0    0    0    0 88.88889
[27,] 88.88889  0.00000 17.77778    0    0    0    0    0  0.00000
[28,]  0.00000 88.88889 17.77778    0    0    0    0    0  0.00000
[29,] 88.88889 88.88889 53.33333    0    0    0    0    0  0.00000
[30,]  0.00000 88.88889  0.00000    0    0    0    0    0  0.00000
[31,]  0.00000  0.00000  0.00000    0    0    0    0    0  0.00000
[32,] 88.88889  0.00000 17.77778    0    0    0    0    0  0.00000
[33,] 88.88889  0.00000 17.77778    0    0    0    0    0  0.00000
[34,]  0.00000  0.00000 35.55556    0    0    0    0    0  0.00000
[35,] 88.88889  0.00000 35.55556    0    0    0    0    0  0.00000
[36,] 88.88889 88.88889 71.11111    0    0    0    0    0  0.00000
[37,]  0.00000  0.00000 17.77778    0    0    0    0    0  0.00000
[38,] 88.88889  0.00000 17.77778    0    0    0    0    0  0.00000
[39,]  0.00000  0.00000 17.77778    0    0    0    0    0  0.00000
[40,] 88.88889  0.00000 17.77778    0    0    0    0    0  0.00000
[41,]  0.00000  0.00000 35.55556    0    0    0    0    0  0.00000
[42,] 88.88889 88.88889 35.55556    0    0    0    0    0  0.00000
[43,] 88.88889 88.88889 71.11111    0    0    0    0    0  0.00000
[44,]  0.00000  0.00000 17.77778    0    0    0    0    0  0.00000
[45,]  0.00000 88.88889 35.55556    0    0    0    0    0  0.00000
[46,] 88.88889 88.88889  0.00000    0    0    0    0    0  0.00000
[47,]  0.00000  0.00000 35.55556    0    0    0    0    0  0.00000
[48,]  0.00000  0.00000 35.55556    0    0    0    0    0  0.00000
[49,]  0.00000  0.00000  0.00000    0    0    0    0    0  0.00000
[50,] 88.88889 88.88889 17.77778    0    0    0    0    0  0.00000

