$totdays
[1] 365

$Psampest
[1] NA

$Pbootest
    Mean     2.5%      50%    97.5% 
 8.29546  0.00000  0.00000 55.54731 

$Pboots
 [1]  0.0000000  0.0000000  2.3615137  0.0000000  0.0000000  0.0000000  0.0000000
 [8]  0.0000000 28.2575245  2.6462171 58.8240654  0.0000000 20.2608315  0.0000000
[15]  0.0000000  0.0000000  1.1807568  2.3615137 46.1332836  0.0000000 20.2608315
[22]  0.6320453  0.0000000  0.0000000  0.0000000  0.1436961  0.0000000  0.0000000
[29]  0.0000000  0.0000000 57.5009569  0.0000000 40.3987264  0.0000000  0.0000000
[36]  0.0000000  0.0000000  0.0000000  0.6320453  0.0000000 12.9362260 41.4934607
[43]  0.0000000  0.0000000  0.0000000 48.8180661 29.9312353  0.0000000  0.0000000
[50]  0.0000000

$Bboots
 [1] 0.00000000 0.00000000 0.90751945 0.00000000 0.00000000 0.00000000 0.00000000
 [8] 0.00000000 0.79083625 0.08331946 0.94917918 0.00000000 0.73942587 0.00000000
[15] 0.00000000 0.00000000 0.45375973 0.90751945 1.47885174 0.00000000 0.73942587
[22] 0.01226147 0.00000000 0.00000000 0.00000000 0.01226147 0.00000000 0.00000000
[29] 0.00000000 0.00000000 0.90751945 0.00000000 1.14341239 0.00000000 0.00000000
[36] 0.00000000 0.00000000 0.00000000 0.01226147 0.00000000 0.36971293 1.17768598
[43] 0.00000000 0.00000000 0.00000000 1.54739891 0.90751945 0.00000000 0.00000000
[50] 0.00000000

$Nboots
 [1]  0.0000000  0.0000000 27.7777778  0.0000000  0.0000000  0.0000000  0.0000000
 [8]  0.0000000 24.0740741  4.8148148 30.1851852  0.0000000 18.5185185  0.0000000
[15]  0.0000000  0.0000000 13.8888889 27.7777778 37.0370370  0.0000000 18.5185185
[22]  0.2777778  0.0000000  0.0000000  0.0000000  0.2777778  0.0000000  0.0000000
[29]  0.0000000  0.0000000 27.7777778  0.0000000 31.4814815  0.0000000  0.0000000
[36]  0.0000000  0.0000000  0.0000000  0.2777778  0.0000000  9.2592593 35.1851852
[43]  0.0000000  0.0000000  0.0000000 44.4444444 27.7777778  0.0000000  0.0000000
[50]  0.0000000

$julians
[1] 2008 2040 2085 2122 2143 2232 2278 2283 2362

$intdays
[1] 32 45 37 21 89 46  5 79 11

$Pintsampest
[1] NA NA NA NA NA NA NA NA NA

$Pintboots
          [,1]     [,2]      [,3]      [,4]      [,5] [,6]     [,7]     [,8] [,9]
 [1,]       NA       NA        NA        NA        NA   NA       NA       NA   NA
 [2,]       NA       NA        NA        NA        NA   NA       NA       NA   NA
 [3,]       NA       NA        NA        NA        NA   NA 2.361514       NA   NA
 [4,]       NA       NA        NA        NA        NA   NA       NA       NA   NA
 [5,]       NA       NA        NA        NA        NA   NA       NA       NA   NA
 [6,]       NA       NA        NA        NA        NA   NA       NA       NA   NA
 [7,]       NA       NA        NA        NA        NA   NA       NA       NA   NA
 [8,]       NA       NA        NA        NA        NA   NA       NA       NA   NA
 [9,]       NA 28.25752        NA        NA        NA   NA       NA       NA   NA
[10,]       NA       NA 1.0947342 0.2873922 1.2640907   NA       NA       NA   NA
[11,]       NA       NA 0.5473671 0.1436961 0.6320453   NA       NA 57.50096   NA
[12,]       NA       NA        NA        NA        NA   NA       NA       NA   NA
[13,] 20.26083       NA        NA        NA        NA   NA       NA       NA   NA
[14,]       NA       NA        NA        NA        NA   NA       NA       NA   NA
[15,]       NA       NA        NA        NA        NA   NA       NA       NA   NA
[16,]       NA       NA        NA        NA        NA   NA       NA       NA   NA
[17,]       NA       NA        NA 0.0000000        NA   NA 1.180757       NA   NA
[18,]       NA       NA        NA        NA        NA   NA 2.361514       NA   NA
[19,] 20.26083 25.87245        NA        NA        NA   NA       NA       NA   NA
[20,]       NA       NA        NA        NA        NA   NA       NA       NA   NA
[21,] 20.26083       NA        NA        NA        NA   NA       NA       NA   NA
[22,]       NA       NA        NA        NA 0.6320453   NA       NA       NA   NA
[23,]       NA       NA        NA        NA        NA   NA       NA       NA   NA
[24,]       NA       NA        NA        NA        NA   NA       NA       NA   NA
[25,]       NA       NA        NA        NA        NA    0       NA       NA   NA
[26,]       NA       NA        NA 0.1436961        NA   NA       NA       NA   NA
[27,]       NA       NA        NA        NA        NA   NA       NA       NA   NA
[28,]       NA       NA        NA        NA        NA   NA       NA       NA   NA
[29,]       NA       NA        NA        NA        NA   NA       NA       NA   NA
[30,]       NA       NA        NA        NA        NA    0 0.000000  0.00000   NA
[31,]       NA       NA        NA        NA        NA   NA       NA 57.50096   NA
[32,]       NA       NA        NA        NA        NA   NA       NA       NA   NA
[33,]       NA 40.39873        NA        NA        NA   NA       NA       NA   NA
[34,]       NA       NA        NA        NA        NA   NA       NA       NA   NA
[35,]       NA       NA        NA        NA        NA   NA       NA       NA   NA
[36,]       NA       NA        NA        NA        NA   NA       NA       NA   NA
[37,]       NA       NA        NA        NA        NA   NA       NA       NA   NA
[38,]       NA       NA        NA        NA        NA   NA 0.000000       NA   NA
[39,]       NA       NA        NA        NA 0.6320453   NA       NA       NA   NA
[40,]       NA       NA        NA        NA        NA   NA       NA       NA   NA
[41,]       NA 12.93623        NA        NA 0.0000000   NA       NA       NA   NA
[42,]       NA 40.39873 1.0947342        NA        NA   NA       NA       NA   NA
[43,]       NA       NA        NA        NA        NA   NA       NA       NA   NA
[44,]       NA       NA        NA        NA        NA   NA       NA       NA   NA
[45,]       NA       NA        NA        NA 0.0000000    0       NA       NA   NA
[46,] 20.26083 27.46250 1.0947342 0.0000000        NA   NA       NA       NA   NA
[47,]       NA       NA        NA        NA        NA   NA 1.180757 28.75048   NA
[48,]       NA       NA        NA        NA        NA    0       NA       NA   NA
[49,]       NA       NA        NA        NA        NA   NA       NA       NA   NA
[50,]       NA       NA        NA        NA        NA   NA       NA       NA   NA

$Bdatesampinfo
      DATE JULIAN N Mean Stdev
1 07/01/11   2008 2   NA    NA
2 08/02/11   2040 3   NA    NA
3 09/16/11   2085 6   NA    NA
4 10/23/11   2122 6   NA    NA
5 11/13/11   2143 5   NA    NA
6 02/10/12   2232 6   NA    NA
7 03/27/12   2278 5   NA    NA
8 04/01/12   2283 4   NA    NA
9 06/19/12   2362 2   NA    NA

$Ndatesampinfo
      DATE JULIAN N Mean Stdev
1 07/01/11   2008 2   NA    NA
2 08/02/11   2040 3   NA    NA
3 09/16/11   2085 6   NA    NA
4 10/23/11   2122 6   NA    NA
5 11/13/11   2143 5   NA    NA
6 02/10/12   2232 6   NA    NA
7 03/27/12   2278 5   NA    NA
8 04/01/12   2283 4   NA    NA
9 06/19/12   2362 2   NA    NA

$Bdateboots
      [,1]      [,2]      [,3] [,4]      [,5] [,6] [,7]      [,8] [,9]
 [1,]    0  0.000000 0.0000000    0 0.0000000    0    0  7.260156    0
 [2,]    0  0.000000 0.0000000    0 0.0000000    0    0  0.000000    0
 [3,]    0  0.000000 0.0000000    0 0.0000000    0    0 14.520311    0
 [4,]    0 11.830814 0.0000000    0 0.0000000    0    0  0.000000    0
 [5,]    0  0.000000 0.0000000    0 0.0000000    0    0  0.000000    0
 [6,]    0  0.000000 0.0000000    0 0.0000000    0    0 14.520311    0
 [7,]    0  0.000000 0.0000000    0 0.0000000    0    0  0.000000    0
 [8,]    0  0.000000 0.0000000    0 0.0000000    0    0  7.260156    0
 [9,]    0 11.830814 0.8225661    0 0.0000000    0    0  0.000000    0
[10,]    0  0.000000 0.5483774    0 0.3923670    0    0  0.000000    0
[11,]    0  0.000000 0.2741887    0 0.1961835    0    0 14.520311    0
[12,]    0  0.000000 0.0000000    0 0.5885504    0    0 14.520311    0
[13,]    0 11.830814 0.0000000    0 0.0000000    0    0  0.000000    0
[14,]    0  0.000000 0.0000000    0 0.0000000    0    0  0.000000    0
[15,]    0  5.915407 0.0000000    0 0.0000000    0    0  7.260156    0
[16,]    0  0.000000 0.0000000    0 0.0000000    0    0  7.260156    0
[17,]    0  0.000000 0.0000000    0 0.0000000    0    0  7.260156    0
[18,]    0  0.000000 0.0000000    0 0.0000000    0    0 14.520311    0
[19,]    0 11.830814 0.0000000    0 0.0000000    0    0  0.000000    0
[20,]    0  0.000000 0.0000000    0 0.0000000    0    0  0.000000    0
[21,]    0 11.830814 0.0000000    0 0.0000000    0    0  0.000000    0
[22,]    0  0.000000 0.0000000    0 0.1961835    0    0  0.000000    0
[23,]    0  0.000000 0.0000000    0 0.0000000    0    0  0.000000    0
[24,]    0  0.000000 0.0000000    0 0.0000000    0    0  7.260156    0
[25,]    0  0.000000 0.0000000    0 0.0000000    0    0  0.000000    0
[26,]    0  0.000000 0.0000000    0 0.1961835    0    0 14.520311    0
[27,]    0  0.000000 0.0000000    0 0.0000000    0    0  0.000000    0
[28,]    0  0.000000 0.0000000    0 0.0000000    0    0  0.000000    0
[29,]    0  0.000000 0.0000000    0 0.0000000    0    0  0.000000    0
[30,]    0  0.000000 0.2741887    0 0.0000000    0    0  0.000000    0
[31,]    0 11.830814 0.0000000    0 0.0000000    0    0 14.520311    0
[32,]    0  0.000000 0.0000000    0 0.1961835    0    0  0.000000    0
[33,]    0 17.746221 0.5483774    0 0.0000000    0    0  0.000000    0
[34,]    0  0.000000 0.0000000    0 0.0000000    0    0  0.000000    0
[35,]    0  0.000000 0.0000000    0 0.0000000    0    0  7.260156    0
[36,]    0  0.000000 0.0000000    0 0.0000000    0    0  0.000000    0
[37,]    0  0.000000 0.0000000    0 0.0000000    0    0  0.000000    0
[38,]    0  0.000000 0.2741887    0 0.0000000    0    0  0.000000    0
[39,]    0  0.000000 0.0000000    0 0.1961835    0    0  0.000000    0
[40,]    0  0.000000 0.0000000    0 0.0000000    0    0  0.000000    0
[41,]    0  5.915407 0.0000000    0 0.0000000    0    0  0.000000    0
[42,]    0 17.746221 0.5483774    0 0.0000000    0    0  0.000000    0
[43,]    0  0.000000 0.0000000    0 0.0000000    0    0  7.260156    0
[44,]    0 17.746221 0.0000000    0 0.0000000    0    0  0.000000    0
[45,]    0  0.000000 0.0000000    0 0.0000000    0    0  0.000000    0
[46,]    0 11.830814 0.5483774    0 0.0000000    0    0  0.000000    0
[47,]    0  0.000000 0.2741887    0 0.0000000    0    0  7.260156    0
[48,]    0  0.000000 0.0000000    0 0.0000000    0    0  0.000000    0
[49,]    0  0.000000 0.0000000    0 0.1961835    0    0  0.000000    0
[50,]    0  0.000000 0.0000000    0 0.0000000    0    0  0.000000    0

$Ndateboots
      [,1]     [,2]     [,3] [,4]      [,5] [,6] [,7]     [,8] [,9]
 [1,]    0   0.0000  0.00000    0  0.000000    0    0 222.2222    0
 [2,]    0   0.0000  0.00000    0  0.000000    0    0   0.0000    0
 [3,]    0   0.0000  0.00000    0  0.000000    0    0 444.4444    0
 [4,]    0 296.2963  0.00000    0  0.000000    0    0   0.0000    0
 [5,]    0   0.0000  0.00000    0  0.000000    0    0   0.0000    0
 [6,]    0   0.0000  0.00000    0  0.000000    0    0 444.4444    0
 [7,]    0   0.0000  0.00000    0  0.000000    0    0   0.0000    0
 [8,]    0   0.0000  0.00000    0  0.000000    0    0 222.2222    0
 [9,]    0 296.2963 88.88889    0  0.000000    0    0   0.0000    0
[10,]    0   0.0000 59.25926    0  8.888889    0    0   0.0000    0
[11,]    0   0.0000 29.62963    0  4.444444    0    0 444.4444    0
[12,]    0   0.0000  0.00000    0 13.333333    0    0 444.4444    0
[13,]    0 296.2963  0.00000    0  0.000000    0    0   0.0000    0
[14,]    0   0.0000  0.00000    0  0.000000    0    0   0.0000    0
[15,]    0 148.1481  0.00000    0  0.000000    0    0 222.2222    0
[16,]    0   0.0000  0.00000    0  0.000000    0    0 222.2222    0
[17,]    0   0.0000  0.00000    0  0.000000    0    0 222.2222    0
[18,]    0   0.0000  0.00000    0  0.000000    0    0 444.4444    0
[19,]    0 296.2963  0.00000    0  0.000000    0    0   0.0000    0
[20,]    0   0.0000  0.00000    0  0.000000    0    0   0.0000    0
[21,]    0 296.2963  0.00000    0  0.000000    0    0   0.0000    0
[22,]    0   0.0000  0.00000    0  4.444444    0    0   0.0000    0
[23,]    0   0.0000  0.00000    0  0.000000    0    0   0.0000    0
[24,]    0   0.0000  0.00000    0  0.000000    0    0 222.2222    0
[25,]    0   0.0000  0.00000    0  0.000000    0    0   0.0000    0
[26,]    0   0.0000  0.00000    0  4.444444    0    0 444.4444    0
[27,]    0   0.0000  0.00000    0  0.000000    0    0   0.0000    0
[28,]    0   0.0000  0.00000    0  0.000000    0    0   0.0000    0
[29,]    0   0.0000  0.00000    0  0.000000    0    0   0.0000    0
[30,]    0   0.0000 29.62963    0  0.000000    0    0   0.0000    0
[31,]    0 296.2963  0.00000    0  0.000000    0    0 444.4444    0
[32,]    0   0.0000  0.00000    0  4.444444    0    0   0.0000    0
[33,]    0 444.4444 59.25926    0  0.000000    0    0   0.0000    0
[34,]    0   0.0000  0.00000    0  0.000000    0    0   0.0000    0
[35,]    0   0.0000  0.00000    0  0.000000    0    0 222.2222    0
[36,]    0   0.0000  0.00000    0  0.000000    0    0   0.0000    0
[37,]    0   0.0000  0.00000    0  0.000000    0    0   0.0000    0
[38,]    0   0.0000 29.62963    0  0.000000    0    0   0.0000    0
[39,]    0   0.0000  0.00000    0  4.444444    0    0   0.0000    0
[40,]    0   0.0000  0.00000    0  0.000000    0    0   0.0000    0
[41,]    0 148.1481  0.00000    0  0.000000    0    0   0.0000    0
[42,]    0 444.4444 59.25926    0  0.000000    0    0   0.0000    0
[43,]    0   0.0000  0.00000    0  0.000000    0    0 222.2222    0
[44,]    0 444.4444  0.00000    0  0.000000    0    0   0.0000    0
[45,]    0   0.0000  0.00000    0  0.000000    0    0   0.0000    0
[46,]    0 296.2963 59.25926    0  0.000000    0    0   0.0000    0
[47,]    0   0.0000 29.62963    0  0.000000    0    0 222.2222    0
[48,]    0   0.0000  0.00000    0  0.000000    0    0   0.0000    0
[49,]    0   0.0000  0.00000    0  4.444444    0    0   0.0000    0
[50,]    0   0.0000  0.00000    0  0.000000    0    0   0.0000    0

