$totdays
[1] 365

$Psampest
[1] NA

$Pbootest
     Mean      2.5%       50%     97.5% 
0.6977917 0.0000000 0.0000000 3.5994063 

$Pboots
 [1] 2.90206316 0.00000000 1.75388330 0.00000000 0.00000000 0.00000000 0.00000000
 [8] 0.00000000 0.06230932 1.20680150 2.79699748 0.11862798 0.00000000 0.00000000
[15] 0.00000000 0.23725596 0.00000000 0.00000000 0.00000000 3.07342874 0.00000000
[22] 0.00000000 0.00000000 0.94603471 0.00000000 0.14405870 3.21110464 0.00000000
[29] 0.25078335 0.00000000 0.76958731 0.00000000 0.00000000 0.05059472 0.00000000
[36] 0.00000000 0.00000000 0.00000000 0.00000000 1.81020226 0.00000000 0.21962869
[43] 0.00000000 5.87855477 0.00000000 0.80246130 3.71213901 1.06466270 2.67160580
[50] 1.20680150

$Bboots
 [1] 0.170298652 0.000000000 0.034129630 0.000000000 0.000000000 0.000000000 0.000000000
 [8] 0.000000000 0.023340672 0.121654694 0.078908753 0.002694444 0.000000000 0.000000000
[15] 0.000000000 0.005388889 0.000000000 0.000000000 0.000000000 0.105569476 0.000000000
[22] 0.000000000 0.000000000 0.033348113 0.000000000 0.053092415 0.076218071 0.000000000
[29] 0.036162813 0.000000000 0.023410168 0.000000000 0.000000000 0.018081406 0.000000000
[36] 0.000000000 0.000000000 0.000000000 0.000000000 0.182482040 0.000000000 0.024492477
[43] 0.000000000 0.135959464 0.000000000 0.029751742 0.086482813 0.036042558 0.060827347
[50] 0.121654694

$Nboots
 [1] 12.7777778  0.0000000 17.5925926  0.0000000  0.0000000  0.0000000  0.0000000
 [8]  0.0000000  0.6944444  1.6666667  1.4583333  1.3888889  0.0000000  0.0000000
[15]  0.0000000  2.7777778  0.0000000  0.0000000  0.0000000 10.1851852  0.0000000
[22]  0.0000000  0.0000000  2.0833333  0.0000000  1.6666667 10.8796296  0.0000000
[29]  1.2500000  0.0000000  4.5138889  0.0000000  0.0000000  0.6250000  0.0000000
[36]  0.0000000  0.0000000  0.0000000  0.0000000  2.5000000  0.0000000  0.9027778
[43]  0.0000000 11.8287037  0.0000000  0.9722222 15.5092593  3.4722222  0.8333333
[50]  1.6666667

$julians
[1] 2008 2040 2085 2122 2143 2232 2278 2283 2362

$intdays
[1] 32 45 37 21 89 46  5 79 11

$Pintsampest
[1] NA NA NA NA NA NA NA NA NA

$Pintboots
           [,1]     [,2]      [,3]     [,4]     [,5]       [,6]       [,7]      [,8]
 [1,]        NA       NA 1.6952617 1.206802       NA         NA         NA        NA
 [2,]        NA       NA        NA       NA       NA         NA         NA        NA
 [3,]        NA 1.153356 0.6005274       NA       NA         NA         NA        NA
 [4,]        NA       NA        NA       NA       NA         NA         NA        NA
 [5,]        NA       NA        NA       NA       NA         NA         NA        NA
 [6,]        NA       NA        NA       NA       NA         NA         NA        NA
 [7,]        NA       NA        NA       NA       NA         NA         NA        NA
 [8,]        NA       NA        NA       NA       NA         NA         NA        NA
 [9,]        NA       NA        NA       NA 0.000000 0.00000000 0.06230932        NA
[10,]        NA       NA        NA 1.206802       NA         NA         NA        NA
[11,]        NA       NA        NA       NA 2.671606 0.08451699 0.04087469        NA
[12,] 0.1186280       NA        NA       NA       NA         NA         NA        NA
[13,]        NA       NA        NA       NA       NA         NA         NA        NA
[14,]        NA       NA        NA       NA       NA         NA         NA        NA
[15,]        NA       NA        NA       NA       NA         NA         NA        NA
[16,] 0.2372560       NA        NA       NA       NA 0.00000000         NA        NA
[17,]        NA       NA        NA       NA       NA         NA         NA        NA
[18,]        NA       NA        NA       NA       NA         NA         NA        NA
[19,]        NA       NA        NA       NA       NA         NA         NA        NA
[20,]        NA       NA 3.0734287       NA       NA         NA         NA        NA
[21,]        NA       NA        NA       NA       NA         NA         NA        NA
[22,]        NA       NA        NA       NA       NA         NA         NA        NA
[23,]        NA       NA        NA       NA       NA         NA         NA        NA
[24,] 0.9460347       NA        NA       NA       NA         NA         NA        NA
[25,]        NA       NA        NA       NA       NA 0.00000000         NA        NA
[26,]        NA       NA        NA       NA       NA         NA 0.14405870        NA
[27,]        NA       NA 1.7073715       NA       NA         NA         NA 1.5037332
[28,]        NA       NA        NA       NA       NA         NA         NA        NA
[29,]        NA       NA        NA       NA       NA 0.16903397 0.08174938        NA
[30,]        NA       NA        NA       NA       NA         NA         NA        NA
[31,] 0.7695873       NA        NA       NA       NA         NA         NA        NA
[32,]        NA       NA        NA       NA       NA 0.00000000         NA        NA
[33,]        NA       NA        NA       NA       NA         NA         NA        NA
[34,]        NA       NA        NA       NA       NA         NA 0.05059472        NA
[35,]        NA       NA        NA       NA       NA         NA         NA        NA
[36,]        NA       NA        NA       NA       NA         NA         NA        NA
[37,]        NA       NA        NA       NA       NA         NA         NA        NA
[38,]        NA       NA        NA       NA       NA         NA         NA        NA
[39,]        NA       NA        NA       NA       NA         NA         NA        NA
[40,]        NA       NA        NA 1.810202       NA         NA         NA        NA
[41,]        NA       NA        NA       NA       NA         NA         NA        NA
[42,]        NA       NA        NA       NA       NA 0.16903397 0.05059472        NA
[43,]        NA       NA        NA       NA       NA         NA         NA        NA
[44,]        NA 3.206949        NA       NA 2.671606         NA         NA        NA
[45,]        NA       NA        NA       NA       NA         NA         NA        NA
[46,]        NA       NA        NA       NA       NA         NA 0.05059472 0.7518666
[47,] 0.6509593 3.061180        NA       NA       NA         NA         NA        NA
[48,] 1.0646627       NA        NA       NA       NA         NA         NA        NA
[49,]        NA       NA        NA       NA 2.671606         NA         NA        NA
[50,]        NA       NA        NA 1.206802       NA         NA         NA        NA
      [,9]
 [1,]   NA
 [2,]   NA
 [3,]   NA
 [4,]   NA
 [5,]   NA
 [6,]   NA
 [7,]   NA
 [8,]   NA
 [9,]   NA
[10,]   NA
[11,]   NA
[12,]   NA
[13,]   NA
[14,]   NA
[15,]   NA
[16,]   NA
[17,]   NA
[18,]   NA
[19,]   NA
[20,]   NA
[21,]   NA
[22,]   NA
[23,]   NA
[24,]   NA
[25,]   NA
[26,]   NA
[27,]   NA
[28,]   NA
[29,]   NA
[30,]   NA
[31,]   NA
[32,]   NA
[33,]   NA
[34,]   NA
[35,]   NA
[36,]   NA
[37,]   NA
[38,]   NA
[39,]   NA
[40,]   NA
[41,]   NA
[42,]   NA
[43,]   NA
[44,]   NA
[45,]   NA
[46,]   NA
[47,]   NA
[48,]   NA
[49,]   NA
[50,]   NA

$Bdatesampinfo
      DATE JULIAN N Mean Stdev
1 07/01/11   2008 2   NA    NA
2 08/02/11   2040 4   NA    NA
3 09/16/11   2085 6   NA    NA
4 10/23/11   2122 6   NA    NA
5 11/13/11   2143 5   NA    NA
6 02/10/12   2232 6   NA    NA
7 03/27/12   2278 5   NA    NA
8 04/01/12   2283 4   NA    NA
9 06/19/12   2362 2   NA    NA

$Ndatesampinfo
      DATE JULIAN N Mean Stdev
1 07/01/11   2008 2   NA    NA
2 08/02/11   2040 4   NA    NA
3 09/16/11   2085 6   NA    NA
4 10/23/11   2122 6   NA    NA
5 11/13/11   2143 5   NA    NA
6 02/10/12   2232 6   NA    NA
7 03/27/12   2278 5   NA    NA
8 04/01/12   2283 4   NA    NA
9 06/19/12   2362 2   NA    NA

$Bdateboots
      [,1]       [,2]      [,3] [,4]      [,5] [,6]       [,7]      [,8] [,9]
 [1,]    0 0.00000000 0.7783033    0 1.9464751    0 0.00000000 0.0000000    0
 [2,]    0 0.00000000 0.0000000    0 0.0000000    0 0.00000000 0.0000000    0
 [3,]    0 0.08622222 0.2299259    0 0.0000000    0 0.00000000 0.0000000    0
 [4,]    0 0.00000000 0.0000000    0 0.0000000    0 0.15386569 0.0000000    0
 [5,]    0 0.00000000 0.0000000    0 0.0000000    0 0.00000000 0.0000000    0
 [6,]    0 0.00000000 0.0000000    0 0.0000000    0 0.00000000 0.0000000    0
 [7,]    0 0.77879916 0.0000000    0 0.9732375    0 0.00000000 0.0000000    0
 [8,]    0 0.00000000 0.0000000    0 0.0000000    0 0.00000000 0.1867254    0
 [9,]    0 0.00000000 0.8460384    0 0.0000000    0 0.00000000 0.3734508    0
[10,]    0 0.00000000 0.0000000    0 1.9464751    0 0.05128856 0.0000000    0
[11,]    0 0.04311111 0.0000000    0 0.9732375    0 0.05128856 0.1867254    0
[12,]    0 0.04311111 0.0000000    0 0.0000000    0 0.10257712 0.0000000    0
[13,]    0 0.00000000 0.7413290    0 0.0000000    0 0.00000000 0.0000000    0
[14,]    0 0.00000000 0.0000000    0 0.0000000    0 0.05128856 0.0000000    0
[15,]    0 0.49045870 0.0000000    0 2.9197126    0 0.00000000 0.0000000    0
[16,]    0 0.08622222 0.0000000    0 0.0000000    0 0.00000000 0.0000000    0
[17,]    0 0.00000000 0.0000000    0 1.9464751    0 0.00000000 0.0000000    0
[18,]    0 0.00000000 0.0000000    0 0.0000000    0 0.00000000 0.0000000    0
[19,]    0 0.00000000 0.5041146    0 0.0000000    0 0.00000000 0.0000000    0
[20,]    0 0.00000000 1.6891116    0 0.0000000    0 0.00000000 0.0000000    0
[21,]    0 0.04311111 0.0000000    0 0.0000000    0 0.00000000 0.0000000    0
[22,]    0 0.77879916 0.0000000    0 0.9732375    0 0.00000000 0.3734508    0
[23,]    0 0.12933333 0.0000000    0 0.0000000    0 0.00000000 0.5601761    0
[24,]    0 0.53356981 0.0000000    0 0.0000000    0 0.00000000 0.0000000    0
[25,]    0 0.00000000 0.0000000    0 0.0000000    0 0.00000000 0.0000000    0
[26,]    0 0.00000000 0.5143682    0 0.0000000    0 0.10257712 0.7469015    0
[27,]    0 0.00000000 0.8460384    0 0.0000000    0 0.00000000 0.3734508    0
[28,]    0 0.00000000 0.0000000    0 0.0000000    0 0.00000000 0.0000000    0
[29,]    0 0.00000000 0.6838475    0 0.0000000    0 0.10257712 0.3734508    0
[30,]    0 0.49045870 0.0000000    0 0.0000000    0 0.00000000 0.1867254    0
[31,]    0 0.37456268 0.0000000    0 0.0000000    0 0.00000000 0.1867254    0
[32,]    0 0.00000000 0.5718497    0 0.0000000    0 0.00000000 0.0000000    0
[33,]    0 0.00000000 0.0000000    0 0.0000000    0 0.00000000 0.3734508    0
[34,]    0 0.00000000 0.0000000    0 0.0000000    0 0.10257712 0.1867254    0
[35,]    0 0.00000000 0.0000000    0 0.0000000    0 0.00000000 0.0000000    0
[36,]    0 0.00000000 0.0000000    0 0.0000000    0 0.00000000 0.0000000    0
[37,]    0 0.04311111 0.0000000    0 0.0000000    0 0.00000000 0.0000000    0
[38,]    0 0.00000000 0.0000000    0 0.0000000    0 0.05128856 0.0000000    0
[39,]    0 0.00000000 0.0000000    0 0.0000000    0 0.00000000 0.1867254    0
[40,]    0 0.00000000 0.0000000    0 2.9197126    0 0.05128856 0.0000000    0
[41,]    0 0.00000000 1.0729992    0 0.0000000    0 0.00000000 0.0000000    0
[42,]    0 0.00000000 0.9035199    0 0.0000000    0 0.10257712 0.1867254    0
[43,]    0 0.00000000 0.0000000    0 0.0000000    0 0.10257712 0.0000000    0
[44,]    0 0.28834046 0.9137734    0 0.9732375    0 0.00000000 0.0000000    0
[45,]    0 0.00000000 0.0000000    0 0.0000000    0 0.00000000 0.0000000    0
[46,]    0 0.00000000 0.0000000    0 0.0000000    0 0.10257712 0.1867254    0
[47,]    0 0.33145157 0.7208219    0 0.0000000    0 0.00000000 0.1867254    0
[48,]    0 0.57668092 0.0000000    0 0.0000000    0 0.00000000 0.0000000    0
[49,]    0 0.00000000 0.0000000    0 0.9732375    0 0.00000000 0.3734508    0
[50,]    0 0.00000000 0.0000000    0 1.9464751    0 0.00000000 0.1867254    0

$Ndateboots
      [,1]     [,2]      [,3] [,4]     [,5] [,6]     [,7]      [,8] [,9]
 [1,]    0  0.00000 177.77778    0 26.66667    0 0.000000  0.000000    0
 [2,]    0  0.00000   0.00000    0  0.00000    0 0.000000  0.000000    0
 [3,]    0 44.44444 118.51852    0  0.00000    0 0.000000  0.000000    0
 [4,]    0  0.00000   0.00000    0  0.00000    0 6.666667  0.000000    0
 [5,]    0  0.00000   0.00000    0  0.00000    0 0.000000  0.000000    0
 [6,]    0  0.00000   0.00000    0  0.00000    0 0.000000  0.000000    0
 [7,]    0 38.88889   0.00000    0 13.33333    0 0.000000  0.000000    0
 [8,]    0  0.00000   0.00000    0  0.00000    0 0.000000  5.555556    0
 [9,]    0  0.00000 162.96296    0  0.00000    0 0.000000 11.111111    0
[10,]    0  0.00000   0.00000    0 26.66667    0 2.222222  0.000000    0
[11,]    0 22.22222   0.00000    0 13.33333    0 2.222222  5.555556    0
[12,]    0 22.22222   0.00000    0  0.00000    0 4.444444  0.000000    0
[13,]    0  0.00000  59.25926    0  0.00000    0 0.000000  0.000000    0
[14,]    0  0.00000   0.00000    0  0.00000    0 2.222222  0.000000    0
[15,]    0 11.11111   0.00000    0 40.00000    0 0.000000  0.000000    0
[16,]    0 44.44444   0.00000    0  0.00000    0 0.000000  0.000000    0
[17,]    0  0.00000   0.00000    0 26.66667    0 0.000000  0.000000    0
[18,]    0  0.00000   0.00000    0  0.00000    0 0.000000  0.000000    0
[19,]    0  0.00000 148.14815    0  0.00000    0 0.000000  0.000000    0
[20,]    0  0.00000 162.96296    0  0.00000    0 0.000000  0.000000    0
[21,]    0 22.22222   0.00000    0  0.00000    0 0.000000  0.000000    0
[22,]    0 38.88889   0.00000    0 13.33333    0 0.000000 11.111111    0
[23,]    0 66.66667   0.00000    0  0.00000    0 0.000000 16.666667    0
[24,]    0 33.33333   0.00000    0  0.00000    0 0.000000  0.000000    0
[25,]    0  0.00000   0.00000    0  0.00000    0 0.000000  0.000000    0
[26,]    0  0.00000 103.70370    0  0.00000    0 4.444444 22.222222    0
[27,]    0  0.00000 162.96296    0  0.00000    0 0.000000 11.111111    0
[28,]    0  0.00000   0.00000    0  0.00000    0 0.000000  0.000000    0
[29,]    0  0.00000  29.62963    0  0.00000    0 4.444444 11.111111    0
[30,]    0 11.11111   0.00000    0  0.00000    0 0.000000  5.555556    0
[31,]    0 72.22222   0.00000    0  0.00000    0 0.000000  5.555556    0
[32,]    0  0.00000 133.33333    0  0.00000    0 0.000000  0.000000    0
[33,]    0  0.00000   0.00000    0  0.00000    0 0.000000 11.111111    0
[34,]    0  0.00000   0.00000    0  0.00000    0 4.444444  5.555556    0
[35,]    0  0.00000   0.00000    0  0.00000    0 0.000000  0.000000    0
[36,]    0  0.00000   0.00000    0  0.00000    0 0.000000  0.000000    0
[37,]    0 22.22222   0.00000    0  0.00000    0 0.000000  0.000000    0
[38,]    0  0.00000   0.00000    0  0.00000    0 2.222222  0.000000    0
[39,]    0  0.00000   0.00000    0  0.00000    0 0.000000  5.555556    0
[40,]    0  0.00000   0.00000    0 40.00000    0 2.222222  0.000000    0
[41,]    0  0.00000 118.51852    0  0.00000    0 0.000000  0.000000    0
[42,]    0  0.00000 192.59259    0  0.00000    0 4.444444  5.555556    0
[43,]    0  0.00000   0.00000    0  0.00000    0 4.444444  0.000000    0
[44,]    0 27.77778 148.14815    0 13.33333    0 0.000000  0.000000    0
[45,]    0  0.00000   0.00000    0  0.00000    0 0.000000  0.000000    0
[46,]    0  0.00000   0.00000    0  0.00000    0 4.444444  5.555556    0
[47,]    0 50.00000 148.14815    0  0.00000    0 0.000000  5.555556    0
[48,]    0 55.55556   0.00000    0  0.00000    0 0.000000  0.000000    0
[49,]    0  0.00000   0.00000    0 13.33333    0 0.000000 11.111111    0
[50,]    0  0.00000   0.00000    0 26.66667    0 0.000000  5.555556    0

