$totdays
[1] 365

$Psampest
[1] NA

$Pbootest
     Mean      2.5%       50%     97.5% 
 5.990642  0.000000  0.000000 46.925326 

$Pboots
 [1]  0.0000000 20.5872328  0.0000000  0.0000000 48.4605938  1.0297204 22.3027834
 [8]  0.0000000  0.0000000  0.0000000 41.6371828  0.4887141  0.0000000  0.8728439
[15]  0.0000000  0.0000000  3.7384492  0.0000000  0.4887141  0.0000000 35.7511675
[22]  0.0000000  0.0000000  0.0000000  0.0000000  0.0000000  0.5410063 23.0283468
[29]  0.0000000  0.0000000  0.0000000  0.0000000  0.0000000  0.0000000  0.0000000
[36]  0.0000000  0.0000000  0.0000000  0.0000000 51.2847057  0.0000000  0.0000000
[43]  0.0000000  0.0000000  0.0000000  0.0000000  8.0175711 39.7202303  1.5828343
[50]  0.0000000

$Bboots
 [1] 0.00000000 0.74182124 0.00000000 0.00000000 1.86752651 0.66747211 0.79319086
 [8] 0.00000000 0.00000000 0.00000000 1.72543870 0.31836886 0.00000000 0.57526893
[15] 0.00000000 0.00000000 0.32039280 0.00000000 0.31836886 0.00000000 1.05618860
[22] 0.00000000 0.00000000 0.00000000 0.00000000 0.00000000 0.34910325 0.96203269
[29] 0.00000000 0.00000000 0.00000000 0.00000000 0.00000000 0.00000000 0.00000000
[36] 0.00000000 0.00000000 0.00000000 0.00000000 2.37356283 0.00000000 0.00000000
[43] 0.00000000 0.00000000 0.00000000 0.00000000 0.63673772 1.39018851 0.08857798
[50] 0.00000000

$Nboots
 [1]  0.0000000  9.6064815  0.0000000  0.0000000 10.2199074  2.6388889  4.0509259
 [8]  0.0000000  0.0000000  0.0000000 18.0555556  1.2500000  0.0000000  2.2222222
[15]  0.0000000  0.0000000  6.0185185  0.0000000  1.2500000  0.0000000 11.2384259
[22]  0.0000000  0.0000000  0.0000000  0.0000000  0.0000000  1.3888889  7.2685185
[29]  0.0000000  0.0000000  0.0000000  0.0000000  0.0000000  0.0000000  0.0000000
[36]  0.0000000  0.0000000  0.0000000  0.0000000 16.9328704  0.0000000  0.0000000
[43]  0.0000000  0.0000000  0.0000000  0.0000000  2.5000000 10.7638889  0.9722222
[50]  0.0000000

$julians
[1] 2008 2040 2085 2122 2143 2232 2278 2283 2362

$intdays
[1] 32 45 37 21 89 46  5 79 11

$Pintsampest
[1] NA NA NA NA NA NA NA NA NA

$Pintboots
      [,1]     [,2]     [,3]     [,4]     [,5]     [,6]      [,7] [,8] [,9]
 [1,]   NA       NA       NA       NA       NA       NA        NA   NA   NA
 [2,]   NA 20.58723       NA       NA       NA       NA        NA   NA   NA
 [3,]   NA       NA       NA       NA       NA       NA        NA   NA   NA
 [4,]   NA       NA       NA       NA       NA       NA        NA   NA   NA
 [5,]   NA 44.21356       NA       NA       NA 4.247039        NA   NA   NA
 [6,]   NA       NA       NA       NA       NA       NA 1.0297204   NA   NA
 [7,]   NA 22.30278       NA       NA       NA       NA        NA   NA   NA
 [8,]   NA       NA       NA       NA       NA       NA        NA   NA   NA
 [9,]   NA       NA       NA       NA       NA       NA        NA   NA   NA
[10,]   NA       NA       NA       NA       NA       NA        NA   NA   NA
[11,]   NA 31.40197 10.23521       NA       NA       NA        NA   NA   NA
[12,]   NA       NA       NA       NA       NA       NA 0.4887141   NA   NA
[13,]   NA       NA       NA       NA       NA       NA        NA   NA   NA
[14,]   NA       NA       NA       NA       NA       NA 0.8728439   NA   NA
[15,]   NA       NA       NA       NA       NA       NA        NA   NA   NA
[16,]   NA       NA       NA       NA       NA       NA        NA   NA   NA
[17,]   NA       NA       NA 3.738449       NA       NA        NA   NA   NA
[18,]   NA       NA       NA       NA       NA       NA        NA   NA   NA
[19,]   NA       NA       NA       NA       NA       NA 0.4887141   NA   NA
[20,]   NA       NA       NA       NA       NA       NA        NA   NA   NA
[21,]   NA 24.31155       NA       NA 11.43962       NA        NA   NA   NA
[22,]   NA       NA       NA       NA       NA       NA        NA   NA   NA
[23,]   NA       NA       NA       NA       NA       NA        NA   NA   NA
[24,]   NA       NA       NA       NA       NA       NA        NA   NA   NA
[25,]   NA       NA       NA       NA       NA       NA        NA   NA   NA
[26,]   NA       NA       NA       NA       NA       NA        NA   NA   NA
[27,]   NA       NA       NA       NA       NA       NA 0.5410063   NA   NA
[28,]   NA 18.54305       NA       NA       NA 4.485292        NA   NA   NA
[29,]   NA       NA       NA       NA       NA       NA        NA   NA   NA
[30,]   NA       NA       NA       NA       NA       NA        NA   NA   NA
[31,]   NA       NA       NA       NA       NA       NA        NA   NA   NA
[32,]   NA       NA       NA       NA       NA       NA        NA   NA   NA
[33,]   NA       NA       NA       NA       NA       NA        NA    0   NA
[34,]   NA       NA       NA       NA       NA       NA        NA   NA   NA
[35,]   NA       NA       NA       NA       NA       NA        NA   NA   NA
[36,]   NA       NA       NA       NA       NA       NA        NA   NA   NA
[37,]   NA       NA       NA       NA       NA       NA        NA   NA   NA
[38,]   NA       NA       NA       NA       NA       NA        NA    0   NA
[39,]   NA       NA       NA       NA       NA       NA        NA   NA   NA
[40,]   NA 35.39939 12.33647 3.548842       NA       NA        NA   NA   NA
[41,]   NA       NA       NA       NA       NA       NA        NA   NA   NA
[42,]   NA       NA       NA       NA       NA       NA        NA   NA   NA
[43,]   NA       NA       NA       NA       NA       NA        NA   NA   NA
[44,]   NA       NA       NA       NA       NA       NA        NA    0   NA
[45,]   NA       NA       NA       NA       NA       NA        NA   NA   NA
[46,]   NA       NA       NA       NA       NA       NA        NA   NA   NA
[47,]   NA       NA       NA       NA       NA 8.017571        NA   NA   NA
[48,]   NA 39.72023       NA       NA       NA       NA        NA   NA   NA
[49,]   NA       NA       NA       NA       NA 1.582834        NA   NA   NA
[50,]   NA       NA       NA       NA       NA       NA        NA   NA   NA

$Bdatesampinfo
      DATE JULIAN N Mean Stdev
1 07/01/11   2008 2   NA    NA
2 08/02/11   2040 4   NA    NA
3 09/16/11   2085 6   NA    NA
4 10/23/11   2122 6   NA    NA
5 11/13/11   2143 5   NA    NA
6 02/10/12   2232 6   NA    NA
7 03/27/12   2278 5   NA    NA
8 04/01/12   2283 4   NA    NA
9 06/19/12   2362 2   NA    NA

$Ndatesampinfo
      DATE JULIAN N Mean Stdev
1 07/01/11   2008 2   NA    NA
2 08/02/11   2040 4   NA    NA
3 09/16/11   2085 6   NA    NA
4 10/23/11   2122 6   NA    NA
5 11/13/11   2143 5   NA    NA
6 02/10/12   2232 6   NA    NA
7 03/27/12   2278 5   NA    NA
8 04/01/12   2283 4   NA    NA
9 06/19/12   2362 2   NA    NA

$Bdateboots
           [,1]      [,2]      [,3]       [,4]     [,5]      [,6]       [,7] [,8] [,9]
 [1,] 0.0000000  0.000000  0.000000 0.84253810 0.000000 0.0000000  0.0000000    0    0
 [2,] 0.0000000  0.778922 11.090218 0.00000000 0.000000 0.0000000  0.0000000    0    0
 [3,] 0.0000000  0.000000  0.000000 0.00000000 0.000000 0.0000000  0.0000000    0    0
 [4,] 0.8911652  0.000000  0.000000 0.40816822 0.000000 0.0000000  0.0000000    0    0
 [5,] 0.0000000  8.412910 16.229030 0.00000000 0.000000 0.1445824  5.0939017    0    0
 [6,] 0.0000000  8.412910  0.000000 0.00000000 0.000000 0.0000000 10.6795538    0    0
 [7,] 0.0000000  0.778922 11.912132 0.00000000 3.641913 0.0000000  0.0000000    0    0
 [8,] 0.0000000  0.000000  0.000000 0.00000000 0.000000 0.0000000  0.0000000    0    0
 [9,] 0.0000000  0.000000  0.000000 0.00000000 0.000000 0.0000000  0.0000000    0    0
[10,] 0.0000000  0.000000  0.000000 0.00000000 0.000000 0.0000000  0.0000000    0    0
[11,] 0.0000000  8.023449  9.587701 0.40816822 0.000000 0.1445824  0.0000000    0    0
[12,] 0.0000000  0.000000  0.000000 0.00000000 0.000000 0.0000000  5.0939017    0    0
[13,] 0.8911652  0.000000  0.000000 0.00000000 0.000000 0.0000000  0.0000000    0    0
[14,] 0.0000000  0.000000  0.000000 0.00000000 0.000000 0.0000000  9.2043028    0    0
[15,] 0.0000000  0.000000  0.000000 0.00000000 3.645121 0.0000000  5.5856520    0    0
[16,] 0.0000000  0.000000  0.000000 0.00000000 0.000000 0.0000000  0.0000000    0    0
[17,] 0.0000000  0.000000  0.000000 0.81633644 4.309948 0.0000000  0.0000000    0    0
[18,] 0.0000000  0.000000  0.000000 0.00000000 0.000000 0.0000000  4.6021514    0    0
[19,] 0.0000000  0.000000 15.791072 0.00000000 0.000000 0.0000000  5.0939017    0    0
[20,] 0.0000000  0.000000 17.894194 0.00000000 1.758838 0.0000000  4.6021514    0    0
[21,] 0.0000000  0.389461 13.414649 0.00000000 3.094908 0.0000000  0.0000000    0    0
[22,] 0.0000000  0.000000  0.000000 0.00000000 3.323233 0.0000000  0.0000000    0    0
[23,] 0.0000000  0.000000  0.000000 0.02620167 0.000000 0.0000000  0.0000000    0    0
[24,] 0.0000000  8.023449  0.000000 0.46057155 0.000000 0.0000000  0.0000000    0    0
[25,] 0.0000000  0.000000  0.000000 0.84253810 0.000000 0.0000000  0.0000000    0    0
[26,] 0.0000000  8.412910  0.000000 0.40816822 0.000000 0.0000000  0.0000000    0    0
[27,] 0.0000000  0.000000  0.000000 0.00000000 0.000000 0.0000000  5.5856520    0    0
[28,] 0.0000000  4.790647  5.218810 0.00000000 0.000000 0.2891647  5.0939017    0    0
[29,] 0.0000000  0.000000  0.000000 0.00000000 3.870239 0.0000000  5.5856520    0    0
[30,] 0.0000000  8.023449  0.000000 0.02620167 0.000000 0.0000000  0.0000000    0    0
[31,] 0.0000000 12.424635  0.000000 0.00000000 0.000000 0.2891647  0.0000000    0    0
[32,] 0.8911652  0.000000  0.000000 0.00000000 2.430081 0.0000000  5.5856520    0    0
[33,] 0.0000000  0.000000 11.337523 0.00000000 2.094459 0.0000000  0.0000000    0    0
[34,] 0.0000000  0.000000  0.000000 0.00000000 0.000000 0.0000000  0.0000000    0    0
[35,] 0.0000000 12.035174  0.000000 0.00000000 3.641913 0.0000000  0.0000000    0    0
[36,] 0.8911652  0.000000  0.000000 0.00000000 0.000000 0.0000000  0.0000000    0    0
[37,] 0.8911652  0.000000  0.000000 0.43436989 0.000000 0.0000000  0.0000000    0    0
[38,] 0.0000000  0.000000  0.000000 0.00000000 0.000000 0.0000000  0.0000000    0    0
[39,] 0.0000000  4.790647  0.000000 0.00000000 0.000000 0.0000000  0.0000000    0    0
[40,] 0.0000000  8.412910 11.337523 0.46057155 5.967906 0.0000000  5.0939017    0    0
[41,] 0.0000000  4.401186  0.000000 0.00000000 1.107744 0.0000000  9.6960531    0    0
[42,] 0.8911652  0.000000  0.000000 0.86873977 0.000000 0.0000000  0.0000000    0    0
[43,] 0.0000000  0.000000  0.000000 0.00000000 2.869790 0.0000000  0.0000000    0    0
[44,] 0.8911652  0.000000  0.000000 0.00000000 0.000000 0.0000000  0.0000000    0    0
[45,] 0.0000000  0.000000  0.000000 0.00000000 0.000000 0.0000000  9.6960531    0    0
[46,] 0.0000000  8.023449  0.000000 0.40816822 0.000000 0.0000000  0.0000000    0    0
[47,] 0.0000000  0.000000  0.000000 0.05240333 0.000000 0.0000000 10.1878035    0    0
[48,] 0.0000000  8.802371 13.440645 0.00000000 0.000000 0.2891647  0.0000000    0    0
[49,] 0.0000000  0.000000  0.000000 0.00000000 0.000000 0.4337471  0.9835006    0    0
[50,] 0.0000000  0.000000  0.000000 0.00000000 4.202652 0.0000000  5.0939017    0    0

$Ndateboots
          [,1]      [,2]      [,3]      [,4]       [,5]      [,6]      [,7] [,8] [,9]
 [1,]  0.00000  0.000000   0.00000  9.259259   0.000000  0.000000  0.000000    0    0
 [2,]  0.00000  5.555556 148.14815  0.000000   0.000000  0.000000  0.000000    0    0
 [3,]  0.00000  0.000000   0.00000  0.000000   0.000000  0.000000  0.000000    0    0
 [4,] 11.11111  0.000000   0.00000  3.703704   0.000000  0.000000  0.000000    0    0
 [5,]  0.00000 58.333333  81.48148  0.000000   0.000000  3.703704 20.000000    0    0
 [6,]  0.00000 58.333333   0.00000  0.000000   0.000000  0.000000 42.222222    0    0
 [7,]  0.00000  5.555556  59.25926  0.000000  82.222222  0.000000  0.000000    0    0
 [8,]  0.00000  0.000000   0.00000  0.000000   0.000000  0.000000  0.000000    0    0
 [9,]  0.00000  0.000000   0.00000  0.000000   0.000000  0.000000  0.000000    0    0
[10,]  0.00000  0.000000   0.00000  0.000000   0.000000  0.000000  0.000000    0    0
[11,]  0.00000 55.555556 114.81481  3.703704   0.000000  3.703704  0.000000    0    0
[12,]  0.00000  0.000000   0.00000  0.000000   0.000000  0.000000 20.000000    0    0
[13,] 11.11111  0.000000   0.00000  0.000000   0.000000  0.000000  0.000000    0    0
[14,]  0.00000  0.000000   0.00000  0.000000   0.000000  0.000000 35.555556    0    0
[15,]  0.00000  0.000000   0.00000  0.000000  13.333333  0.000000 22.222222    0    0
[16,]  0.00000  0.000000   0.00000  0.000000   0.000000  0.000000  0.000000    0    0
[17,]  0.00000  0.000000   0.00000  7.407407  88.888889  0.000000  0.000000    0    0
[18,]  0.00000  0.000000   0.00000  0.000000   0.000000  0.000000 17.777778    0    0
[19,]  0.00000  0.000000  74.07407  0.000000   0.000000  0.000000 20.000000    0    0
[20,]  0.00000  0.000000 107.40741  0.000000  71.111111  0.000000 17.777778    0    0
[21,]  0.00000  2.777778  92.59259  0.000000  84.444444  0.000000  0.000000    0    0
[22,]  0.00000  0.000000   0.00000  0.000000  73.333333  0.000000  0.000000    0    0
[23,]  0.00000  0.000000   0.00000  1.851852   0.000000  0.000000  0.000000    0    0
[24,]  0.00000 55.555556   0.00000  7.407407   0.000000  0.000000  0.000000    0    0
[25,]  0.00000  0.000000   0.00000  9.259259   0.000000  0.000000  0.000000    0    0
[26,]  0.00000 58.333333   0.00000  3.703704   0.000000  0.000000  0.000000    0    0
[27,]  0.00000  0.000000   0.00000  0.000000   0.000000  0.000000 22.222222    0    0
[28,]  0.00000 33.333333  55.55556  0.000000   0.000000  7.407407 20.000000    0    0
[29,]  0.00000  0.000000   0.00000  0.000000  71.111111  0.000000 22.222222    0    0
[30,]  0.00000 55.555556   0.00000  1.851852   0.000000  0.000000  0.000000    0    0
[31,]  0.00000 86.111111   0.00000  0.000000   0.000000  7.407407  0.000000    0    0
[32,] 11.11111  0.000000   0.00000  0.000000   8.888889  0.000000 22.222222    0    0
[33,]  0.00000  0.000000  77.77778  0.000000  40.000000  0.000000  0.000000    0    0
[34,]  0.00000  0.000000   0.00000  0.000000   0.000000  0.000000  0.000000    0    0
[35,]  0.00000 83.333333   0.00000  0.000000  82.222222  0.000000  0.000000    0    0
[36,] 11.11111  0.000000   0.00000  0.000000   0.000000  0.000000  0.000000    0    0
[37,] 11.11111  0.000000   0.00000  5.555556   0.000000  0.000000  0.000000    0    0
[38,]  0.00000  0.000000   0.00000  0.000000   0.000000  0.000000  0.000000    0    0
[39,]  0.00000 33.333333   0.00000  0.000000   0.000000  0.000000  0.000000    0    0
[40,]  0.00000 58.333333  77.77778  7.407407  42.222222  0.000000 20.000000    0    0
[41,]  0.00000 30.555556   0.00000  0.000000  24.444444  0.000000 37.777778    0    0
[42,] 11.11111  0.000000   0.00000 11.111111   0.000000  0.000000  0.000000    0    0
[43,]  0.00000  0.000000   0.00000  0.000000  26.666667  0.000000  0.000000    0    0
[44,] 11.11111  0.000000   0.00000  0.000000   0.000000  0.000000  0.000000    0    0
[45,]  0.00000  0.000000   0.00000  0.000000   0.000000  0.000000 37.777778    0    0
[46,]  0.00000 55.555556   0.00000  3.703704   0.000000  0.000000  0.000000    0    0
[47,]  0.00000  0.000000   0.00000  3.703704   0.000000  0.000000 40.000000    0    0
[48,]  0.00000 61.111111 111.11111  0.000000   0.000000  7.407407  0.000000    0    0
[49,]  0.00000  0.000000   0.00000  0.000000   0.000000 11.111111  4.444444    0    0
[50,]  0.00000  0.000000   0.00000  0.000000 108.888889  0.000000 20.000000    0    0

