$totdays
[1] 365

$Psampest
[1] 3028.718

$Pbootest
    Mean     2.5%      50%    97.5% 
2140.233 1723.564 2030.775 2846.430 

$Pboots
 [1] 1713.260 1759.055 1874.727 2639.620 1958.137 2477.021 2017.630 1784.533 1991.542
[10] 1995.668 2497.518 1833.974 2073.789 1974.009 3204.294 2691.044 1761.947 2462.093
[19] 2122.510 2819.223 2337.758 1854.297 1927.001 2546.878 2134.366 2303.374 1961.106
[28] 2140.462 2854.329 1933.077 1852.924 1974.744 1776.564 2205.479 1983.620 2331.568
[37] 1647.932 2087.430 2051.038 2263.964 1859.742 1847.768 1991.349 2582.710 2268.400
[46] 2788.343 1900.231 2068.190 1841.470 2043.921

$Bboots
 [1] 298.2366 328.1970 344.5082 404.9299 319.4276 371.1733 287.4543 324.6881 292.8843
[10] 309.8187 337.3224 301.0263 260.2881 310.8613 378.9365 415.0496 260.5510 352.2239
[19] 333.7551 358.1241 330.0164 344.3622 335.3663 350.8775 357.9143 356.7419 339.0780
[28] 318.8222 419.5239 312.9776 319.4267 301.5271 267.5917 300.5127 332.7798 308.5018
[37] 317.6581 322.9663 300.5657 357.6872 241.5008 277.4712 302.3946 368.6808 350.3857
[46] 348.4057 305.5604 338.4418 310.6186 279.5585

$Nboots
 [1] 546.2963 575.0926 552.5231 747.3611 617.7778 802.4769 684.1667 552.9398 650.0694
[10] 668.6574 756.7824 604.6759 671.5046 613.5648 932.0139 686.0417 566.2037 845.3704
[19] 713.9120 779.4676 770.9722 606.6667 648.8889 777.8472 689.1435 737.0370 603.4722
[28] 717.2685 825.0694 549.5833 609.2130 609.8843 613.1713 731.0417 637.8935 785.3241
[37] 538.2407 666.9444 627.8472 736.1574 627.6157 613.5417 666.8519 802.3843 755.5556
[46] 799.8843 619.5370 667.5231 594.7454 707.3148

$julians
[1] 2008 2040 2085 2122 2143 2232 2278 2283 2362

$intdays
[1] 32 45 37 21 89 46  5 79 11

$Pintsampest
[1]  473.941475  820.129899  243.666594   61.691421  187.868877   23.544472    3.313301
[8] 1044.470561  170.091419

$Pintboots
          [,1]      [,2]     [,3]     [,4]      [,5]     [,6]     [,7]       [,8]
 [1,] 373.0541  671.7605 173.5655 65.15211 257.56288 16.11856 3.218627   80.62326
 [2,] 373.0541  755.8105 239.2654 50.03537 162.88513 28.00167 4.044940   74.28080
 [3,] 435.0203  744.0321 194.8439 59.74368 200.98155 20.49414 3.175241  129.30196
 [4,] 469.8477  874.3804 286.0994 77.66279 219.85058 17.08635 3.298219  562.14201
 [5,] 504.6752  778.5431 222.4163 61.20994 202.67888 31.46548 3.341606   60.19146
 [6,] 610.1551 1010.7998 256.4564 73.04435 246.63421 27.61133 4.126941  130.23263
 [7,] 442.7090  801.6799 257.6351 57.72649 231.93557 32.07122 3.217353  104.25520
 [8,] 435.0203  748.6127 208.5536 57.25020 144.71738 15.95068 3.328383   87.44712
 [9,] 508.7689  837.4374 243.3677 42.77751 125.86416 21.27900 3.287405  110.26194
[10,] 442.7090  799.9114 272.1313 63.13228 180.98341 13.61085 3.287405  131.25653
[11,] 512.8627  909.3833 262.4679 47.09064 169.76472 17.74154 3.643842  447.31068
[12,] 407.8815  703.5633 220.9214 66.54477 211.21199 22.44292 2.982760  117.07394
[13,] 574.8289  889.3547 207.6863 39.97802 148.66559 15.38052 3.269914   86.50460
[14,] 439.1140  758.2927 209.9322 67.43769 193.60942 14.00191 2.858507  195.41148
[15,] 478.0352  904.3740 298.7134 76.16342 208.34612 13.34672 3.160159 1050.81724
[16,] 399.6940  719.0391 246.6932 81.21340 245.77379 19.05613 2.527966  837.22920
[17,] 508.7689  677.1587 152.3927 46.81673 149.44774 22.13760 2.970671  104.25520
[18,] 578.9226 1027.7184 334.8984 81.45639 225.23985 22.21196 3.176375   80.15793
[19,] 478.0352  869.4342 258.5474 62.00938 212.35103 27.82601 3.563525  117.07394
[20,] 473.9415  886.8725 279.1779 47.18631 103.67682 13.74830 3.409249  856.73455
[21,] 574.8289  965.6873 288.6771 65.61805 188.78407 24.70840 3.229441  115.67795
[22,] 373.0541  720.8707 253.8594 81.58367 205.80690 16.11927 3.313301  123.88595
[23,] 373.0541  797.0993 283.3343 63.84522 211.32335 38.82759 3.219761   83.82615
[24,] 544.0952  916.4461 252.2002 70.24421 202.56752 14.84985 3.534086  413.05391
[25,] 473.9415  837.7622 275.2101 81.25102 223.27449 24.10780 3.432736  122.02462
[26,] 473.9415  878.7262 276.5429 70.44958 258.56762 39.69696 3.696908  201.75816
[27,] 373.0541  720.8707 233.9102 57.65221 145.85643 22.51818 4.239105  311.58794
[28,] 508.7689  891.8819 283.6705 62.10286 194.83262 23.81785 2.640130   77.01414
[29,] 540.0014  928.9790 283.0319 86.79122 267.06255 32.56632 3.798259  569.88468
[30,] 373.0541  644.5382 171.2947 46.85215 162.75015 25.49325 3.562391  406.24190
[31,] 403.7878  757.3850 255.1269 61.96753 191.95206 25.50320 2.886812   77.01414
[32,] 377.1478  693.8425 213.8511 53.41405 147.74351 20.17816 3.287405  368.41703
[33,] 411.9753  666.6202 188.7280 70.28606 267.77139 26.74344 2.844700   63.94389
[34,] 578.9226  914.6776 246.8577 54.16806 178.88895 25.48599 2.832611   94.16861
[35,] 438.6152  822.3591 269.1804 56.43088 194.65959 17.48424 3.204679   96.63792
[36,] 578.9226  983.1887 288.5082 58.74888 159.04762 15.50229 3.327249  131.72186
[37,] 368.9603  711.0868 250.8497 59.56752 108.97044 18.49393 3.339197   57.13188
[38,] 540.0014  901.7567 255.2505 49.61553  95.28390 13.48048 2.939373  123.97918
[39,] 407.8815  730.3567 225.8586 50.57340 150.98978 18.76731 3.313301  361.60502
[40,] 509.2677  911.4368 249.8335 75.99047 267.06255 30.44895 3.092515  117.63251
[41,] 512.8627  726.3590 180.7486 51.94780 145.14759 16.11927 3.328383  122.95529
[42,] 508.7689  743.7974 212.5605 58.91309 131.30947 19.24396 3.892932   73.81547
[43,] 508.7689  802.8224 254.9933 58.67460 127.43342 27.04116 3.862768  109.33127
[44,] 540.0014  982.9947 302.4627 70.95518 222.19011 28.10841 3.177649  312.05327
[45,] 508.7689  945.8976 313.0876 61.48605 189.76285 28.85956 4.029858  117.41388
[46,] 610.1551  969.4071 227.3454 59.13492 185.75794 16.28715 3.218627  563.07268
[47,] 438.6152  809.6322 283.5679 45.20674  93.37332 14.82866 3.201136  124.44452
[48,] 407.8815  757.5790 252.5985 70.24490 243.21785 32.09170 3.204679  212.11486
[49,] 439.1140  792.9076 227.7097 55.66974 164.23053 19.74175 2.611825   57.59721
[50,] 512.8627  829.9138 254.9547 65.89484 171.86505 11.55146 2.788640   96.05417
           [,9]
 [1,]  72.20493
 [2,]  71.67736
 [3,]  87.13371
 [4,] 129.25235
 [5,]  93.61467
 [6,] 117.96028
 [7,]  86.40025
 [8,]  83.65220
 [9,]  98.49831
[10,]  88.64624
[11,] 127.25294
[12,]  81.35172
[13,] 108.12059
[14,]  93.35149
[15,] 171.33810
[16,] 139.81705
[17,]  97.99867
[18,] 108.31143
[19,]  93.66889
[20,] 154.47545
[21,] 110.54724
[22,]  75.80354
[23,]  72.47135
[24,] 129.88706
[25,]  93.36194
[26,]  99.99421
[27,]  91.41668
[28,]  95.73275
[29,] 142.21356
[30,]  99.29004
[31,]  77.30077
[32,]  96.86251
[33,]  77.65109
[34,] 109.47684
[35,]  85.04789
[36,] 112.60054
[37,]  69.53215
[38,] 105.12294
[39,] 101.69193
[40,]  99.19897
[41,] 100.27291
[42,]  95.46668
[43,]  98.42090
[44,] 120.76703
[45,]  99.09322
[46,] 153.96411
[47,]  87.36085
[48,]  89.25727
[49,]  81.88803
[50,]  98.03526

$Bdatesampinfo
      DATE JULIAN N      Mean     Stdev
1 07/01/11   2008 2 303.94455 392.09809
2 08/02/11   2040 3 659.45248 312.95007
3 09/16/11   2085 5 823.68858 314.12790
4 10/23/11   2122 5 237.63769 185.66310
5 11/13/11   2143 4 337.06615 247.00638
6 02/10/12   2232 5  55.87507  92.41069
7 03/27/12   2278 4 113.65408  97.79649
8 04/01/12   2283 3 152.81209  14.05058
9 06/19/12   2362 1 888.93998        NA

$Ndatesampinfo
      DATE JULIAN N       Mean     Stdev
1 07/01/11   2008 2  516.66667 526.40171
2 08/02/11   2040 3 2337.03704 783.65504
3 09/16/11   2085 5 1453.33333 619.35849
4 10/23/11   2122 5  371.11111 251.12094
5 11/13/11   2143 4  486.11111 295.97784
6 02/10/12   2232 5   88.88889 114.12577
7 03/27/12   2278 4   80.55556  30.59761
8 04/01/12   2283 3  103.70370  23.12962
9 06/19/12   2362 1 3111.11111        NA

$Bdateboots
           [,1]     [,2]      [,3]      [,4]     [,5]       [,6]      [,7]     [,8]
 [1,] 581.19977 498.7617  702.0686  94.31728 518.5750  17.667494 103.20739 144.9281
 [2,] 581.19977 498.7617  931.8570 186.10766 337.6274  57.870780 174.88059 145.3666
 [3,] 581.19977 855.0358  702.0686 186.41705 370.5109  55.875072  57.79823 153.2506
 [4,] 303.94455 855.0358  930.1658 278.20742 448.2546  17.192129 113.65408 160.6961
 [5,]  26.68933 855.0358  723.4679 221.37196 337.0662  91.193323 159.06324 152.3736
 [6,] 303.94455 785.2507  861.5793 188.53111 481.6993  51.616762 214.91909 161.1345
 [7,]  26.68933 498.7617  837.1401 162.11305 373.9419  98.340959 124.10077 144.4896
 [8,] 581.19977 855.0358  671.3728 232.60159 262.7534  13.409185 113.65408 144.9281
 [9,]  26.68933 659.4525  901.1613 197.06796 192.4330  56.501796  97.83673 153.2506
[10,]  26.68933 498.7617  984.8905 221.06257 370.5109  11.413477  97.83673 153.2506
[11,]  26.68933 463.8692 1146.5027 110.89240 374.5032  15.671786 124.10077 153.2506
[12,] 303.94455 498.7617  739.9593 221.37196 411.3789  56.501796 103.20739 152.3736
[13,]  26.68933 820.1433  644.3040  78.05155 262.7534  18.561112  68.24492 161.1345
[14,] 581.19977 659.4525  600.1567 226.98678 373.9419  12.782460  68.24492 144.4896
[15,] 303.94455 463.8692 1084.1728 283.82224 369.9496  14.302803  57.79823 161.1345
[16,] 303.94455 889.9283  863.2706 299.81864 481.6993  52.870212  57.79823 144.0512
[17,]  26.68933 659.4525  620.9690 169.84192 266.7457  53.879364 108.28342 144.4896
[18,]  26.68933 624.5600 1082.4815 356.65411 407.3866  56.501796 108.28342 152.8121
[19,] 303.94455 463.8692  969.7478 181.07156 411.3789  57.395414 209.54843 152.3736
[20,] 303.94455 659.4525  976.0043 232.02288 192.4330   9.777600 103.20739 161.1345
[21,]  26.68933 820.1433  828.2539 266.97779 299.6291  55.875072 119.02474 152.3736
[22,] 581.19977 498.7617  817.4320 351.34868 444.8236  12.782460 113.65408 152.8121
[23,] 581.19977 498.7617  867.8359 278.20742 303.6214 138.544244 153.69258 144.4896
[24,] 303.94455 624.5600  784.1066 264.55434 444.8236   9.150875 113.65408 153.2506
[25,] 303.94455 659.4525  860.6409 356.65411 444.8236  55.132813  89.43294 160.6961
[26,] 303.94455 659.4525  837.1401 264.55434 407.3866 135.539384 134.84209 152.8121
[27,] 581.19977 498.7617  817.4320 264.86373 262.7534  14.302803 254.95758 161.1345
[28,]  26.68933 659.4525 1038.3343 226.98678 299.6291  63.764965  97.83673 144.0512
[29,] 303.94455 820.1433  861.5793 356.65411 481.6993  95.451632 159.06324 145.3666
[30,] 581.19977 498.7617  633.4821 151.46213 300.1904  56.501796 159.06324 152.8121
[31,] 303.94455 694.3450  753.4108 253.90342 374.5032  62.395982 113.65408 144.0512
[32,] 581.19977 303.1784  779.5413 237.63769 229.3087  52.243487  97.83673 153.2506
[33,] 303.94455 303.1784  710.9548 191.72247 481.6993  96.971975  47.35154 152.8121
[34,]  26.68933 624.5600  931.8570 204.79684 300.1904  95.336099  52.42757 144.9281
[35,]  26.68933 694.3450 1053.4770 134.88701 373.9419  14.151443 153.69258 152.3736
[36,]  26.68933 624.5600  936.4224 237.63769 303.6214  16.414044  63.16889 145.3666
[37,] 581.19977 694.3450  755.1021 346.00319 154.9960  14.302803 129.47143 152.3736
[38,] 303.94455 820.1433  792.9928 299.50925 158.9883  14.151443  57.79823 160.6961
[39,] 303.94455 498.7617  715.5201 180.80223 300.1904  22.192697 113.65408 152.8121
[40,] 581.19977 624.5600  721.7767 253.90342 481.6993  95.451632 113.65408 152.3736
[41,]  26.68933 463.8692  633.4821 202.68278 262.7534  12.782460 113.65408 144.9281
[42,]  26.68933 659.4525  639.7387 299.81864 266.7457  15.404893 169.50993 153.2506
[43,]  26.68933 659.4525  746.2159 340.38837 192.4330  56.768690 169.50993 169.0185
[44,] 303.94455 820.1433  905.7266 289.16773 295.6368  98.340959  87.39004 153.2506
[45,]  26.68933 659.4525 1082.4815 237.63769 374.5032  60.133381 174.88059 153.2506
[46,] 303.94455 785.2507  792.0544 175.45674 333.0739  17.040769 103.20739 144.9281
[47,]  26.68933 694.3450  945.3086 264.55434 158.9883  14.035909  73.61559 152.8121
[48,] 303.94455 498.7617  784.1066 253.90342 482.2606  98.340959 153.69258 152.3736
[49,] 581.19977 659.4525  755.1021 221.37196 300.1904  57.244055  52.42757 144.4896
[50,]  26.68933 463.8692  886.0185 272.59261 374.5032  18.409752  31.53419 169.0185
            [,9]
 [1,]  31.534192
 [2,]   5.008100
 [3,] 169.018517
 [4,] 568.522534
 [5,]   5.008100
 [6,] 145.366616
 [7,]  94.803596
 [8,]  26.299646
 [9,] 144.051152
[10,] 254.957585
[11,] 592.887782
[12,] 145.366616
[13,]  31.534192
[14,] 220.471158
[15,] 888.939983
[16,] 757.976166
[17,]  94.803596
[18,]  31.534192
[19,] 145.366616
[20,] 757.976166
[21,] 169.018517
[22,] 145.366616
[23,]  14.355114
[24,] 521.895129
[25,] 169.018517
[26,] 220.471158
[27,] 295.636845
[28,]  14.355114
[29,] 568.522534
[30,] 521.895129
[31,]  14.355114
[32,] 537.239719
[33,]   8.141723
[34,]  73.320955
[35,] 144.051152
[36,] 254.957585
[37,]   8.141723
[38,] 254.957585
[39,] 537.239719
[40,] 254.957585
[41,] 169.018517
[42,]   5.008100
[43,] 144.051152
[44,] 295.636845
[45,]  94.803596
[46,] 568.522534
[47,] 254.957585
[48,] 264.244951
[49,]   8.141723
[50,]  14.355114

$Ndateboots
          [,1]     [,2]      [,3]     [,4]     [,5]      [,6]      [,7]      [,8]
 [1,] 144.4444 2062.963 1102.2222 144.4444 741.6667  42.22222  75.00000 107.40741
 [2,] 144.4444 2062.963 1448.8889 300.0000 388.8889  88.88889 105.55556 122.22222
 [3,] 144.4444 2088.889 1102.2222 302.2222 527.7778  88.88889  63.88889 118.51852
 [4,] 516.6667 2088.889 1768.8889 457.7778 622.2222  46.66667  80.55556 100.00000
 [5,] 888.8889 2088.889 1235.5556 366.6667 486.1111 128.88889  91.66667  88.88889
 [6,] 516.6667 3133.333 1644.4444 355.5556 663.8889  80.00000 108.33333 114.81481
 [7,] 888.8889 2062.963 1808.8889 220.0000 563.8889 144.44444  86.11111  92.59259
 [8,] 144.4444 2088.889 1168.8889 411.1111 427.7778  33.33333  80.55556 107.40741
 [9,] 888.8889 2337.037 1515.5556 284.4444 308.3333  86.66667  66.66667 118.51852
[10,] 888.8889 2062.963 1675.5556 364.4444 527.7778  33.33333  66.66667 118.51852
[11,] 888.8889 2585.185 1760.0000 151.1111 466.6667  42.22222  86.11111 118.51852
[12,] 516.6667 2062.963 1293.3333 366.6667 544.4444  86.66667  75.00000  88.88889
[13,] 888.8889 2611.111 1493.3333 140.0000 427.7778  48.88889  69.44444 114.81481
[14,] 144.4444 2337.037 1204.4444 388.8889 563.8889  35.55556  69.44444  92.59259
[15,] 516.6667 2585.185 1733.3333 480.0000 625.0000  40.00000  63.88889 114.81481
[16,] 516.6667 1566.667 1324.4444 424.4444 663.8889  75.55556  63.88889  77.77778
[17,] 888.8889 2337.037  782.2222 295.5556 366.6667  88.88889  72.22222  92.59259
[18,] 888.8889 2859.259 2053.3333 515.5556 605.5556  86.66667  72.22222 103.70370
[19,] 516.6667 2585.185 1640.0000 340.0000 544.4444  93.33333 100.00000  88.88889
[20,] 516.6667 2337.037 1737.7778 348.8889 308.3333  22.22222  75.00000 114.81481
[21,] 888.8889 2611.111 1871.1111 413.3333 505.5556  88.88889  88.88889  88.88889
[22,] 144.4444 2062.963 1355.5556 495.5556 586.1111  35.55556  80.55556 103.70370
[23,] 144.4444 2062.963 1742.2222 457.7778 444.4444 191.11111  83.33333  92.59259
[24,] 516.6667 2859.259 1582.2222 357.7778 586.1111  24.44444  80.55556 118.51852
[25,] 516.6667 2337.037 1484.4444 515.5556 586.1111  84.44444  91.66667 100.00000
[26,] 516.6667 2337.037 1808.8889 357.7778 605.5556 177.77778 102.77778 103.70370
[27,] 144.4444 2062.963 1355.5556 360.0000 427.7778  40.00000 111.11111 114.81481
[28,] 888.8889 2337.037 1764.4444 388.8889 505.5556 108.88889  66.66667  77.77778
[29,] 516.6667 2611.111 1644.4444 515.5556 663.8889 137.77778  91.66667 122.22222
[30,] 144.4444 2062.963  977.7778 237.7778 408.3333  86.66667  91.66667 103.70370
[31,] 516.6667 1814.815 1648.8889 375.5556 466.6667 106.66667  80.55556  77.77778
[32,] 144.4444 2311.111 1164.4444 371.1111 386.1111  77.77778  66.66667 118.51852
[33,] 516.6667 2311.111 1040.0000 322.2222 663.8889 142.22222  58.33333 103.70370
[34,] 888.8889 2859.259 1448.8889 360.0000 408.3333 131.11111  55.55556 107.40741
[35,] 888.8889 1814.815 1800.0000 231.1111 563.8889  37.77778  83.33333  88.88889
[36,] 888.8889 2859.259 1866.6667 371.1111 444.4444  46.66667  72.22222 122.22222
[37,] 144.4444 1814.815 1328.8889 533.3333 327.7778  40.00000  94.44444  88.88889
[38,] 516.6667 2611.111 1520.0000 422.2222 266.6667  37.77778  63.88889 100.00000
[39,] 516.6667 2062.963 1457.7778 280.0000 408.3333  60.00000  80.55556 103.70370
[40,] 144.4444 2859.259 1555.5556 375.5556 663.8889 137.77778  80.55556  88.88889
[41,] 888.8889 2585.185  977.7778 306.6667 427.7778  35.55556  80.55556 107.40741
[42,] 888.8889 2337.037 1075.5556 424.4444 366.6667  33.33333  97.22222 118.51852
[43,] 888.8889 2337.037 1391.1111 511.1111 308.3333  95.55556  97.22222 111.11111
[44,] 516.6667 2611.111 1933.3333 442.2222 566.6667 144.44444  61.11111 118.51852
[45,] 888.8889 2337.037 2053.3333 371.1111 466.6667  97.77778 105.55556 118.51852
[46,] 516.6667 3133.333 1360.0000 317.7778 547.2222  44.44444  75.00000 107.40741
[47,] 888.8889 1814.815 1804.4444 357.7778 266.6667  31.11111  77.77778 103.70370
[48,] 516.6667 2062.963 1582.2222 375.5556 566.6667 144.44444  83.33333  88.88889
[49,] 144.4444 2337.037 1328.8889 366.6667 408.3333  91.11111  55.55556  92.59259
[50,] 888.8889 2585.185 1480.0000 435.5556 466.6667  46.66667  44.44444 111.11111
            [,9]
 [1,]   44.44444
 [2,]   22.22222
 [3,]  111.11111
 [4,] 1111.11111
 [5,]   22.22222
 [6,]  122.22222
 [7,]  100.00000
 [8,]   66.66667
 [9,]   77.77778
[10,]  111.11111
[11,]  800.00000
[12,]  122.22222
[13,]   44.44444
[14,]  288.88889
[15,] 3111.11111
[16,] 2066.66667
[17,]  100.00000
[18,]   44.44444
[19,]  122.22222
[20,] 2066.66667
[21,]  111.11111
[22,]  122.22222
[23,]   88.88889
[24,]  711.11111
[25,]  111.11111
[26,]  288.88889
[27,]  566.66667
[28,]   88.88889
[29,] 1111.11111
[30,]  711.11111
[31,]   88.88889
[32,]  622.22222
[33,]   11.11111
[34,]   66.66667
[35,]   77.77778
[36,]  111.11111
[37,]   11.11111
[38,]  111.11111
[39,]  622.22222
[40,]  111.11111
[41,]  111.11111
[42,]   22.22222
[43,]   77.77778
[44,]  566.66667
[45,]  100.00000
[46,] 1111.11111
[47,]  111.11111
[48,]  355.55556
[49,]   11.11111
[50,]   88.88889

