$totdays
[1] 365

$Psampest
[1] 0.08987577

$Pbootest
      Mean       2.5%        50%      97.5% 
0.10605341 0.00000000 0.08987577 0.24940526 

$Pboots
 [1] 0.08987577 0.08987577 0.17975154 0.08987577 0.08987577 0.08987577 0.00000000
 [8] 0.17975154 0.17975154 0.08987577 0.08987577 0.17975154 0.00000000 0.08987577
[15] 0.08987577 0.35950308 0.08987577 0.00000000 0.17975154 0.17975154 0.08987577
[22] 0.08987577 0.08987577 0.00000000 0.17975154 0.17975154 0.17975154 0.00000000
[29] 0.08987577 0.26962731 0.17975154 0.00000000 0.00000000 0.17975154 0.08987577
[36] 0.08987577 0.17975154 0.08987577 0.08987577 0.08987577 0.00000000 0.08987577
[43] 0.08987577 0.08987577 0.08987577 0.17975154 0.00000000 0.17975154 0.00000000
[50] 0.08987577

$Bboots
 [1]  2.9711  2.9711  5.9422  2.9711  2.9711  2.9711  0.0000  5.9422  5.9422  2.9711
[11]  2.9711  5.9422  0.0000  2.9711  2.9711 11.8844  2.9711  0.0000  5.9422  5.9422
[21]  2.9711  2.9711  2.9711  0.0000  5.9422  5.9422  5.9422  0.0000  2.9711  8.9133
[31]  5.9422  0.0000  0.0000  5.9422  2.9711  2.9711  5.9422  2.9711  2.9711  2.9711
[41]  0.0000  2.9711  2.9711  2.9711  2.9711  5.9422  0.0000  5.9422  0.0000  2.9711

$Nboots
 [1]  4.848485  4.848485  9.696970  4.848485  4.848485  4.848485  0.000000  9.696970
 [9]  9.696970  4.848485  4.848485  9.696970  0.000000  4.848485  4.848485 19.393939
[17]  4.848485  0.000000  9.696970  9.696970  4.848485  4.848485  4.848485  0.000000
[25]  9.696970  9.696970  9.696970  0.000000  4.848485 14.545455  9.696970  0.000000
[33]  0.000000  9.696970  4.848485  4.848485  9.696970  4.848485  4.848485  4.848485
[41]  0.000000  4.848485  4.848485  4.848485  4.848485  9.696970  0.000000  9.696970
[49]  0.000000  4.848485

$julians
 [1] 1760 1795 1846 1880 1904 1934 1956 1999 2026 2054 2083 2116

$intdays
 [1] 35 51 34 24 30 22 43 27 28 29 33  9

$Pintsampest
 [1] 0.00000000 0.00000000 0.00000000 0.00000000 0.00000000 0.00000000 0.00000000
 [8] 0.04412083 0.04575494 0.00000000 0.00000000 0.00000000

$Pintboots
      [,1] [,2] [,3] [,4] [,5] [,6] [,7]       [,8]       [,9] [,10] [,11] [,12]
 [1,]    0    0    0    0    0    0    0 0.04412083 0.04575494     0     0     0
 [2,]    0    0    0    0    0    0    0 0.04412083 0.04575494     0     0     0
 [3,]    0    0    0    0    0    0    0 0.08824167 0.09150988     0     0     0
 [4,]    0    0    0    0    0    0    0 0.04412083 0.04575494     0     0     0
 [5,]    0    0    0    0    0    0    0 0.04412083 0.04575494     0     0     0
 [6,]    0    0    0    0    0    0    0 0.04412083 0.04575494     0     0     0
 [7,]    0    0    0    0    0    0    0 0.00000000 0.00000000     0     0     0
 [8,]    0    0    0    0    0    0    0 0.08824167 0.09150988     0     0     0
 [9,]    0    0    0    0    0    0    0 0.08824167 0.09150988     0     0     0
[10,]    0    0    0    0    0    0    0 0.04412083 0.04575494     0     0     0
[11,]    0    0    0    0    0    0    0 0.04412083 0.04575494     0     0     0
[12,]    0    0    0    0    0    0    0 0.08824167 0.09150988     0     0     0
[13,]    0    0    0    0    0    0    0 0.00000000 0.00000000     0     0     0
[14,]    0    0    0    0    0    0    0 0.04412083 0.04575494     0     0     0
[15,]    0    0    0    0    0    0    0 0.04412083 0.04575494     0     0     0
[16,]    0    0    0    0    0    0    0 0.17648333 0.18301975     0     0     0
[17,]    0    0    0    0    0    0    0 0.04412083 0.04575494     0     0     0
[18,]    0    0    0    0    0    0    0 0.00000000 0.00000000     0     0     0
[19,]    0    0    0    0    0    0    0 0.08824167 0.09150988     0     0     0
[20,]    0    0    0    0    0    0    0 0.08824167 0.09150988     0     0     0
[21,]    0    0    0    0    0    0    0 0.04412083 0.04575494     0     0     0
[22,]    0    0    0    0    0    0    0 0.04412083 0.04575494     0     0     0
[23,]    0    0    0    0    0    0    0 0.04412083 0.04575494     0     0     0
[24,]    0    0    0    0    0    0    0 0.00000000 0.00000000     0     0     0
[25,]    0    0    0    0    0    0    0 0.08824167 0.09150988     0     0     0
[26,]    0    0    0    0    0    0    0 0.08824167 0.09150988     0     0     0
[27,]    0    0    0    0    0    0    0 0.08824167 0.09150988     0     0     0
[28,]    0    0    0    0    0    0    0 0.00000000 0.00000000     0     0     0
[29,]    0    0    0    0    0    0    0 0.04412083 0.04575494     0     0     0
[30,]    0    0    0    0    0    0    0 0.13236250 0.13726481     0     0     0
[31,]    0    0    0    0    0    0    0 0.08824167 0.09150988     0     0     0
[32,]    0    0    0    0    0    0    0 0.00000000 0.00000000     0     0     0
[33,]    0    0    0    0    0    0    0 0.00000000 0.00000000     0     0     0
[34,]    0    0    0    0    0    0    0 0.08824167 0.09150988     0     0     0
[35,]    0    0    0    0    0    0    0 0.04412083 0.04575494     0     0     0
[36,]    0    0    0    0    0    0    0 0.04412083 0.04575494     0     0     0
[37,]    0    0    0    0    0    0    0 0.08824167 0.09150988     0     0     0
[38,]    0    0    0    0    0    0    0 0.04412083 0.04575494     0     0     0
[39,]    0    0    0    0    0    0    0 0.04412083 0.04575494     0     0     0
[40,]    0    0    0    0    0    0    0 0.04412083 0.04575494     0     0     0
[41,]    0    0    0    0    0    0    0 0.00000000 0.00000000     0     0     0
[42,]    0    0    0    0    0    0    0 0.04412083 0.04575494     0     0     0
[43,]    0    0    0    0    0    0    0 0.04412083 0.04575494     0     0     0
[44,]    0    0    0    0    0    0    0 0.04412083 0.04575494     0     0     0
[45,]    0    0    0    0    0    0    0 0.04412083 0.04575494     0     0     0
[46,]    0    0    0    0    0    0    0 0.08824167 0.09150988     0     0     0
[47,]    0    0    0    0    0    0    0 0.00000000 0.00000000     0     0     0
[48,]    0    0    0    0    0    0    0 0.08824167 0.09150988     0     0     0
[49,]    0    0    0    0    0    0    0 0.00000000 0.00000000     0     0     0
[50,]    0    0    0    0    0    0    0 0.04412083 0.04575494     0     0     0

$Bdatesampinfo
       DATE JULIAN N    Mean    Stdev
1  10/26/10   1760 5  0.0000  0.00000
2  11/30/10   1795 5  0.0000  0.00000
3  01/20/11   1846 5  0.0000  0.00000
4  02/23/11   1880 5  0.0000  0.00000
5  03/19/11   1904 5  0.0000  0.00000
6  04/18/11   1934 5  0.0000  0.00000
7  05/10/11   1956 5  0.0000  0.00000
8  06/22/11   1999 5  0.0000  0.00000
9  07/19/11   2026 5 32.6821 73.07939
10 08/16/11   2054 5  0.0000  0.00000
11 09/14/11   2083 5  0.0000  0.00000
12 10/17/11   2116 5  0.0000  0.00000

$Ndatesampinfo
       DATE JULIAN N     Mean   Stdev
1  10/26/10   1760 5  0.00000   0.000
2  11/30/10   1795 5  0.00000   0.000
3  01/20/11   1846 5  0.00000   0.000
4  02/23/11   1880 5  0.00000   0.000
5  03/19/11   1904 5  0.00000   0.000
6  04/18/11   1934 5  0.00000   0.000
7  05/10/11   1956 5  0.00000   0.000
8  06/22/11   1999 5  0.00000   0.000
9  07/19/11   2026 5 53.33333 119.257
10 08/16/11   2054 5  0.00000   0.000
11 09/14/11   2083 5  0.00000   0.000
12 10/17/11   2116 5  0.00000   0.000

$Bdateboots
      [,1] [,2] [,3] [,4] [,5] [,6] [,7] [,8]     [,9] [,10] [,11] [,12]
 [1,]    0    0    0    0    0    0    0    0  32.6821     0     0     0
 [2,]    0    0    0    0    0    0    0    0  32.6821     0     0     0
 [3,]    0    0    0    0    0    0    0    0  65.3642     0     0     0
 [4,]    0    0    0    0    0    0    0    0  32.6821     0     0     0
 [5,]    0    0    0    0    0    0    0    0  32.6821     0     0     0
 [6,]    0    0    0    0    0    0    0    0  32.6821     0     0     0
 [7,]    0    0    0    0    0    0    0    0   0.0000     0     0     0
 [8,]    0    0    0    0    0    0    0    0  65.3642     0     0     0
 [9,]    0    0    0    0    0    0    0    0  65.3642     0     0     0
[10,]    0    0    0    0    0    0    0    0  32.6821     0     0     0
[11,]    0    0    0    0    0    0    0    0  32.6821     0     0     0
[12,]    0    0    0    0    0    0    0    0  65.3642     0     0     0
[13,]    0    0    0    0    0    0    0    0   0.0000     0     0     0
[14,]    0    0    0    0    0    0    0    0  32.6821     0     0     0
[15,]    0    0    0    0    0    0    0    0  32.6821     0     0     0
[16,]    0    0    0    0    0    0    0    0 130.7284     0     0     0
[17,]    0    0    0    0    0    0    0    0  32.6821     0     0     0
[18,]    0    0    0    0    0    0    0    0   0.0000     0     0     0
[19,]    0    0    0    0    0    0    0    0  65.3642     0     0     0
[20,]    0    0    0    0    0    0    0    0  65.3642     0     0     0
[21,]    0    0    0    0    0    0    0    0  32.6821     0     0     0
[22,]    0    0    0    0    0    0    0    0  32.6821     0     0     0
[23,]    0    0    0    0    0    0    0    0  32.6821     0     0     0
[24,]    0    0    0    0    0    0    0    0   0.0000     0     0     0
[25,]    0    0    0    0    0    0    0    0  65.3642     0     0     0
[26,]    0    0    0    0    0    0    0    0  65.3642     0     0     0
[27,]    0    0    0    0    0    0    0    0  65.3642     0     0     0
[28,]    0    0    0    0    0    0    0    0   0.0000     0     0     0
[29,]    0    0    0    0    0    0    0    0  32.6821     0     0     0
[30,]    0    0    0    0    0    0    0    0  98.0463     0     0     0
[31,]    0    0    0    0    0    0    0    0  65.3642     0     0     0
[32,]    0    0    0    0    0    0    0    0   0.0000     0     0     0
[33,]    0    0    0    0    0    0    0    0   0.0000     0     0     0
[34,]    0    0    0    0    0    0    0    0  65.3642     0     0     0
[35,]    0    0    0    0    0    0    0    0  32.6821     0     0     0
[36,]    0    0    0    0    0    0    0    0  32.6821     0     0     0
[37,]    0    0    0    0    0    0    0    0  65.3642     0     0     0
[38,]    0    0    0    0    0    0    0    0  32.6821     0     0     0
[39,]    0    0    0    0    0    0    0    0  32.6821     0     0     0
[40,]    0    0    0    0    0    0    0    0  32.6821     0     0     0
[41,]    0    0    0    0    0    0    0    0   0.0000     0     0     0
[42,]    0    0    0    0    0    0    0    0  32.6821     0     0     0
[43,]    0    0    0    0    0    0    0    0  32.6821     0     0     0
[44,]    0    0    0    0    0    0    0    0  32.6821     0     0     0
[45,]    0    0    0    0    0    0    0    0  32.6821     0     0     0
[46,]    0    0    0    0    0    0    0    0  65.3642     0     0     0
[47,]    0    0    0    0    0    0    0    0   0.0000     0     0     0
[48,]    0    0    0    0    0    0    0    0  65.3642     0     0     0
[49,]    0    0    0    0    0    0    0    0   0.0000     0     0     0
[50,]    0    0    0    0    0    0    0    0  32.6821     0     0     0

$Ndateboots
      [,1] [,2] [,3] [,4] [,5] [,6] [,7] [,8]      [,9] [,10] [,11] [,12]
 [1,]    0    0    0    0    0    0    0    0  53.33333     0     0     0
 [2,]    0    0    0    0    0    0    0    0  53.33333     0     0     0
 [3,]    0    0    0    0    0    0    0    0 106.66667     0     0     0
 [4,]    0    0    0    0    0    0    0    0  53.33333     0     0     0
 [5,]    0    0    0    0    0    0    0    0  53.33333     0     0     0
 [6,]    0    0    0    0    0    0    0    0  53.33333     0     0     0
 [7,]    0    0    0    0    0    0    0    0   0.00000     0     0     0
 [8,]    0    0    0    0    0    0    0    0 106.66667     0     0     0
 [9,]    0    0    0    0    0    0    0    0 106.66667     0     0     0
[10,]    0    0    0    0    0    0    0    0  53.33333     0     0     0
[11,]    0    0    0    0    0    0    0    0  53.33333     0     0     0
[12,]    0    0    0    0    0    0    0    0 106.66667     0     0     0
[13,]    0    0    0    0    0    0    0    0   0.00000     0     0     0
[14,]    0    0    0    0    0    0    0    0  53.33333     0     0     0
[15,]    0    0    0    0    0    0    0    0  53.33333     0     0     0
[16,]    0    0    0    0    0    0    0    0 213.33333     0     0     0
[17,]    0    0    0    0    0    0    0    0  53.33333     0     0     0
[18,]    0    0    0    0    0    0    0    0   0.00000     0     0     0
[19,]    0    0    0    0    0    0    0    0 106.66667     0     0     0
[20,]    0    0    0    0    0    0    0    0 106.66667     0     0     0
[21,]    0    0    0    0    0    0    0    0  53.33333     0     0     0
[22,]    0    0    0    0    0    0    0    0  53.33333     0     0     0
[23,]    0    0    0    0    0    0    0    0  53.33333     0     0     0
[24,]    0    0    0    0    0    0    0    0   0.00000     0     0     0
[25,]    0    0    0    0    0    0    0    0 106.66667     0     0     0
[26,]    0    0    0    0    0    0    0    0 106.66667     0     0     0
[27,]    0    0    0    0    0    0    0    0 106.66667     0     0     0
[28,]    0    0    0    0    0    0    0    0   0.00000     0     0     0
[29,]    0    0    0    0    0    0    0    0  53.33333     0     0     0
[30,]    0    0    0    0    0    0    0    0 160.00000     0     0     0
[31,]    0    0    0    0    0    0    0    0 106.66667     0     0     0
[32,]    0    0    0    0    0    0    0    0   0.00000     0     0     0
[33,]    0    0    0    0    0    0    0    0   0.00000     0     0     0
[34,]    0    0    0    0    0    0    0    0 106.66667     0     0     0
[35,]    0    0    0    0    0    0    0    0  53.33333     0     0     0
[36,]    0    0    0    0    0    0    0    0  53.33333     0     0     0
[37,]    0    0    0    0    0    0    0    0 106.66667     0     0     0
[38,]    0    0    0    0    0    0    0    0  53.33333     0     0     0
[39,]    0    0    0    0    0    0    0    0  53.33333     0     0     0
[40,]    0    0    0    0    0    0    0    0  53.33333     0     0     0
[41,]    0    0    0    0    0    0    0    0   0.00000     0     0     0
[42,]    0    0    0    0    0    0    0    0  53.33333     0     0     0
[43,]    0    0    0    0    0    0    0    0  53.33333     0     0     0
[44,]    0    0    0    0    0    0    0    0  53.33333     0     0     0
[45,]    0    0    0    0    0    0    0    0  53.33333     0     0     0
[46,]    0    0    0    0    0    0    0    0 106.66667     0     0     0
[47,]    0    0    0    0    0    0    0    0   0.00000     0     0     0
[48,]    0    0    0    0    0    0    0    0 106.66667     0     0     0
[49,]    0    0    0    0    0    0    0    0   0.00000     0     0     0
[50,]    0    0    0    0    0    0    0    0  53.33333     0     0     0

