$totdays
[1] 365

$Psampest
[1] 15.65956

$Pbootest
     Mean      2.5%       50%     97.5% 
16.065975  2.978761 15.045798 30.795809 

$Pboots
 [1]  9.471797 24.512279  5.958326 13.047025 14.809584 19.402464 12.546520 11.951187
 [9] 12.681127  5.424749 26.491163 14.931081 12.681127 24.643960 17.824013 18.954386
[17]  2.978431  8.752649 15.160516 15.259125  8.437715 25.044393  3.793870 12.679664
[25] 23.779413 21.532385 13.495103 25.861295 29.287805  8.752649  2.978431  7.308805
[33] 31.233617 17.288973 27.622391 21.616421  7.623739 13.180169 19.087530 20.716946
[41] 21.932818  7.587741 24.512279 19.902969 37.140979  2.979894 13.995608 13.994145
[49] 16.474997 15.974492

$Bboots
 [1]  2.7470663  7.2301780  1.6453617  3.4682537  4.1900877  5.7029878  3.1576151
 [8]  3.3534068  3.7684729  1.4606360  7.5258799  4.2703858  3.7684729  7.4638431
[15]  5.1697502  5.3472805  0.7283827  2.1851480  4.3748134  4.7343915  2.2517021
[22]  7.2263073  0.9724671  3.5798766  6.4379191  6.3131990  3.8239610  7.6589881
[29]  8.7430781  2.1851480  0.7283827  2.2627681  9.1646929  4.7964282  8.1922258
[36]  5.9536209  2.1962140  3.8905152  5.7695420  6.0691145  6.0756632  1.9449342
[43]  7.2301780  6.0136264 11.0437197  0.9169790  4.1345996  3.9460033  4.7409401
[50]  4.4303015

$Nboots
 [1]  4.848485 14.545455  4.848485 12.121212 10.505051  8.080808 11.313131  6.464646
 [9]  6.464646  7.272727 15.353535  8.888889  6.464646  9.696970  9.696970 12.121212
[17]  2.424242  7.272727  8.080808  6.464646  6.464646 12.121212  4.040404  6.464646
[25] 14.545455 12.121212  8.080808 13.737374 12.121212  7.272727  2.424242  4.040404
[33] 16.161616 12.121212 12.121212 13.737374  4.848485  7.272727  7.272727 10.505051
[41] 14.545455  8.080808 14.545455  8.888889 16.161616  2.424242  8.888889  8.888889
[49] 10.505051  9.696970

$julians
 [1] 1760 1795 1846 1880 1904 1934 1956 1999 2026 2054 2083 2116

$intdays
 [1] 35 51 34 24 30 22 43 27 28 29 33  9

$Pintsampest
 [1] 0.000000 0.000000 0.000000 0.000000 0.000000 0.000000 3.352882 6.706893 5.184535
[10] 0.415248 0.000000 0.000000

$Pintboots
      [,1] [,2] [,3] [,4] [,5] [,6]     [,7]      [,8]       [,9]     [,10] [,11] [,12]
 [1,]    0    0    0    0    0    0 1.829728  4.332298  3.3097707 0.0000000     0     0
 [2,]    0    0    0    0    0    0 3.352882 10.247649  9.6660037 1.2457441     0     0
 [3,]    0    0    0    0    0    0 1.829728  2.209901  1.5034479 0.4152480     0     0
 [4,]    0    0    0    0    0    0 5.182610  4.314840  2.3038300 1.2457441     0     0
 [5,]    0    0    0    0    0    0 3.659457  5.838162  4.4814689 0.8304961     0     0
 [6,]    0    0    0    0    0    0 3.046308  8.993983  7.3621737 0.0000000     0     0
 [7,]    0    0    0    0    0    0 6.705764  4.209878  0.8003821 0.8304961     0     0
 [8,]    0    0    0    0    0    0 3.352882  5.288534  3.3097707 0.0000000     0     0
 [9,]    0    0    0    0    0    0 1.523154  5.558190  5.1845348 0.4152480     0     0
[10,]    0    0    0    0    0    0 1.829728  1.148703  1.2005731 1.2457441     0     0
[11,]    0    0    0    0    0    0 6.399190 11.098922  8.1625558 0.8304961     0     0
[12,]    0    0    0    0    0    0 3.352882  6.349732  4.8132186 0.4152480     0     0
[13,]    0    0    0    0    0    0 1.523154  5.558190  5.1845348 0.4152480     0     0
[14,]    0    0    0    0    0    0 1.829728 11.770971 11.0432606 0.0000000     0     0
[15,]    0    0    0    0    0    0 3.352882  7.768091  6.2877917 0.4152480     0     0
[16,]    0    0    0    0    0    0 4.876036  7.663129  5.5847258 0.8304961     0     0
[17,]    0    0    0    0    0    0 1.829728  1.148703  0.0000000 0.0000000     0     0
[18,]    0    0    0    0    0    0 4.876036  3.061174  0.4001910 0.4152480     0     0
[19,]    0    0    0    0    0    0 3.046308  6.514426  5.1845348 0.4152480     0     0
[20,]    0    0    0    0    0    0 0.000000  7.081512  7.7623647 0.4152480     0     0
[21,]    0    0    0    0    0    0 3.352882  3.166137  1.5034479 0.4152480     0     0
[22,]    0    0    0    0    0    0 5.182610 11.396352  8.4654306 0.0000000     0     0
[23,]    0    0    0    0    0    0 1.829728  1.148703  0.4001910 0.4152480     0     0
[24,]    0    0    0    0    0    0 3.352882  5.645695  3.6810869 0.0000000     0     0
[25,]    0    0    0    0    0    0 8.842067 10.153002  4.7843437 0.0000000     0     0
[26,]    0    0    0    0    0    0 3.352882  9.186451  8.1625558 0.8304961     0     0
[27,]    0    0    0    0    0    0 3.352882  5.645695  4.0812779 0.4152480     0     0
[28,]    0    0    0    0    0    0 3.352882 11.308847 10.3690695 0.8304961     0     0
[29,]    0    0    0    0    0    0 3.352882 13.788405 12.1465175 0.0000000     0     0
[30,]    0    0    0    0    0    0 4.876036  3.061174  0.4001910 0.4152480     0     0
[31,]    0    0    0    0    0    0 1.829728  1.148703  0.0000000 0.0000000     0     0
[32,]    0    0    0    0    0    0 0.000000  3.183595  3.7099617 0.4152480     0     0
[33,]    0    0    0    0    0    0 4.876036 13.683442 11.8436426 0.8304961     0     0
[34,]    0    0    0    0    0    0 5.182610  6.794398  4.4814689 0.8304961     0     0
[35,]    0    0    0    0    0    0 3.659457 12.919674 11.0432606 0.0000000     0     0
[36,]    0    0    0    0    0    0 7.012339  9.004299  5.1845348 0.4152480     0     0
[37,]    0    0    0    0    0    0 1.523154  3.078632  2.6067048 0.4152480     0     0
[38,]    0    0    0    0    0    0 1.829728  5.750657  5.1845348 0.4152480     0     0
[39,]    0    0    0    0    0    0 1.523154  9.098946  8.4654306 0.0000000     0     0
[40,]    0    0    0    0    0    0 3.352882  9.186451  7.7623647 0.4152480     0     0
[41,]    0    0    0    0    0    0 6.705764  8.811832  5.5847258 0.8304961     0     0
[42,]    0    0    0    0    0    0 3.659457  2.297406  0.8003821 0.8304961     0     0
[43,]    0    0    0    0    0    0 3.352882 10.247649  9.6660037 1.2457441     0     0
[44,]    0    0    0    0    0    0 1.523154  9.098946  8.8656216 0.4152480     0     0
[45,]    0    0    0    0    0    0 4.569461 17.031731 15.1245385 0.4152480     0     0
[46,]    0    0    0    0    0    0 0.000000  1.061198  1.5034479 0.4152480     0     0
[47,]    0    0    0    0    0    0 1.829728  5.750657  5.5847258 0.8304961     0     0
[48,]    0    0    0    0    0    0 3.659457  5.838162  4.0812779 0.4152480     0     0
[49,]    0    0    0    0    0    0 3.352882  6.706893  5.5847258 0.8304961     0     0
[50,]    0    0    0    0    0    0 4.876036  6.601930  4.0812779 0.4152480     0     0

$Bdatesampinfo
       DATE JULIAN N      Mean     Stdev
1  10/26/10   1760 5  0.000000  0.000000
2  11/30/10   1795 5  0.000000  0.000000
3  01/20/11   1846 5  0.000000  0.000000
4  02/23/11   1880 5  0.000000  0.000000
5  03/19/11   1904 5  0.000000  0.000000
6  04/18/11   1934 5  0.000000  0.000000
7  05/10/11   1956 5  0.000000  0.000000
8  06/22/11   1999 5 14.681954 20.243678
9  07/19/11   2026 5 32.098529 53.540321
10 08/16/11   2054 5  2.684929  6.003684
11 09/14/11   2083 5  0.000000  0.000000
12 10/17/11   2116 5  0.000000  0.000000

$Ndatesampinfo
       DATE JULIAN N     Mean    Stdev
1  10/26/10   1760 5  0.00000  0.00000
2  11/30/10   1795 5  0.00000  0.00000
3  01/20/11   1846 5  0.00000  0.00000
4  02/23/11   1880 5  0.00000  0.00000
5  03/19/11   1904 5  0.00000  0.00000
6  04/18/11   1934 5  0.00000  0.00000
7  05/10/11   1956 5  0.00000  0.00000
8  06/22/11   1999 5 44.44444 62.85394
9  07/19/11   2026 5 35.55556 57.94847
10 08/16/11   2054 5 17.77778 39.75232
11 09/14/11   2083 5  0.00000  0.00000
12 10/17/11   2116 5  0.00000  0.00000

$Bdateboots
      [,1] [,2] [,3] [,4] [,5] [,6] [,7]      [,8]     [,9]    [,10] [,11] [,12]
 [1,]    0    0    0    0    0    0    0  8.012209 22.20552 0.000000     0     0
 [2,]    0    0    0    0    0    0    0 14.681954 56.79522 8.054787     0     0
 [3,]    0    0    0    0    0    0    0  8.012209  7.40184 2.684929     0     0
 [4,]    0    0    0    0    0    0    0 22.694163  7.40184 8.054787     0     0
 [5,]    0    0    0    0    0    0    0 16.024418 24.69669 5.369858     0     0
 [6,]    0    0    0    0    0    0    0 13.339489 49.39338 0.000000     0     0
 [7,]    0    0    0    0    0    0    0 29.363908  0.00000 5.369858     0     0
 [8,]    0    0    0    0    0    0    0 14.681954 22.20552 0.000000     0     0
 [9,]    0    0    0    0    0    0    0  6.669745 32.09853 2.684929     0     0
[10,]    0    0    0    0    0    0    0  8.012209  0.00000 8.054787     0     0
[11,]    0    0    0    0    0    0    0 28.021443 49.39338 5.369858     0     0
[12,]    0    0    0    0    0    0    0 14.681954 29.60736 2.684929     0     0
[13,]    0    0    0    0    0    0    0  6.669745 32.09853 2.684929     0     0
[14,]    0    0    0    0    0    0    0  8.012209 74.09007 0.000000     0     0
[15,]    0    0    0    0    0    0    0 14.681954 39.50037 2.684929     0     0
[16,]    0    0    0    0    0    0    0 21.351699 32.09853 5.369858     0     0
[17,]    0    0    0    0    0    0    0  8.012209  0.00000 0.000000     0     0
[18,]    0    0    0    0    0    0    0 21.351699  0.00000 2.684929     0     0
[19,]    0    0    0    0    0    0    0 13.339489 32.09853 2.684929     0     0
[20,]    0    0    0    0    0    0    0  0.000000 49.39338 2.684929     0     0
[21,]    0    0    0    0    0    0    0 14.681954  7.40184 2.684929     0     0
[22,]    0    0    0    0    0    0    0 22.694163 56.79522 0.000000     0     0
[23,]    0    0    0    0    0    0    0  8.012209  0.00000 2.684929     0     0
[24,]    0    0    0    0    0    0    0 14.681954 24.69669 0.000000     0     0
[25,]    0    0    0    0    0    0    0 38.718582 32.09853 0.000000     0     0
[26,]    0    0    0    0    0    0    0 14.681954 49.39338 5.369858     0     0
[27,]    0    0    0    0    0    0    0 14.681954 24.69669 2.684929     0     0
[28,]    0    0    0    0    0    0    0 14.681954 64.19706 5.369858     0     0
[29,]    0    0    0    0    0    0    0 14.681954 81.49191 0.000000     0     0
[30,]    0    0    0    0    0    0    0 21.351699  0.00000 2.684929     0     0
[31,]    0    0    0    0    0    0    0  8.012209  0.00000 0.000000     0     0
[32,]    0    0    0    0    0    0    0  0.000000 22.20552 2.684929     0     0
[33,]    0    0    0    0    0    0    0 21.351699 74.09007 5.369858     0     0
[34,]    0    0    0    0    0    0    0 22.694163 24.69669 5.369858     0     0
[35,]    0    0    0    0    0    0    0 16.024418 74.09007 0.000000     0     0
[36,]    0    0    0    0    0    0    0 30.706372 32.09853 2.684929     0     0
[37,]    0    0    0    0    0    0    0  6.669745 14.80368 2.684929     0     0
[38,]    0    0    0    0    0    0    0  8.012209 32.09853 2.684929     0     0
[39,]    0    0    0    0    0    0    0  6.669745 56.79522 0.000000     0     0
[40,]    0    0    0    0    0    0    0 14.681954 49.39338 2.684929     0     0
[41,]    0    0    0    0    0    0    0 29.363908 32.09853 5.369858     0     0
[42,]    0    0    0    0    0    0    0 16.024418  0.00000 5.369858     0     0
[43,]    0    0    0    0    0    0    0 14.681954 56.79522 8.054787     0     0
[44,]    0    0    0    0    0    0    0  6.669745 56.79522 2.684929     0     0
[45,]    0    0    0    0    0    0    0 20.009234 98.78675 2.684929     0     0
[46,]    0    0    0    0    0    0    0  0.000000  7.40184 2.684929     0     0
[47,]    0    0    0    0    0    0    0  8.012209 32.09853 5.369858     0     0
[48,]    0    0    0    0    0    0    0 16.024418 24.69669 2.684929     0     0
[49,]    0    0    0    0    0    0    0 14.681954 32.09853 5.369858     0     0
[50,]    0    0    0    0    0    0    0 21.351699 24.69669 2.684929     0     0

$Ndateboots
      [,1] [,2] [,3] [,4] [,5] [,6] [,7]      [,8]       [,9]    [,10] [,11] [,12]
 [1,]    0    0    0    0    0    0    0  26.66667  26.666667  0.00000     0     0
 [2,]    0    0    0    0    0    0    0  44.44444  62.222222 53.33333     0     0
 [3,]    0    0    0    0    0    0    0  26.66667   8.888889 17.77778     0     0
 [4,]    0    0    0    0    0    0    0  71.11111   8.888889 53.33333     0     0
 [5,]    0    0    0    0    0    0    0  53.33333  26.666667 35.55556     0     0
 [6,]    0    0    0    0    0    0    0  35.55556  53.333333  0.00000     0     0
 [7,]    0    0    0    0    0    0    0  88.88889   0.000000 35.55556     0     0
 [8,]    0    0    0    0    0    0    0  44.44444  26.666667  0.00000     0     0
 [9,]    0    0    0    0    0    0    0  17.77778  35.555556 17.77778     0     0
[10,]    0    0    0    0    0    0    0  26.66667   0.000000 53.33333     0     0
[11,]    0    0    0    0    0    0    0  80.00000  53.333333 35.55556     0     0
[12,]    0    0    0    0    0    0    0  44.44444  35.555556 17.77778     0     0
[13,]    0    0    0    0    0    0    0  17.77778  35.555556 17.77778     0     0
[14,]    0    0    0    0    0    0    0  26.66667  80.000000  0.00000     0     0
[15,]    0    0    0    0    0    0    0  44.44444  44.444444 17.77778     0     0
[16,]    0    0    0    0    0    0    0  62.22222  35.555556 35.55556     0     0
[17,]    0    0    0    0    0    0    0  26.66667   0.000000  0.00000     0     0
[18,]    0    0    0    0    0    0    0  62.22222   0.000000 17.77778     0     0
[19,]    0    0    0    0    0    0    0  35.55556  35.555556 17.77778     0     0
[20,]    0    0    0    0    0    0    0   0.00000  53.333333 17.77778     0     0
[21,]    0    0    0    0    0    0    0  44.44444   8.888889 17.77778     0     0
[22,]    0    0    0    0    0    0    0  71.11111  62.222222  0.00000     0     0
[23,]    0    0    0    0    0    0    0  26.66667   0.000000 17.77778     0     0
[24,]    0    0    0    0    0    0    0  44.44444  26.666667  0.00000     0     0
[25,]    0    0    0    0    0    0    0 124.44444  35.555556  0.00000     0     0
[26,]    0    0    0    0    0    0    0  44.44444  53.333333 35.55556     0     0
[27,]    0    0    0    0    0    0    0  44.44444  26.666667 17.77778     0     0
[28,]    0    0    0    0    0    0    0  44.44444  71.111111 35.55556     0     0
[29,]    0    0    0    0    0    0    0  44.44444  88.888889  0.00000     0     0
[30,]    0    0    0    0    0    0    0  62.22222   0.000000 17.77778     0     0
[31,]    0    0    0    0    0    0    0  26.66667   0.000000  0.00000     0     0
[32,]    0    0    0    0    0    0    0   0.00000  26.666667 17.77778     0     0
[33,]    0    0    0    0    0    0    0  62.22222  80.000000 35.55556     0     0
[34,]    0    0    0    0    0    0    0  71.11111  26.666667 35.55556     0     0
[35,]    0    0    0    0    0    0    0  53.33333  80.000000  0.00000     0     0
[36,]    0    0    0    0    0    0    0  97.77778  35.555556 17.77778     0     0
[37,]    0    0    0    0    0    0    0  17.77778  17.777778 17.77778     0     0
[38,]    0    0    0    0    0    0    0  26.66667  35.555556 17.77778     0     0
[39,]    0    0    0    0    0    0    0  17.77778  62.222222  0.00000     0     0
[40,]    0    0    0    0    0    0    0  44.44444  53.333333 17.77778     0     0
[41,]    0    0    0    0    0    0    0  88.88889  35.555556 35.55556     0     0
[42,]    0    0    0    0    0    0    0  53.33333   0.000000 35.55556     0     0
[43,]    0    0    0    0    0    0    0  44.44444  62.222222 53.33333     0     0
[44,]    0    0    0    0    0    0    0  17.77778  62.222222 17.77778     0     0
[45,]    0    0    0    0    0    0    0  53.33333 106.666667 17.77778     0     0
[46,]    0    0    0    0    0    0    0   0.00000   8.888889 17.77778     0     0
[47,]    0    0    0    0    0    0    0  26.66667  35.555556 35.55556     0     0
[48,]    0    0    0    0    0    0    0  53.33333  26.666667 17.77778     0     0
[49,]    0    0    0    0    0    0    0  44.44444  35.555556 35.55556     0     0
[50,]    0    0    0    0    0    0    0  62.22222  26.666667 17.77778     0     0

