$totdays
[1] 365

$Psampest
[1] 0.123444

$Pbootest
     Mean      2.5%       50%     97.5% 
0.1167971 0.0000000 0.1171130 0.2468879 

$Pboots
 [1] 0.11078202 0.12344397 0.12344397 0.13610593 0.01266196 0.24688795 0.22156403
 [8] 0.00000000 0.23422599 0.11078202 0.11078202 0.11078202 0.01266196 0.11078202
[15] 0.01266196 0.12344397 0.01266196 0.00000000 0.13610593 0.23422599 0.12344397
[22] 0.22156403 0.23422599 0.01266196 0.24688795 0.12344397 0.00000000 0.23422599
[29] 0.14876789 0.11078202 0.22156403 0.02532392 0.00000000 0.00000000 0.00000000
[36] 0.12344397 0.13610593 0.24688795 0.02532392 0.02532392 0.24688795 0.11078202
[43] 0.13610593 0.05064784 0.11078202 0.11078202 0.24688795 0.23422599 0.02532392
[50] 0.12344397

$Bboots
 [1] 0.029175876 0.033339108 0.033339108 0.037502341 0.004163232 0.066678217 0.058351752
 [8] 0.000000000 0.062514984 0.029175876 0.029175876 0.029175876 0.004163232 0.029175876
[15] 0.004163232 0.033339108 0.004163232 0.000000000 0.037502341 0.062514984 0.033339108
[22] 0.058351752 0.062514984 0.004163232 0.066678217 0.033339108 0.000000000 0.062514984
[29] 0.041665573 0.029175876 0.058351752 0.008326465 0.000000000 0.000000000 0.000000000
[36] 0.033339108 0.037502341 0.066678217 0.008326465 0.008326465 0.066678217 0.029175876
[43] 0.037502341 0.016652929 0.029175876 0.029175876 0.066678217 0.062514984 0.008326465
[50] 0.033339108

$Nboots
 [1] 0.8080808 1.6161616 1.6161616 2.4242424 0.8080808 3.2323232 1.6161616 0.0000000
 [9] 2.4242424 0.8080808 0.8080808 0.8080808 0.8080808 0.8080808 0.8080808 1.6161616
[17] 0.8080808 0.0000000 2.4242424 2.4242424 1.6161616 1.6161616 2.4242424 0.8080808
[25] 3.2323232 1.6161616 0.0000000 2.4242424 3.2323232 0.8080808 1.6161616 1.6161616
[33] 0.0000000 0.0000000 0.0000000 1.6161616 2.4242424 3.2323232 1.6161616 1.6161616
[41] 3.2323232 0.8080808 2.4242424 3.2323232 0.8080808 0.8080808 3.2323232 2.4242424
[49] 1.6161616 1.6161616

$julians
 [1] 1760 1795 1846 1880 1904 1934 1956 1999 2026 2054 2083 2116

$intdays
 [1] 35 51 34 24 30 22 43 27 28 29 33  9

$Pintsampest
 [1] 0.000000000 0.000000000 0.000000000 0.000000000 0.007312176 0.042841001 0.073290797
 [8] 0.000000000 0.000000000 0.000000000 0.000000000 0.000000000

$Pintboots
      [,1] [,2] [,3] [,4]        [,5]        [,6]      [,7] [,8] [,9] [,10] [,11] [,12]
 [1,]    0    0    0    0 0.000000000 0.037491218 0.0732908    0    0     0     0     0
 [2,]    0    0    0    0 0.007312176 0.042841001 0.0732908    0    0     0     0     0
 [3,]    0    0    0    0 0.007312176 0.042841001 0.0732908    0    0     0     0     0
 [4,]    0    0    0    0 0.014624352 0.048190785 0.0732908    0    0     0     0     0
 [5,]    0    0    0    0 0.007312176 0.005349783 0.0000000    0    0     0     0     0
 [6,]    0    0    0    0 0.014624352 0.085682003 0.1465816    0    0     0     0     0
 [7,]    0    0    0    0 0.000000000 0.074982436 0.1465816    0    0     0     0     0
 [8,]    0    0    0    0 0.000000000 0.000000000 0.0000000    0    0     0     0     0
 [9,]    0    0    0    0 0.007312176 0.080332220 0.1465816    0    0     0     0     0
[10,]    0    0    0    0 0.000000000 0.037491218 0.0732908    0    0     0     0     0
[11,]    0    0    0    0 0.000000000 0.037491218 0.0732908    0    0     0     0     0
[12,]    0    0    0    0 0.000000000 0.037491218 0.0732908    0    0     0     0     0
[13,]    0    0    0    0 0.007312176 0.005349783 0.0000000    0    0     0     0     0
[14,]    0    0    0    0 0.000000000 0.037491218 0.0732908    0    0     0     0     0
[15,]    0    0    0    0 0.007312176 0.005349783 0.0000000    0    0     0     0     0
[16,]    0    0    0    0 0.007312176 0.042841001 0.0732908    0    0     0     0     0
[17,]    0    0    0    0 0.007312176 0.005349783 0.0000000    0    0     0     0     0
[18,]    0    0    0    0 0.000000000 0.000000000 0.0000000    0    0     0     0     0
[19,]    0    0    0    0 0.014624352 0.048190785 0.0732908    0    0     0     0     0
[20,]    0    0    0    0 0.007312176 0.080332220 0.1465816    0    0     0     0     0
[21,]    0    0    0    0 0.007312176 0.042841001 0.0732908    0    0     0     0     0
[22,]    0    0    0    0 0.000000000 0.074982436 0.1465816    0    0     0     0     0
[23,]    0    0    0    0 0.007312176 0.080332220 0.1465816    0    0     0     0     0
[24,]    0    0    0    0 0.007312176 0.005349783 0.0000000    0    0     0     0     0
[25,]    0    0    0    0 0.014624352 0.085682003 0.1465816    0    0     0     0     0
[26,]    0    0    0    0 0.007312176 0.042841001 0.0732908    0    0     0     0     0
[27,]    0    0    0    0 0.000000000 0.000000000 0.0000000    0    0     0     0     0
[28,]    0    0    0    0 0.007312176 0.080332220 0.1465816    0    0     0     0     0
[29,]    0    0    0    0 0.021936527 0.053540568 0.0732908    0    0     0     0     0
[30,]    0    0    0    0 0.000000000 0.037491218 0.0732908    0    0     0     0     0
[31,]    0    0    0    0 0.000000000 0.074982436 0.1465816    0    0     0     0     0
[32,]    0    0    0    0 0.014624352 0.010699566 0.0000000    0    0     0     0     0
[33,]    0    0    0    0 0.000000000 0.000000000 0.0000000    0    0     0     0     0
[34,]    0    0    0    0 0.000000000 0.000000000 0.0000000    0    0     0     0     0
[35,]    0    0    0    0 0.000000000 0.000000000 0.0000000    0    0     0     0     0
[36,]    0    0    0    0 0.007312176 0.042841001 0.0732908    0    0     0     0     0
[37,]    0    0    0    0 0.014624352 0.048190785 0.0732908    0    0     0     0     0
[38,]    0    0    0    0 0.014624352 0.085682003 0.1465816    0    0     0     0     0
[39,]    0    0    0    0 0.014624352 0.010699566 0.0000000    0    0     0     0     0
[40,]    0    0    0    0 0.014624352 0.010699566 0.0000000    0    0     0     0     0
[41,]    0    0    0    0 0.014624352 0.085682003 0.1465816    0    0     0     0     0
[42,]    0    0    0    0 0.000000000 0.037491218 0.0732908    0    0     0     0     0
[43,]    0    0    0    0 0.014624352 0.048190785 0.0732908    0    0     0     0     0
[44,]    0    0    0    0 0.029248703 0.021399133 0.0000000    0    0     0     0     0
[45,]    0    0    0    0 0.000000000 0.037491218 0.0732908    0    0     0     0     0
[46,]    0    0    0    0 0.000000000 0.037491218 0.0732908    0    0     0     0     0
[47,]    0    0    0    0 0.014624352 0.085682003 0.1465816    0    0     0     0     0
[48,]    0    0    0    0 0.007312176 0.080332220 0.1465816    0    0     0     0     0
[49,]    0    0    0    0 0.014624352 0.010699566 0.0000000    0    0     0     0     0
[50,]    0    0    0    0 0.007312176 0.042841001 0.0732908    0    0     0     0     0

$Bdatesampinfo
       DATE JULIAN N       Mean     Stdev
1  10/26/10   1760 5 0.00000000 0.0000000
2  11/30/10   1795 5 0.00000000 0.0000000
3  01/20/11   1846 5 0.00000000 0.0000000
4  02/23/11   1880 5 0.00000000 0.0000000
5  03/19/11   1904 5 0.00000000 0.0000000
6  04/18/11   1934 5 0.04579556 0.1024020
7  05/10/11   1956 5 0.32093464 0.7176317
8  06/22/11   1999 5 0.00000000 0.0000000
9  07/19/11   2026 5 0.00000000 0.0000000
10 08/16/11   2054 5 0.00000000 0.0000000
11 09/14/11   2083 5 0.00000000 0.0000000
12 10/17/11   2116 5 0.00000000 0.0000000

$Ndatesampinfo
       DATE JULIAN N     Mean    Stdev
1  10/26/10   1760 5 0.000000  0.00000
2  11/30/10   1795 5 0.000000  0.00000
3  01/20/11   1846 5 0.000000  0.00000
4  02/23/11   1880 5 0.000000  0.00000
5  03/19/11   1904 5 0.000000  0.00000
6  04/18/11   1934 5 8.888889 19.87616
7  05/10/11   1956 5 8.888889 19.87616
8  06/22/11   1999 5 0.000000  0.00000
9  07/19/11   2026 5 0.000000  0.00000
10 08/16/11   2054 5 0.000000  0.00000
11 09/14/11   2083 5 0.000000  0.00000
12 10/17/11   2116 5 0.000000  0.00000

$Bdateboots
      [,1] [,2] [,3] [,4] [,5]       [,6]      [,7] [,8] [,9] [,10] [,11] [,12]
 [1,]    0    0    0    0    0 0.00000000 0.3209346    0    0     0     0     0
 [2,]    0    0    0    0    0 0.04579556 0.3209346    0    0     0     0     0
 [3,]    0    0    0    0    0 0.04579556 0.3209346    0    0     0     0     0
 [4,]    0    0    0    0    0 0.09159111 0.3209346    0    0     0     0     0
 [5,]    0    0    0    0    0 0.04579556 0.0000000    0    0     0     0     0
 [6,]    0    0    0    0    0 0.09159111 0.6418693    0    0     0     0     0
 [7,]    0    0    0    0    0 0.00000000 0.6418693    0    0     0     0     0
 [8,]    0    0    0    0    0 0.00000000 0.0000000    0    0     0     0     0
 [9,]    0    0    0    0    0 0.04579556 0.6418693    0    0     0     0     0
[10,]    0    0    0    0    0 0.00000000 0.3209346    0    0     0     0     0
[11,]    0    0    0    0    0 0.00000000 0.3209346    0    0     0     0     0
[12,]    0    0    0    0    0 0.00000000 0.3209346    0    0     0     0     0
[13,]    0    0    0    0    0 0.04579556 0.0000000    0    0     0     0     0
[14,]    0    0    0    0    0 0.00000000 0.3209346    0    0     0     0     0
[15,]    0    0    0    0    0 0.04579556 0.0000000    0    0     0     0     0
[16,]    0    0    0    0    0 0.04579556 0.3209346    0    0     0     0     0
[17,]    0    0    0    0    0 0.04579556 0.0000000    0    0     0     0     0
[18,]    0    0    0    0    0 0.00000000 0.0000000    0    0     0     0     0
[19,]    0    0    0    0    0 0.09159111 0.3209346    0    0     0     0     0
[20,]    0    0    0    0    0 0.04579556 0.6418693    0    0     0     0     0
[21,]    0    0    0    0    0 0.04579556 0.3209346    0    0     0     0     0
[22,]    0    0    0    0    0 0.00000000 0.6418693    0    0     0     0     0
[23,]    0    0    0    0    0 0.04579556 0.6418693    0    0     0     0     0
[24,]    0    0    0    0    0 0.04579556 0.0000000    0    0     0     0     0
[25,]    0    0    0    0    0 0.09159111 0.6418693    0    0     0     0     0
[26,]    0    0    0    0    0 0.04579556 0.3209346    0    0     0     0     0
[27,]    0    0    0    0    0 0.00000000 0.0000000    0    0     0     0     0
[28,]    0    0    0    0    0 0.04579556 0.6418693    0    0     0     0     0
[29,]    0    0    0    0    0 0.13738667 0.3209346    0    0     0     0     0
[30,]    0    0    0    0    0 0.00000000 0.3209346    0    0     0     0     0
[31,]    0    0    0    0    0 0.00000000 0.6418693    0    0     0     0     0
[32,]    0    0    0    0    0 0.09159111 0.0000000    0    0     0     0     0
[33,]    0    0    0    0    0 0.00000000 0.0000000    0    0     0     0     0
[34,]    0    0    0    0    0 0.00000000 0.0000000    0    0     0     0     0
[35,]    0    0    0    0    0 0.00000000 0.0000000    0    0     0     0     0
[36,]    0    0    0    0    0 0.04579556 0.3209346    0    0     0     0     0
[37,]    0    0    0    0    0 0.09159111 0.3209346    0    0     0     0     0
[38,]    0    0    0    0    0 0.09159111 0.6418693    0    0     0     0     0
[39,]    0    0    0    0    0 0.09159111 0.0000000    0    0     0     0     0
[40,]    0    0    0    0    0 0.09159111 0.0000000    0    0     0     0     0
[41,]    0    0    0    0    0 0.09159111 0.6418693    0    0     0     0     0
[42,]    0    0    0    0    0 0.00000000 0.3209346    0    0     0     0     0
[43,]    0    0    0    0    0 0.09159111 0.3209346    0    0     0     0     0
[44,]    0    0    0    0    0 0.18318222 0.0000000    0    0     0     0     0
[45,]    0    0    0    0    0 0.00000000 0.3209346    0    0     0     0     0
[46,]    0    0    0    0    0 0.00000000 0.3209346    0    0     0     0     0
[47,]    0    0    0    0    0 0.09159111 0.6418693    0    0     0     0     0
[48,]    0    0    0    0    0 0.04579556 0.6418693    0    0     0     0     0
[49,]    0    0    0    0    0 0.09159111 0.0000000    0    0     0     0     0
[50,]    0    0    0    0    0 0.04579556 0.3209346    0    0     0     0     0

$Ndateboots
      [,1] [,2] [,3] [,4] [,5]      [,6]      [,7] [,8] [,9] [,10] [,11] [,12]
 [1,]    0    0    0    0    0  0.000000  8.888889    0    0     0     0     0
 [2,]    0    0    0    0    0  8.888889  8.888889    0    0     0     0     0
 [3,]    0    0    0    0    0  8.888889  8.888889    0    0     0     0     0
 [4,]    0    0    0    0    0 17.777778  8.888889    0    0     0     0     0
 [5,]    0    0    0    0    0  8.888889  0.000000    0    0     0     0     0
 [6,]    0    0    0    0    0 17.777778 17.777778    0    0     0     0     0
 [7,]    0    0    0    0    0  0.000000 17.777778    0    0     0     0     0
 [8,]    0    0    0    0    0  0.000000  0.000000    0    0     0     0     0
 [9,]    0    0    0    0    0  8.888889 17.777778    0    0     0     0     0
[10,]    0    0    0    0    0  0.000000  8.888889    0    0     0     0     0
[11,]    0    0    0    0    0  0.000000  8.888889    0    0     0     0     0
[12,]    0    0    0    0    0  0.000000  8.888889    0    0     0     0     0
[13,]    0    0    0    0    0  8.888889  0.000000    0    0     0     0     0
[14,]    0    0    0    0    0  0.000000  8.888889    0    0     0     0     0
[15,]    0    0    0    0    0  8.888889  0.000000    0    0     0     0     0
[16,]    0    0    0    0    0  8.888889  8.888889    0    0     0     0     0
[17,]    0    0    0    0    0  8.888889  0.000000    0    0     0     0     0
[18,]    0    0    0    0    0  0.000000  0.000000    0    0     0     0     0
[19,]    0    0    0    0    0 17.777778  8.888889    0    0     0     0     0
[20,]    0    0    0    0    0  8.888889 17.777778    0    0     0     0     0
[21,]    0    0    0    0    0  8.888889  8.888889    0    0     0     0     0
[22,]    0    0    0    0    0  0.000000 17.777778    0    0     0     0     0
[23,]    0    0    0    0    0  8.888889 17.777778    0    0     0     0     0
[24,]    0    0    0    0    0  8.888889  0.000000    0    0     0     0     0
[25,]    0    0    0    0    0 17.777778 17.777778    0    0     0     0     0
[26,]    0    0    0    0    0  8.888889  8.888889    0    0     0     0     0
[27,]    0    0    0    0    0  0.000000  0.000000    0    0     0     0     0
[28,]    0    0    0    0    0  8.888889 17.777778    0    0     0     0     0
[29,]    0    0    0    0    0 26.666667  8.888889    0    0     0     0     0
[30,]    0    0    0    0    0  0.000000  8.888889    0    0     0     0     0
[31,]    0    0    0    0    0  0.000000 17.777778    0    0     0     0     0
[32,]    0    0    0    0    0 17.777778  0.000000    0    0     0     0     0
[33,]    0    0    0    0    0  0.000000  0.000000    0    0     0     0     0
[34,]    0    0    0    0    0  0.000000  0.000000    0    0     0     0     0
[35,]    0    0    0    0    0  0.000000  0.000000    0    0     0     0     0
[36,]    0    0    0    0    0  8.888889  8.888889    0    0     0     0     0
[37,]    0    0    0    0    0 17.777778  8.888889    0    0     0     0     0
[38,]    0    0    0    0    0 17.777778 17.777778    0    0     0     0     0
[39,]    0    0    0    0    0 17.777778  0.000000    0    0     0     0     0
[40,]    0    0    0    0    0 17.777778  0.000000    0    0     0     0     0
[41,]    0    0    0    0    0 17.777778 17.777778    0    0     0     0     0
[42,]    0    0    0    0    0  0.000000  8.888889    0    0     0     0     0
[43,]    0    0    0    0    0 17.777778  8.888889    0    0     0     0     0
[44,]    0    0    0    0    0 35.555556  0.000000    0    0     0     0     0
[45,]    0    0    0    0    0  0.000000  8.888889    0    0     0     0     0
[46,]    0    0    0    0    0  0.000000  8.888889    0    0     0     0     0
[47,]    0    0    0    0    0 17.777778 17.777778    0    0     0     0     0
[48,]    0    0    0    0    0  8.888889 17.777778    0    0     0     0     0
[49,]    0    0    0    0    0 17.777778  0.000000    0    0     0     0     0
[50,]    0    0    0    0    0  8.888889  8.888889    0    0     0     0     0

