$totdays
[1] 365

$Psampest
[1] 16.03263

$Pbootest
     Mean      2.5%       50%     97.5% 
15.601222  1.495273 14.537353 35.187106 

$Pboots
 [1] 26.070079 23.551232  7.490444 24.560725  8.999798 23.065453 25.046504 19.037252
 [9]  6.009253 26.070079 11.532726  9.013879 19.037252 13.027999 14.537353 17.513817
[17]  1.495273  6.009253  7.504525 17.541979 22.027797  3.004626 16.032625 32.065250
[25] 17.527898 17.527898  0.000000  4.499899 46.130905 26.070079  6.009253 13.027999
[33] 27.565351 26.055998 14.523272  1.495273 32.065250 11.532726 26.055998 23.065453
[41]  1.495273  4.499899  4.485818 14.537353  2.990545  4.499899 36.093451  4.499899
[49] 13.027999 20.532524

$Bboots
 [1] 5.8581183 6.0768345 1.9087062 5.2952012 2.4716233 4.9587540 6.4132818 4.6145530
 [9] 1.7987287 5.8581183 2.4793770 2.6980931 4.6145530 2.8158243 3.3787414 3.8251661
[17] 0.3364473 1.7987287 2.1351760 4.2781057 5.2874476 0.8993644 3.7151886 7.4303773
[25] 4.0516359 4.0516359 0.0000000 1.2358117 9.9175079 5.8581183 1.7987287 2.8158243
[33] 6.1945656 5.6316485 3.1522715 0.3364473 7.4303773 2.4793770 5.6316485 4.9587540
[41] 0.3364473 1.2358117 1.0093418 3.3787414 0.6728946 1.2358117 7.7745782 1.2358117
[49] 2.8158243 4.9510003

$Nboots
 [1] 1.6161616 3.6363636 2.0202020 1.2121212 2.4242424 0.8080808 4.0404040 2.4242424
 [9] 1.6161616 1.6161616 0.4040404 2.4242424 2.4242424 0.8080808 1.2121212 2.0202020
[17] 0.4040404 1.6161616 2.0202020 2.0202020 3.2323232 0.8080808 1.6161616 3.2323232
[25] 2.0202020 2.0202020 0.0000000 1.2121212 1.6161616 1.6161616 1.6161616 0.8080808
[33] 2.0202020 1.6161616 1.2121212 0.4040404 3.2323232 0.4040404 1.6161616 0.8080808
[41] 0.4040404 1.2121212 1.2121212 1.2121212 0.8080808 1.2121212 1.6161616 1.2121212
[49] 0.8080808 2.8282828

$julians
 [1] 1760 1795 1846 1880 1904 1934 1956 1999 2026 2054 2083 2116

$intdays
 [1] 35 51 34 24 30 22 43 27 28 29 33  9

$Pintsampest
 [1] 10.217426  0.000000  0.000000  0.000000  0.000000  0.000000  0.000000  0.000000
 [9]  1.474573  1.530053  1.316796  1.493777

$Pintboots
          [,1] [,2] [,3] [,4] [,5] [,6] [,7] [,8]     [,9]    [,10]    [,11]     [,12]
 [1,] 20.43485    0    0    0    0    0    0    0 1.474573 1.530053 0.000000 2.6306008
 [2,] 10.21743    0    0    0    0    0    0    0 5.898292 6.120213 0.000000 1.3153004
 [3,]  0.00000    0    0    0    0    0    0    0 1.474573 1.530053 3.950389 0.5354292
 [4,] 20.43485    0    0    0    0    0    0    0 0.000000 0.000000 1.316796 2.8090772
 [5,]  0.00000    0    0    0    0    0    0    0 2.949146 3.060106 2.633593 0.3569528
 [6,] 20.43485    0    0    0    0    0    0    0 0.000000 0.000000 0.000000 2.6306008
 [7,] 10.21743    0    0    0    0    0    0    0 5.898292 6.120213 1.316796 1.4937768
 [8,] 10.21743    0    0    0    0    0    0    0 2.949146 3.060106 1.316796 1.4937768
 [9,]  0.00000    0    0    0    0    0    0    0 2.949146 3.060106 0.000000 0.0000000
[10,] 20.43485    0    0    0    0    0    0    0 1.474573 1.530053 0.000000 2.6306008
[11,] 10.21743    0    0    0    0    0    0    0 0.000000 0.000000 0.000000 1.3153004
[12,]  0.00000    0    0    0    0    0    0    0 4.423719 4.590160 0.000000 0.0000000
[13,] 10.21743    0    0    0    0    0    0    0 2.949146 3.060106 1.316796 1.4937768
[14,] 10.21743    0    0    0    0    0    0    0 0.000000 0.000000 1.316796 1.4937768
[15,] 10.21743    0    0    0    0    0    0    0 1.474573 1.530053 0.000000 1.3153004
[16,] 10.21743    0    0    0    0    0    0    0 0.000000 0.000000 5.267185 2.0292059
[17,]  0.00000    0    0    0    0    0    0    0 0.000000 0.000000 1.316796 0.1784764
[18,]  0.00000    0    0    0    0    0    0    0 2.949146 3.060106 0.000000 0.0000000
[19,]  0.00000    0    0    0    0    0    0    0 2.949146 3.060106 1.316796 0.1784764
[20,] 10.21743    0    0    0    0    0    0    0 2.949146 3.060106 0.000000 1.3153004
[21,] 10.21743    0    0    0    0    0    0    0 2.949146 3.060106 3.950389 1.8507296
[22,]  0.00000    0    0    0    0    0    0    0 1.474573 1.530053 0.000000 0.0000000
[23,] 10.21743    0    0    0    0    0    0    0 1.474573 1.530053 1.316796 1.4937768
[24,] 20.43485    0    0    0    0    0    0    0 2.949146 3.060106 2.633593 2.9875536
[25,] 10.21743    0    0    0    0    0    0    0 1.474573 1.530053 2.633593 1.6722532
[26,] 10.21743    0    0    0    0    0    0    0 1.474573 1.530053 2.633593 1.6722532
[27,]  0.00000    0    0    0    0    0    0    0 0.000000 0.000000 0.000000 0.0000000
[28,]  0.00000    0    0    0    0    0    0    0 1.474573 1.530053 1.316796 0.1784764
[29,] 40.86970    0    0    0    0    0    0    0 0.000000 0.000000 0.000000 5.2612016
[30,] 20.43485    0    0    0    0    0    0    0 1.474573 1.530053 0.000000 2.6306008
[31,]  0.00000    0    0    0    0    0    0    0 2.949146 3.060106 0.000000 0.0000000
[32,] 10.21743    0    0    0    0    0    0    0 0.000000 0.000000 1.316796 1.4937768
[33,] 20.43485    0    0    0    0    0    0    0 1.474573 1.530053 1.316796 2.8090772
[34,] 20.43485    0    0    0    0    0    0    0 0.000000 0.000000 2.633593 2.9875536
[35,] 10.21743    0    0    0    0    0    0    0 0.000000 0.000000 2.633593 1.6722532
[36,]  0.00000    0    0    0    0    0    0    0 0.000000 0.000000 1.316796 0.1784764
[37,] 20.43485    0    0    0    0    0    0    0 2.949146 3.060106 2.633593 2.9875536
[38,] 10.21743    0    0    0    0    0    0    0 0.000000 0.000000 0.000000 1.3153004
[39,] 20.43485    0    0    0    0    0    0    0 0.000000 0.000000 2.633593 2.9875536
[40,] 20.43485    0    0    0    0    0    0    0 0.000000 0.000000 0.000000 2.6306008
[41,]  0.00000    0    0    0    0    0    0    0 0.000000 0.000000 1.316796 0.1784764
[42,]  0.00000    0    0    0    0    0    0    0 1.474573 1.530053 1.316796 0.1784764
[43,]  0.00000    0    0    0    0    0    0    0 0.000000 0.000000 3.950389 0.5354292
[44,] 10.21743    0    0    0    0    0    0    0 1.474573 1.530053 0.000000 1.3153004
[45,]  0.00000    0    0    0    0    0    0    0 0.000000 0.000000 2.633593 0.3569528
[46,]  0.00000    0    0    0    0    0    0    0 1.474573 1.530053 1.316796 0.1784764
[47,] 30.65228    0    0    0    0    0    0    0 0.000000 0.000000 1.316796 4.1243776
[48,]  0.00000    0    0    0    0    0    0    0 1.474573 1.530053 1.316796 0.1784764
[49,] 10.21743    0    0    0    0    0    0    0 0.000000 0.000000 1.316796 1.4937768
[50,] 10.21743    0    0    0    0    0    0    0 2.949146 3.060106 2.633593 1.6722532

$Bdatesampinfo
       DATE JULIAN N      Mean     Stdev
1  10/26/10   1760 5 54.546293 121.96922
2  11/30/10   1795 5  0.000000   0.00000
3  01/20/11   1846 5  0.000000   0.00000
4  02/23/11   1880 5  0.000000   0.00000
5  03/19/11   1904 5  0.000000   0.00000
6  04/18/11   1934 5  0.000000   0.00000
7  05/10/11   1956 5  0.000000   0.00000
8  06/22/11   1999 5  0.000000   0.00000
9  07/19/11   2026 5  0.000000   0.00000
10 08/16/11   2054 5  9.893008  22.12144
11 09/14/11   2083 5  0.000000   0.00000
12 10/17/11   2116 5  7.401840  16.55102

$Ndatesampinfo
       DATE JULIAN N     Mean    Stdev
1  10/26/10   1760 5 8.888889 19.87616
2  11/30/10   1795 5 0.000000  0.00000
3  01/20/11   1846 5 0.000000  0.00000
4  02/23/11   1880 5 0.000000  0.00000
5  03/19/11   1904 5 0.000000  0.00000
6  04/18/11   1934 5 0.000000  0.00000
7  05/10/11   1956 5 0.000000  0.00000
8  06/22/11   1999 5 0.000000  0.00000
9  07/19/11   2026 5 0.000000  0.00000
10 08/16/11   2054 5 8.888889 19.87616
11 09/14/11   2083 5 0.000000  0.00000
12 10/17/11   2116 5 8.888889 19.87616

$Bdateboots
           [,1] [,2] [,3] [,4] [,5] [,6] [,7] [,8] [,9]     [,10] [,11]    [,12]
 [1,] 109.09259    0    0    0    0    0    0    0    0  9.893008     0  0.00000
 [2,]  54.54629    0    0    0    0    0    0    0    0 39.572032     0  0.00000
 [3,]   0.00000    0    0    0    0    0    0    0    0  9.893008     0 22.20552
 [4,] 109.09259    0    0    0    0    0    0    0    0  0.000000     0  7.40184
 [5,]   0.00000    0    0    0    0    0    0    0    0 19.786016     0 14.80368
 [6,] 109.09259    0    0    0    0    0    0    0    0  0.000000     0  0.00000
 [7,]  54.54629    0    0    0    0    0    0    0    0 39.572032     0  7.40184
 [8,]  54.54629    0    0    0    0    0    0    0    0 19.786016     0  7.40184
 [9,]   0.00000    0    0    0    0    0    0    0    0 19.786016     0  0.00000
[10,] 109.09259    0    0    0    0    0    0    0    0  9.893008     0  0.00000
[11,]  54.54629    0    0    0    0    0    0    0    0  0.000000     0  0.00000
[12,]   0.00000    0    0    0    0    0    0    0    0 29.679024     0  0.00000
[13,]  54.54629    0    0    0    0    0    0    0    0 19.786016     0  7.40184
[14,]  54.54629    0    0    0    0    0    0    0    0  0.000000     0  7.40184
[15,]  54.54629    0    0    0    0    0    0    0    0  9.893008     0  0.00000
[16,]  54.54629    0    0    0    0    0    0    0    0  0.000000     0 29.60736
[17,]   0.00000    0    0    0    0    0    0    0    0  0.000000     0  7.40184
[18,]   0.00000    0    0    0    0    0    0    0    0 19.786016     0  0.00000
[19,]   0.00000    0    0    0    0    0    0    0    0 19.786016     0  7.40184
[20,]  54.54629    0    0    0    0    0    0    0    0 19.786016     0  0.00000
[21,]  54.54629    0    0    0    0    0    0    0    0 19.786016     0 22.20552
[22,]   0.00000    0    0    0    0    0    0    0    0  9.893008     0  0.00000
[23,]  54.54629    0    0    0    0    0    0    0    0  9.893008     0  7.40184
[24,] 109.09259    0    0    0    0    0    0    0    0 19.786016     0 14.80368
[25,]  54.54629    0    0    0    0    0    0    0    0  9.893008     0 14.80368
[26,]  54.54629    0    0    0    0    0    0    0    0  9.893008     0 14.80368
[27,]   0.00000    0    0    0    0    0    0    0    0  0.000000     0  0.00000
[28,]   0.00000    0    0    0    0    0    0    0    0  9.893008     0  7.40184
[29,] 218.18517    0    0    0    0    0    0    0    0  0.000000     0  0.00000
[30,] 109.09259    0    0    0    0    0    0    0    0  9.893008     0  0.00000
[31,]   0.00000    0    0    0    0    0    0    0    0 19.786016     0  0.00000
[32,]  54.54629    0    0    0    0    0    0    0    0  0.000000     0  7.40184
[33,] 109.09259    0    0    0    0    0    0    0    0  9.893008     0  7.40184
[34,] 109.09259    0    0    0    0    0    0    0    0  0.000000     0 14.80368
[35,]  54.54629    0    0    0    0    0    0    0    0  0.000000     0 14.80368
[36,]   0.00000    0    0    0    0    0    0    0    0  0.000000     0  7.40184
[37,] 109.09259    0    0    0    0    0    0    0    0 19.786016     0 14.80368
[38,]  54.54629    0    0    0    0    0    0    0    0  0.000000     0  0.00000
[39,] 109.09259    0    0    0    0    0    0    0    0  0.000000     0 14.80368
[40,] 109.09259    0    0    0    0    0    0    0    0  0.000000     0  0.00000
[41,]   0.00000    0    0    0    0    0    0    0    0  0.000000     0  7.40184
[42,]   0.00000    0    0    0    0    0    0    0    0  9.893008     0  7.40184
[43,]   0.00000    0    0    0    0    0    0    0    0  0.000000     0 22.20552
[44,]  54.54629    0    0    0    0    0    0    0    0  9.893008     0  0.00000
[45,]   0.00000    0    0    0    0    0    0    0    0  0.000000     0 14.80368
[46,]   0.00000    0    0    0    0    0    0    0    0  9.893008     0  7.40184
[47,] 163.63888    0    0    0    0    0    0    0    0  0.000000     0  7.40184
[48,]   0.00000    0    0    0    0    0    0    0    0  9.893008     0  7.40184
[49,]  54.54629    0    0    0    0    0    0    0    0  0.000000     0  7.40184
[50,]  54.54629    0    0    0    0    0    0    0    0 19.786016     0 14.80368

$Ndateboots
           [,1] [,2] [,3] [,4] [,5] [,6] [,7] [,8] [,9]     [,10] [,11]     [,12]
 [1,] 17.777778    0    0    0    0    0    0    0    0  8.888889     0  0.000000
 [2,]  8.888889    0    0    0    0    0    0    0    0 35.555556     0  0.000000
 [3,]  0.000000    0    0    0    0    0    0    0    0  8.888889     0 26.666667
 [4,] 17.777778    0    0    0    0    0    0    0    0  0.000000     0  8.888889
 [5,]  0.000000    0    0    0    0    0    0    0    0 17.777778     0 17.777778
 [6,] 17.777778    0    0    0    0    0    0    0    0  0.000000     0  0.000000
 [7,]  8.888889    0    0    0    0    0    0    0    0 35.555556     0  8.888889
 [8,]  8.888889    0    0    0    0    0    0    0    0 17.777778     0  8.888889
 [9,]  0.000000    0    0    0    0    0    0    0    0 17.777778     0  0.000000
[10,] 17.777778    0    0    0    0    0    0    0    0  8.888889     0  0.000000
[11,]  8.888889    0    0    0    0    0    0    0    0  0.000000     0  0.000000
[12,]  0.000000    0    0    0    0    0    0    0    0 26.666667     0  0.000000
[13,]  8.888889    0    0    0    0    0    0    0    0 17.777778     0  8.888889
[14,]  8.888889    0    0    0    0    0    0    0    0  0.000000     0  8.888889
[15,]  8.888889    0    0    0    0    0    0    0    0  8.888889     0  0.000000
[16,]  8.888889    0    0    0    0    0    0    0    0  0.000000     0 35.555556
[17,]  0.000000    0    0    0    0    0    0    0    0  0.000000     0  8.888889
[18,]  0.000000    0    0    0    0    0    0    0    0 17.777778     0  0.000000
[19,]  0.000000    0    0    0    0    0    0    0    0 17.777778     0  8.888889
[20,]  8.888889    0    0    0    0    0    0    0    0 17.777778     0  0.000000
[21,]  8.888889    0    0    0    0    0    0    0    0 17.777778     0 26.666667
[22,]  0.000000    0    0    0    0    0    0    0    0  8.888889     0  0.000000
[23,]  8.888889    0    0    0    0    0    0    0    0  8.888889     0  8.888889
[24,] 17.777778    0    0    0    0    0    0    0    0 17.777778     0 17.777778
[25,]  8.888889    0    0    0    0    0    0    0    0  8.888889     0 17.777778
[26,]  8.888889    0    0    0    0    0    0    0    0  8.888889     0 17.777778
[27,]  0.000000    0    0    0    0    0    0    0    0  0.000000     0  0.000000
[28,]  0.000000    0    0    0    0    0    0    0    0  8.888889     0  8.888889
[29,] 35.555556    0    0    0    0    0    0    0    0  0.000000     0  0.000000
[30,] 17.777778    0    0    0    0    0    0    0    0  8.888889     0  0.000000
[31,]  0.000000    0    0    0    0    0    0    0    0 17.777778     0  0.000000
[32,]  8.888889    0    0    0    0    0    0    0    0  0.000000     0  8.888889
[33,] 17.777778    0    0    0    0    0    0    0    0  8.888889     0  8.888889
[34,] 17.777778    0    0    0    0    0    0    0    0  0.000000     0 17.777778
[35,]  8.888889    0    0    0    0    0    0    0    0  0.000000     0 17.777778
[36,]  0.000000    0    0    0    0    0    0    0    0  0.000000     0  8.888889
[37,] 17.777778    0    0    0    0    0    0    0    0 17.777778     0 17.777778
[38,]  8.888889    0    0    0    0    0    0    0    0  0.000000     0  0.000000
[39,] 17.777778    0    0    0    0    0    0    0    0  0.000000     0 17.777778
[40,] 17.777778    0    0    0    0    0    0    0    0  0.000000     0  0.000000
[41,]  0.000000    0    0    0    0    0    0    0    0  0.000000     0  8.888889
[42,]  0.000000    0    0    0    0    0    0    0    0  8.888889     0  8.888889
[43,]  0.000000    0    0    0    0    0    0    0    0  0.000000     0 26.666667
[44,]  8.888889    0    0    0    0    0    0    0    0  8.888889     0  0.000000
[45,]  0.000000    0    0    0    0    0    0    0    0  0.000000     0 17.777778
[46,]  0.000000    0    0    0    0    0    0    0    0  8.888889     0  8.888889
[47,] 26.666667    0    0    0    0    0    0    0    0  0.000000     0  8.888889
[48,]  0.000000    0    0    0    0    0    0    0    0  8.888889     0  8.888889
[49,]  8.888889    0    0    0    0    0    0    0    0  0.000000     0  8.888889
[50,]  8.888889    0    0    0    0    0    0    0    0 17.777778     0 17.777778

