$totdays
[1] 365

$Psampest
[1] 90.71711

$Pbootest
     Mean      2.5%       50%     97.5% 
 93.98840  31.85924 100.33546 160.19806 

$Pboots
 [1]  63.95015 133.27143 106.41545  61.25201  64.05725 135.64565 133.45391  77.69871
 [9]  67.03424  87.11321 102.37618 139.31438  52.14451 141.65269 116.86508 117.12691
[17] 124.64103 161.35879 156.19999 117.34417 100.10735  71.38732  76.55948  31.36358
[25]  45.58021  93.86905 150.51473  33.56648 116.82396 138.55861  90.85794  82.61516
[33]  47.42749  74.14275 166.61172 105.37487 100.56358  35.89780  54.03513  24.04521
[41]  66.71010 127.10930 130.62926 108.96828  63.90416 103.83100 104.12942  57.97684
[49]  34.50053 102.84280

$Bboots
 [1]  5.987408 12.159464 10.193107  7.254417  7.784985 13.120921 11.585415  6.417271
 [9]  6.203552  8.461561 10.505122 12.679921  4.542638 13.587999 10.963402 12.018333
[17] 11.292823 14.858209 15.275119 10.069645  9.697932  6.240952  7.716685  4.018265
[25]  4.812652  9.027293 14.358832  3.818957 10.688817 12.549818  8.573506  7.025790
[33]  4.023018  6.837133 17.088247 10.617339  9.913912  3.407220  5.063463  2.824201
[41]  6.387628 12.825452 13.027591  9.060872  5.980336 10.309880  9.522100  6.318465
[49]  4.409617  9.641942

$Nboots
 [1]  63.83838 114.74747  92.92929  65.05051  62.62626 124.04040 120.80808  65.45455
 [9]  72.32323  82.42424  93.73737 125.65657  47.27273 123.23232 102.22222 105.45455
[17] 111.51515 138.58586 137.37374 106.26263  90.10101  64.64646  68.28283  29.49495
[25]  48.08081  85.65657 137.77778  35.95960 108.28283 117.57576  82.02020  72.72727
[33]  41.21212  67.07071 150.30303  96.96970  90.90909  35.55556  54.54545  25.05051
[41]  64.24242 114.34343 120.40404  91.71717  58.98990 100.20202  90.50505  53.73737
[49]  36.36364  89.69697

$julians
 [1] 1760 1795 1846 1880 1904 1934 1956 1999 2026 2054 2083 2116

$intdays
 [1] 35 51 34 24 30 22 43 27 28 29 33  9

$Pintsampest
 [1] 42.372060427 30.284812477  0.006262053  0.004420272  0.000000000  0.000000000
 [7]  0.000000000  0.000000000  1.672771982  4.000901360  5.834928141  6.540953532

$Pintboots
           [,1]       [,2]        [,3]        [,4] [,5] [,6] [,7] [,8]     [,9]
 [1,] 28.769556 10.2497388 0.012524105 0.008840545    0    0    0    0 3.345544
 [2,] 56.078124 60.0278760 0.006262053 0.004420272    0    0    0    0 0.000000
 [3,] 59.563678 30.0186345 0.012524105 0.008840545    0    0    0    0 0.000000
 [4,] 23.293480 19.7970750 0.012524105 0.008840545    0    0    0    0 3.345544
 [5,] 31.641972 20.3200378 0.006262053 0.004420272    0    0    0    0 1.672772
 [6,] 67.369969 39.8133625 0.000000000 0.000000000    0    0    0    0 1.672772
 [7,] 69.059693 40.5157651 0.006262053 0.004420272    0    0    0    0 3.345544
 [8,] 42.836030 20.4994776 0.000000000 0.000000000    0    0    0    0 0.000000
 [9,] 30.202719 10.5253098 0.000000000 0.000000000    0    0    0    0 6.691088
[10,] 42.248868 30.0186345 0.006262053 0.004420272    0    0    0    0 3.345544
[11,] 49.011195 39.5471845 0.000000000 0.000000000    0    0    0    0 1.672772
[12,] 55.430102 50.3104931 0.000000000 0.000000000    0    0    0    0 1.672772
[13,] 23.248136 20.5088707 0.000000000 0.000000000    0    0    0    0 1.672772
[14,] 62.302436 69.5564260 0.000000000 0.000000000    0    0    0    0 0.000000
[15,] 45.129326 50.0443151 0.006262053 0.004420272    0    0    0    0 0.000000
[16,] 53.393879 40.0701473 0.012524105 0.008840545    0    0    0    0 0.000000
[17,] 63.181880 40.5251582 0.012524105 0.008840545    0    0    0    0 1.672772
[18,] 79.610801 69.5470329 0.000000000 0.000000000    0    0    0    0 0.000000
[19,] 69.107465 69.5564260 0.012524105 0.008840545    0    0    0    0 0.000000
[20,] 51.540090 50.4993260 0.012524105 0.008840545    0    0    0    0 3.345544
[21,] 56.786141 30.0280276 0.000000000 0.000000000    0    0    0    0 1.672772
[22,] 31.677402 30.0092414 0.000000000 0.000000000    0    0    0    0 1.672772
[23,] 40.958531 20.5674296 0.000000000 0.000000000    0    0    0    0 0.000000
[24,] 17.618198  0.5417490 0.006262053 0.004420272    0    0    0    0 0.000000
[25,] 17.024207 10.5159168 0.012524105 0.008840545    0    0    0    0 3.345544
[26,] 60.961605 10.7820947 0.012524105 0.008840545    0    0    0    0 1.672772
[27,] 80.885535 50.0443151 0.012524105 0.008840545    0    0    0    0 3.345544
[28,] 11.727493  0.5323559 0.006262053 0.004420272    0    0    0    0 1.672772
[29,] 48.051527 40.2683733 0.006262053 0.004420272    0    0    0    0 3.345544
[30,] 66.581460 60.0184829 0.000000000 0.000000000    0    0    0    0 0.000000
[31,] 41.827598 30.2754194 0.006262053 0.004420272    0    0    0    0 1.672772
[32,] 43.212338 20.4900845 0.000000000 0.000000000    0    0    0    0 1.672772
[33,] 24.305568 10.5065237 0.000000000 0.000000000    0    0    0    0 0.000000
[34,] 33.880754 30.2848125 0.000000000 0.000000000    0    0    0    0 1.672772
[35,] 71.903984 79.0849759 0.006262053 0.004420272    0    0    0    0 1.672772
[36,] 55.433826 30.0374207 0.006262053 0.004420272    0    0    0    0 1.672772
[37,] 49.559843 30.2848125 0.000000000 0.000000000    0    0    0    0 1.672772
[38,] 14.060767  0.2661779 0.000000000 0.000000000    0    0    0    0 1.672772
[39,] 24.866752 10.7727016 0.006262053 0.004420272    0    0    0    0 3.345544
[40,]  8.001331 10.5253098 0.006262053 0.004420272    0    0    0    0 1.672772
[41,] 32.277752 11.0388796 0.012524105 0.008840545    0    0    0    0 1.672772
[42,] 62.111938 50.0443151 0.012524105 0.008840545    0    0    0    0 1.672772
[43,] 62.300008 39.8039694 0.012524105 0.008840545    0    0    0    0 1.672772
[44,] 43.010269 50.7561109 0.012524105 0.008840545    0    0    0    0 0.000000
[45,] 28.626742 10.7727016 0.000000000 0.000000000    0    0    0    0 1.672772
[46,] 36.338629 39.8039694 0.006262053 0.004420272    0    0    0    0 3.345544
[47,] 42.605259 40.2683733 0.006262053 0.004420272    0    0    0    0 0.000000
[48,] 27.436224 19.7970750 0.000000000 0.000000000    0    0    0    0 0.000000
[49,] 24.263691  0.8079269 0.006262053 0.004420272    0    0    0    0 1.672772
[50,] 55.544127 30.2848125 0.006262053 0.004420272    0    0    0    0 0.000000
         [,10]      [,11]     [,12]
 [1,] 8.001803  8.6195177  4.942629
 [2,] 2.056712  6.5438557  8.554178
 [3,] 2.056712  5.7276139  9.027445
 [4,] 5.945091  5.0186864  3.830766
 [5,] 1.944189  3.7592662  4.708326
 [6,] 6.057614 10.1446870 10.587241
 [7,] 5.945091  4.3097588 10.267377
 [8,] 2.056712  5.7276139  6.578877
 [9,] 9.833469  5.0186864  4.762968
[10,] 3.888378  1.5251693  6.075932
[11,] 1.944189  3.0503386  7.150500
[12,] 8.114326 14.4544458  9.332239
[13,] 1.944189  1.4178551  3.352689
[14,] 0.000000  0.8162418  8.977586
[15,] 4.113424 10.1446870  7.422650
[16,] 4.113424 10.8536145  8.674481
[17,] 4.000901  5.7276139  9.511339
[18,] 0.000000  0.7089275 11.492030
[19,] 2.056712  5.0186864 10.439338
[20,] 3.888378  0.7089275  7.340539
[21,] 1.944189  1.5251693  8.151048
[22,] 1.944189  1.5251693  4.558544
[23,] 2.056712  6.5438557  6.432952
[24,] 2.056712  7.9617108  3.174531
[25,] 5.945091  5.8349281  2.893156
[26,] 4.000901  7.1454690  9.284847
[27,] 3.888378  0.7089275 11.620664
[28,] 6.057614 10.9609287  2.604639
[29,] 8.001803  9.4357594  7.710272
[30,] 0.000000  2.4487253  9.509942
[31,] 4.000901  6.5438557  6.526708
[32,] 4.000901  6.6511699  6.587897
[33,] 2.056712  6.6511699  3.907516
[34,] 1.944189  1.4178551  4.942370
[35,] 1.944189  1.5251693 10.469944
[36,] 4.000901  5.8349281  8.384343
[37,] 4.000901  7.4674117  7.577842
[38,] 6.057614 10.8536145  2.986858
[39,] 5.945091  5.1260006  3.968355
[40,] 1.944189  0.7089275  1.181998
[41,] 6.057614 10.1446870  5.497028
[42,] 1.944189  2.3414111  8.973312
[43,] 6.057614 10.8536145  9.919917
[44,] 2.056712  6.4365415  6.687285
[45,] 6.057614 11.7771705  4.997160
[46,] 8.001803 10.1446870  6.185682
[47,] 4.113424 10.1446870  6.986993
[48,] 2.056712  4.3097588  4.377068
[49,] 1.944189  2.2340969  3.567176
[50,] 2.056712  6.4365415  8.509923

$Bdatesampinfo
       DATE JULIAN N      Mean     Stdev
1  10/26/10   1760 5 51.415725 66.860610
2  11/30/10   1795 5 54.179197 76.035477
3  01/20/11   1846 5  0.000000  0.000000
4  02/23/11   1880 5  3.683560  8.236691
5  03/19/11   1904 5  0.000000  0.000000
6  04/18/11   1934 5  0.000000  0.000000
7  05/10/11   1956 5  0.000000  0.000000
8  06/22/11   1999 5  0.000000  0.000000
9  07/19/11   2026 5  0.000000  0.000000
10 08/16/11   2054 5  3.743153  8.369945
11 09/14/11   2083 5  5.193877 11.613861
12 10/17/11   2116 5  8.397883 14.717823

$Ndatesampinfo
       DATE JULIAN N       Mean     Stdev
1  10/26/10   1760 5 506.666667 625.07284
2  11/30/10   1795 5 497.777778 714.16013
3  01/20/11   1846 5   0.000000   0.00000
4  02/23/11   1880 5   8.888889  19.87616
5  03/19/11   1904 5   0.000000   0.00000
6  04/18/11   1934 5   0.000000   0.00000
7  05/10/11   1956 5   0.000000   0.00000
8  06/22/11   1999 5   0.000000   0.00000
9  07/19/11   2026 5   0.000000   0.00000
10 08/16/11   2054 5  71.111111 159.00928
11 09/14/11   2083 5  71.111111 159.00928
12 10/17/11   2116 5  26.666667  39.75232

$Bdateboots
            [,1]       [,2] [,3]     [,4] [,5] [,6] [,7] [,8] [,9]     [,10]     [,11]
 [1,]  51.111239  15.064686    0 7.367121    0    0    0    0    0  7.486307 10.387753
 [2,]  39.119785 100.317451    0 3.683560    0    0    0    0    0  0.000000  5.193877
 [3,]  91.923805  52.000506    0 7.367121    0    0    0    0    0  0.000000  5.193877
 [4,]  21.928798  47.986500    0 7.367121    0    0    0    0    0  7.486307  5.193877
 [5,]  40.699056  48.660323    0 3.683560    0    0    0    0    0  3.743153  0.000000
 [6,]  92.532776  79.733890    0 0.000000    0    0    0    0    0  3.743153 10.387753
 [7,]  98.398123  61.876763    0 3.683560    0    0    0    0    0  7.486307  5.193877
 [8,]  67.331926  30.129373    0 0.000000    0    0    0    0    0  0.000000  5.193877
 [9,]  52.690510  20.926939    0 0.000000    0    0    0    0    0 14.972614  5.193877
[10,]  51.415725  52.000506    0 3.683560    0    0    0    0    0  7.486307  0.000000
[11,]  51.720210  77.555199    0 0.000000    0    0    0    0    0  3.743153  0.000000
[12,]  52.690510  89.610148    0 0.000000    0    0    0    0    0  3.743153 15.581630
[13,]  21.624313  33.812933    0 0.000000    0    0    0    0    0  3.743153  0.000000
[14,]  40.394570 125.872144    0 0.000000    0    0    0    0    0  0.000000  0.000000
[15,]  29.791412  87.431456    0 3.683560    0    0    0    0    0  0.000000 10.387753
[16,]  62.436879  78.229022    0 7.367121    0    0    0    0    0  0.000000 10.387753
[17,]  81.511622  65.560323    0 7.367121    0    0    0    0    0  3.743153  5.193877
[18,]  80.902651 122.188584    0 0.000000    0    0    0    0    0  0.000000  0.000000
[19,]  57.585557 125.872144    0 7.367121    0    0    0    0    0  0.000000  5.193877
[20,]  40.699056  74.762758    0 7.367121    0    0    0    0    0  7.486307  0.000000
[21,]  86.102183  55.684066    0 0.000000    0    0    0    0    0  3.743153  0.000000
[22,]  24.782854  48.316945    0 0.000000    0    0    0    0    0  3.743153  0.000000
[23,]  62.436879  43.471894    0 0.000000    0    0    0    0    0  0.000000  5.193877
[24,]  41.364870   8.040944    0 3.683560    0    0    0    0    0  0.000000  5.193877
[25,]  22.899098  17.243378    0 7.367121    0    0    0    0    0  7.486307  5.193877
[26,] 120.744917  19.422070    0 7.367121    0    0    0    0    0  3.743153  5.193877
[27,] 109.723763  87.431456    0 7.367121    0    0    0    0    0  7.486307  0.000000
[28,]  24.478369   4.357383    0 3.683560    0    0    0    0    0  3.743153 10.387753
[29,]  51.111239  67.065192    0 3.683560    0    0    0    0    0  7.486307 10.387753
[30,]  62.436879  96.633891    0 0.000000    0    0    0    0    0  0.000000  0.000000
[31,]  52.386024  50.495637    0 3.683560    0    0    0    0    0  3.743153  5.193877
[32,]  68.606711  26.445813    0 0.000000    0    0    0    0    0  3.743153  5.193877
[33,]  35.804009  13.559818    0 0.000000    0    0    0    0    0  0.000000  5.193877
[34,]  31.370682  54.179197    0 0.000000    0    0    0    0    0  3.743153  0.000000
[35,]  49.836454 151.426837    0 3.683560    0    0    0    0    0  3.743153  0.000000
[36,]  81.207136  59.367626    0 3.683560    0    0    0    0    0  3.743153  5.193877
[37,]  69.881496  54.179197    0 0.000000    0    0    0    0    0  3.743153  5.193877
[38,]  32.340982   2.178692    0 0.000000    0    0    0    0    0  3.743153 10.387753
[39,]  40.394570  15.738510    0 3.683560    0    0    0    0    0  7.486307  5.193877
[40,]   3.824355  20.926939    0 3.683560    0    0    0    0    0  3.743153  0.000000
[41,]  53.299481  17.917201    0 7.367121    0    0    0    0    0  3.743153 10.387753
[42,]  69.881496  87.431456    0 7.367121    0    0    0    0    0  3.743153  0.000000
[43,]  81.511622  76.050330    0 7.367121    0    0    0    0    0  3.743153 10.387753
[44,]  22.899098  73.257889    0 7.367121    0    0    0    0    0  0.000000  5.193877
[45,]  49.836454  15.738510    0 0.000000    0    0    0    0    0  3.743153 10.387753
[46,]  23.203583  76.050330    0 3.683560    0    0    0    0    0  7.486307 10.387753
[47,]  38.815299  67.065192    0 3.683560    0    0    0    0    0  0.000000 10.387753
[48,]  32.645467  47.986500    0 0.000000    0    0    0    0    0  0.000000  5.193877
[49,]  51.720210  10.219636    0 3.683560    0    0    0    0    0  3.743153  0.000000
[50,]  81.207136  54.179197    0 3.683560    0    0    0    0    0  0.000000  5.193877
          [,12]
 [1,]  0.000000
 [2,]  9.998655
 [3,]  3.201545
 [4,]  1.600773
 [5,] 18.396538
 [6,]  8.397883
 [7,]  0.000000
 [8,]  3.201545
 [9,]  1.600773
[10,]  8.397883
[11,] 16.795765
[12,]  8.397883
[13,]  3.201545
[14,]  6.797110
[15,]  8.397883
[16,]  9.998655
[17,]  3.201545
[18,]  1.600773
[19,]  1.600773
[20,]  1.600773
[21,]  8.397883
[22,]  8.397883
[23,]  9.998655
[24,] 13.200200
[25,]  8.397883
[26,]  6.403090
[27,]  1.600773
[28,] 15.194993
[29,]  6.797110
[30,] 20.391330
[31,]  9.998655
[32,] 15.194993
[33,] 15.194993
[34,]  3.201545
[35,]  8.397883
[36,]  8.397883
[37,] 21.992103
[38,]  9.998655
[39,]  6.797110
[40,]  1.600773
[41,]  8.397883
[42,] 15.194993
[43,]  9.998655
[44,]  4.802318
[45,] 21.992103
[46,]  8.397883
[47,]  8.397883
[48,]  0.000000
[49,]  9.998655
[50,]  4.802318

$Ndateboots
            [,1]        [,2] [,3]      [,4] [,5] [,6] [,7] [,8] [,9]     [,10]
 [1,]  480.00000  160.000000    0 17.777778    0    0    0    0    0 142.22222
 [2,]  391.11111  968.888889    0  8.888889    0    0    0    0    0   0.00000
 [3,]  871.11111  488.888889    0 17.777778    0    0    0    0    0   0.00000
 [4,]  248.88889  355.555556    0 17.777778    0    0    0    0    0 142.22222
 [5,]  426.66667  364.444444    0  8.888889    0    0    0    0    0  71.11111
 [6,]  924.44444  675.555556    0  0.000000    0    0    0    0    0  71.11111
 [7,]  933.33333  640.000000    0  8.888889    0    0    0    0    0 142.22222
 [8,]  640.00000  320.000000    0  0.000000    0    0    0    0    0   0.00000
 [9,]  515.55556  177.777778    0  0.000000    0    0    0    0    0 284.44444
[10,]  506.66667  488.888889    0  8.888889    0    0    0    0    0 142.22222
[11,]  533.33333  666.666667    0  0.000000    0    0    0    0    0  71.11111
[12,]  515.55556  826.666667    0  0.000000    0    0    0    0    0  71.11111
[13,]  222.22222  328.888889    0  0.000000    0    0    0    0    0  71.11111
[14,]  400.00000 1146.666667    0  0.000000    0    0    0    0    0   0.00000
[15,]  284.44444  817.777778    0  8.888889    0    0    0    0    0   0.00000
[16,]  613.33333  675.555556    0 17.777778    0    0    0    0    0   0.00000
[17,]  817.77778  648.888889    0 17.777778    0    0    0    0    0  71.11111
[18,]  764.44444 1137.777778    0  0.000000    0    0    0    0    0   0.00000
[19,]  542.22222 1146.666667    0 17.777778    0    0    0    0    0   0.00000
[20,]  426.66667  791.111111    0 17.777778    0    0    0    0    0 142.22222
[21,]  817.77778  497.777778    0  0.000000    0    0    0    0    0  71.11111
[22,]  293.33333  480.000000    0  0.000000    0    0    0    0    0  71.11111
[23,]  613.33333  355.555556    0  0.000000    0    0    0    0    0   0.00000
[24,]  382.22222   26.666667    0  8.888889    0    0    0    0    0   0.00000
[25,]  231.11111  168.888889    0 17.777778    0    0    0    0    0 142.22222
[26,] 1173.33333  177.777778    0 17.777778    0    0    0    0    0  71.11111
[27,] 1066.66667  817.777778    0 17.777778    0    0    0    0    0 142.22222
[28,]  266.66667   17.777778    0  8.888889    0    0    0    0    0  71.11111
[29,]  480.00000  648.888889    0  8.888889    0    0    0    0    0 142.22222
[30,]  613.33333  960.000000    0  0.000000    0    0    0    0    0   0.00000
[31,]  488.88889  488.888889    0  8.888889    0    0    0    0    0  71.11111
[32,]  648.88889  311.111111    0  0.000000    0    0    0    0    0  71.11111
[33,]  400.00000  160.000000    0  0.000000    0    0    0    0    0   0.00000
[34,]  320.00000  497.777778    0  0.000000    0    0    0    0    0  71.11111
[35,]  471.11111 1324.444444    0  8.888889    0    0    0    0    0  71.11111
[36,]  791.11111  506.666667    0  8.888889    0    0    0    0    0  71.11111
[37,]  657.77778  497.777778    0  0.000000    0    0    0    0    0  71.11111
[38,]  302.22222    8.888889    0  0.000000    0    0    0    0    0  71.11111
[39,]  400.00000  168.888889    0  8.888889    0    0    0    0    0 142.22222
[40,]   26.66667  177.777778    0  8.888889    0    0    0    0    0  71.11111
[41,]  568.88889  177.777778    0 17.777778    0    0    0    0    0  71.11111
[42,]  657.77778  817.777778    0 17.777778    0    0    0    0    0  71.11111
[43,]  817.77778  666.666667    0 17.777778    0    0    0    0    0  71.11111
[44,]  231.11111  791.111111    0 17.777778    0    0    0    0    0   0.00000
[45,]  471.11111  168.888889    0  0.000000    0    0    0    0    0  71.11111
[46,]  257.77778  666.666667    0  8.888889    0    0    0    0    0 142.22222
[47,]  364.44444  648.888889    0  8.888889    0    0    0    0    0   0.00000
[48,]  328.88889  355.555556    0  0.000000    0    0    0    0    0   0.00000
[49,]  533.33333   35.555556    0  8.888889    0    0    0    0    0  71.11111
[50,]  791.11111  497.777778    0  8.888889    0    0    0    0    0   0.00000
          [,11]     [,12]
 [1,] 142.22222  0.000000
 [2,]  71.11111 35.555556
 [3,]  71.11111 17.777778
 [4,]  71.11111  8.888889
 [5,]   0.00000 62.222222
 [6,] 142.22222 26.666667
 [7,]  71.11111  0.000000
 [8,]  71.11111 17.777778
 [9,]  71.11111  8.888889
[10,]   0.00000 26.666667
[11,]   0.00000 53.333333
[12,] 213.33333 26.666667
[13,]   0.00000 17.777778
[14,]   0.00000 17.777778
[15,] 142.22222 26.666667
[16,] 142.22222 35.555556
[17,]  71.11111 17.777778
[18,]   0.00000  8.888889
[19,]  71.11111  8.888889
[20,]   0.00000  8.888889
[21,]   0.00000 26.666667
[22,]   0.00000 26.666667
[23,]  71.11111 35.555556
[24,]  71.11111 53.333333
[25,]  71.11111 26.666667
[26,]  71.11111 35.555556
[27,]   0.00000  8.888889
[28,] 142.22222 44.444444
[29,] 142.22222 17.777778
[30,]   0.00000 53.333333
[31,]  71.11111 35.555556
[32,]  71.11111 44.444444
[33,]  71.11111 44.444444
[34,]   0.00000 17.777778
[35,]   0.00000 26.666667
[36,]  71.11111 26.666667
[37,]  71.11111 62.222222
[38,] 142.22222 35.555556
[39,]  71.11111 17.777778
[40,]   0.00000  8.888889
[41,] 142.22222 26.666667
[42,]   0.00000 44.444444
[43,] 142.22222 35.555556
[44,]  71.11111 26.666667
[45,] 142.22222 62.222222
[46,] 142.22222 26.666667
[47,] 142.22222 26.666667
[48,]  71.11111  0.000000
[49,]   0.00000 35.555556
[50,]  71.11111 26.666667

