$totdays
[1] 365

$Psampest
[1] 39.95203

$Pbootest
    Mean     2.5%      50%    97.5% 
39.85912 23.71181 38.10826 59.07303 

$Pboots
 [1] 47.52615 46.60944 27.75375 41.45059 32.61849 49.42007 29.73029 57.38991 26.71376
[10] 80.73973 39.68863 36.86471 32.10347 28.80925 47.21472 37.70614 48.14737 42.17027
[19] 52.15907 35.06955 26.79975 45.33450 30.73719 46.60903 36.79234 35.22450 46.05917
[28] 36.51789 33.14346 18.27848 35.20016 59.56168 44.36874 52.36059 36.38906 39.16378
[37] 55.77403 23.05613 42.80019 44.00119 49.71229 29.83324 38.51038 30.60987 36.32657
[46] 25.97025 41.89883 46.56969 31.58571 33.88186

$Bboots
 [1] 21.335960  6.016812 11.956811 11.126041 10.013068 19.072032  6.520112 23.148678
 [9] 12.713267 25.138750 14.183393  9.633156  5.670514 11.655210 15.324744  4.233778
[17] 10.965304 12.766483 13.645282  8.449649  2.745223  4.409106  3.792936 12.723870
[25]  8.734137  5.650688 11.913832 14.106370  4.914057  4.336639 14.129157  9.242451
[33] 13.279165 14.325943  9.930173  6.906437 10.687740  4.925336  7.658954 16.878215
[41] 18.536223  7.565641 11.477574 10.700667  8.828709 12.074170 14.701666  8.609509
[49]  9.609576 11.370327

$Nboots
 [1] 189.09091 132.52525  95.35354 140.60606 111.51515 190.70707  87.27273 200.40404
 [9] 103.43434 269.89899 129.29293 134.14141  92.12121 101.81818 153.53535 117.97980
[17] 153.53535 126.06061 171.31313 114.74747  85.65657 134.14141  95.35354 156.76768
[25] 114.74747 121.21212 140.60606 140.60606  84.04040  50.10101 138.98990 171.31313
[33] 140.60606 164.84848 122.82828 116.36364 169.69697  61.41414 122.82828 161.61616
[41] 164.84848 100.20202 122.82828  96.96970 114.74747  93.73737 140.60606 151.91919
[49]  98.58586  98.58586

$julians
 [1] 1760 1795 1846 1880 1904 1934 1956 1999 2026 2054 2083 2116

$intdays
 [1] 35 51 34 24 30 22 43 27 28 29 33  9

$Pintsampest
 [1]  0.000000  0.000000  0.000000  0.000000  0.000000  0.000000  4.313250 11.713036
 [9] 18.281549  5.644198  0.000000  0.000000

$Pintboots
      [,1] [,2] [,3] [,4] [,5] [,6]       [,7]      [,8]      [,9]     [,10] [,11]
 [1,]    0    0    0    0    0    0  0.5257061 14.504878 28.007450  4.488115     0
 [2,]    0    0    0    0    0    0  0.0000000 10.891690 23.273271 12.444479     0
 [3,]    0    0    0    0    0    0  4.3132499  7.506176 11.446214  4.488115     0
 [4,]    0    0    0    0    0    0  4.3132499 15.281355 19.611926  2.244057     0
 [5,]    0    0    0    0    0    0  0.5257061  8.674570 17.774021  5.644198     0
 [6,]    0    0    0    0    0    0  0.0000000 15.284257 27.403637  6.732172     0
 [7,]    0    0    0    0    0    0  7.5750876 10.791220  9.119921  2.244057     0
 [8,]    0    0    0    0    0    0  7.5750876 15.249492 26.677073  7.888255     0
 [9,]    0    0    0    0    0    0  1.0514122  6.151378 12.778802  6.732172     0
[10,]    0    0    0    0    0    0  8.1007937 22.898457 38.452082 11.288396     0
[11,]    0    0    0    0    0    0  4.8389560  8.737373 15.979992 10.132313     0
[12,]    0    0    0    0    0    0  0.5257061 13.866700 20.228247  2.244057     0
[13,]    0    0    0    0    0    0  4.3132499  9.516752 12.629271  5.644198     0
[14,]    0    0    0    0    0    0  4.3132499  8.144716 11.863166  4.488115     0
[15,]    0    0    0    0    0    0  5.3646621 11.913079 19.804661 10.132313     0
[16,]    0    0    0    0    0    0  0.5257061 13.800995 19.979294  3.400140     0
[17,]    0    0    0    0    0    0  0.5257061 12.961760 25.615568  9.044338     0
[18,]    0    0    0    0    0    0  4.8389560  8.284903 17.758017 11.288396     0
[19,]    0    0    0    0    0    0  4.8389560 15.793682 23.638175  7.888255     0
[20,]    0    0    0    0    0    0  4.3132499 12.099801 14.168387  4.488115     0
[21,]    0    0    0    0    0    0  1.5771183 11.870461 13.352172  0.000000     0
[22,]    0    0    0    0    0    0  0.5257061 14.519866 23.488644  6.800281     0
[23,]    0    0    0    0    0    0  4.3132499 13.271141 13.152803  0.000000     0
[24,]    0    0    0    0    0    0  1.5771183 13.614274 23.529383  7.888255     0
[25,]    0    0    0    0    0    0  4.3132499 11.713036 17.365913  3.400140     0
[26,]    0    0    0    0    0    0  0.5257061 14.253466 18.201269  2.244057     0
[27,]    0    0    0    0    0    0  8.1007937 14.032631 18.281549  5.644198     0
[28,]    0    0    0    0    0    0  0.5257061 12.308595 21.439535  2.244057     0
[29,]    0    0    0    0    0    0  7.5750876 10.871550 11.296682  3.400140     0
[30,]    0    0    0    0    0    0  1.5771183  3.376411  7.680752  5.644198     0
[31,]    0    0    0    0    0    0  0.0000000 11.715937 21.240167  2.244057     0
[32,]    0    0    0    0    0    0 11.3626314 21.152394 21.402459  5.644198     0
[33,]    0    0    0    0    0    0  4.3132499 11.059870 22.195343  6.800281     0
[34,]    0    0    0    0    0    0  4.8389560 14.501976 26.219381  6.800281     0
[35,]    0    0    0    0    0    0  4.8389560 13.210633 16.095417  2.244057     0
[36,]    0    0    0    0    0    0  4.8389560 12.426058 16.254572  5.644198     0
[37,]    0    0    0    0    0    0  8.1007937 18.173785 21.611198  7.888255     0
[38,]    0    0    0    0    0    0  3.7875438  5.436106  8.188281  5.644198     0
[39,]    0    0    0    0    0    0  3.7875438 10.361836 17.362417 11.288396     0
[40,]    0    0    0    0    0    0  0.0000000 11.263467 24.849464  7.888255     0
[41,]    0    0    0    0    0    0 11.3626314 15.639204 18.222342  4.488115     0
[42,]    0    0    0    0    0    0  0.0000000  9.067184 17.365913  3.400140     0
[43,]    0    0    0    0    0    0  7.5750876 13.520304 15.170936  2.244057     0
[44,]    0    0    0    0    0    0  7.5750876  9.951984 10.838738  2.244057     0
[45,]    0    0    0    0    0    0  4.3132499 11.446635 17.166545  3.400140     0
[46,]    0    0    0    0    0    0  3.7875438  6.647119 11.047477  4.488115     0
[47,]    0    0    0    0    0    0  1.5771183  8.673918 22.603451  9.044338     0
[48,]    0    0    0    0    0    0  4.8389560 17.618188 19.624434  4.488115     0
[49,]    0    0    0    0    0    0  0.5257061  5.372651 16.643012  9.044338     0
[50,]    0    0    0    0    0    0 11.8883375  9.149882  6.111467  6.732172     0
      [,12]
 [1,]     0
 [2,]     0
 [3,]     0
 [4,]     0
 [5,]     0
 [6,]     0
 [7,]     0
 [8,]     0
 [9,]     0
[10,]     0
[11,]     0
[12,]     0
[13,]     0
[14,]     0
[15,]     0
[16,]     0
[17,]     0
[18,]     0
[19,]     0
[20,]     0
[21,]     0
[22,]     0
[23,]     0
[24,]     0
[25,]     0
[26,]     0
[27,]     0
[28,]     0
[29,]     0
[30,]     0
[31,]     0
[32,]     0
[33,]     0
[34,]     0
[35,]     0
[36,]     0
[37,]     0
[38,]     0
[39,]     0
[40,]     0
[41,]     0
[42,]     0
[43,]     0
[44,]     0
[45,]     0
[46,]     0
[47,]     0
[48,]     0
[49,]     0
[50,]     0

$Bdatesampinfo
       DATE JULIAN N     Mean     Stdev
1  10/26/10   1760 5  0.00000   0.00000
2  11/30/10   1795 5  0.00000   0.00000
3  01/20/11   1846 5  0.00000   0.00000
4  02/23/11   1880 5  0.00000   0.00000
5  03/19/11   1904 5  0.00000   0.00000
6  04/18/11   1934 5  0.00000   0.00000
7  05/10/11   1956 5  0.00000   0.00000
8  06/22/11   1999 5 12.85346  26.58913
9  07/19/11   2026 5 78.07419 119.55053
10 08/16/11   2054 5 28.06068  49.62468
11 09/14/11   2083 5  0.00000   0.00000
12 10/17/11   2116 5  0.00000   0.00000

$Ndatesampinfo
       DATE JULIAN N     Mean     Stdev
1  10/26/10   1760 5   0.0000    0.0000
2  11/30/10   1795 5   0.0000    0.0000
3  01/20/11   1846 5   0.0000    0.0000
4  02/23/11   1880 5   0.0000    0.0000
5  03/19/11   1904 5   0.0000    0.0000
6  04/18/11   1934 5   0.0000    0.0000
7  05/10/11   1956 5   0.0000    0.0000
8  06/22/11   1999 5 160.0000  310.4755
9  07/19/11   2026 5 960.0000 1010.3660
10 08/16/11   2054 5 284.4444  389.4916
11 09/14/11   2083 5   0.0000    0.0000
12 10/17/11   2116 5   0.0000    0.0000

$Bdateboots
      [,1] [,2] [,3] [,4] [,5] [,6] [,7]       [,8]      [,9]     [,10] [,11] [,12]
 [1,]    0    0    0    0    0    0    0  0.7896353 188.08029 45.825640     0     0
 [2,]    0    0    0    0    0    0    0  0.0000000  27.82854 38.356394     0     0
 [3,]    0    0    0    0    0    0    0 12.8534579  72.84582 45.825640     0     0
 [4,]    0    0    0    0    0    0    0 12.8534579  86.62017 22.912820     0     0
 [5,]    0    0    0    0    0    0    0  0.7896353  81.29344 28.060678     0     0
 [6,]    0    0    0    0    0    0    0  0.0000000 141.05389 68.738460     0     0
 [7,]    0    0    0    0    0    0    0 24.1276451  24.68076 22.912820     0     0
 [8,]    0    0    0    0    0    0    0 24.1276451 179.53431 50.973498     0     0
 [9,]    0    0    0    0    0    0    0  1.5792706  69.52821 68.738460     0     0
[10,]    0    0    0    0    0    0    0 24.9172804 195.48761 56.121356     0     0
[11,]    0    0    0    0    0    0    0 13.6430932  68.48792 73.886318     0     0
[12,]    0    0    0    0    0    0    0  0.7896353  82.26226 22.912820     0     0
[13,]    0    0    0    0    0    0    0 12.8534579  21.46152 28.060678     0     0
[14,]    0    0    0    0    0    0    0 12.8534579  69.52821 45.825640     0     0
[15,]    0    0    0    0    0    0    0 14.4327284  80.25314 73.886318     0     0
[16,]    0    0    0    0    0    0    0  0.7896353  40.63406  5.147858     0     0
[17,]    0    0    0    0    0    0    0  0.7896353  86.62017 33.208536     0     0
[18,]    0    0    0    0    0    0    0 13.6430932  70.66687 56.121356     0     0
[19,]    0    0    0    0    0    0    0 13.6430932  85.48151 50.973498     0     0
[20,]    0    0    0    0    0    0    0 12.8534579  34.26704 45.825640     0     0
[21,]    0    0    0    0    0    0    0  2.3689059  27.82854  0.000000     0     0
[22,]    0    0    0    0    0    0    0  0.7896353  37.41482 10.295716     0     0
[23,]    0    0    0    0    0    0    0 12.8534579  28.86884  0.000000     0     0
[24,]    0    0    0    0    0    0    0  2.3689059  86.62017 50.973498     0     0
[25,]    0    0    0    0    0    0    0 12.8534579  78.07419  5.147858     0     0
[26,]    0    0    0    0    0    0    0  0.7896353  38.45511 22.912820     0     0
[27,]    0    0    0    0    0    0    0 24.9172804  78.07419 28.060678     0     0
[28,]    0    0    0    0    0    0    0  0.7896353 131.46762 22.912820     0     0
[29,]    0    0    0    0    0    0    0 24.1276451  24.77913  5.147858     0     0
[30,]    0    0    0    0    0    0    0  2.3689059  17.27344 28.060678     0     0
[31,]    0    0    0    0    0    0    0  0.0000000 132.50791 22.912820     0     0
[32,]    0    0    0    0    0    0    0 36.1914677  37.41482 28.060678     0     0
[33,]    0    0    0    0    0    0    0 12.8534579 122.92164 10.295716     0     0
[34,]    0    0    0    0    0    0    0 13.6430932 133.64657 10.295716     0     0
[35,]    0    0    0    0    0    0    0 13.6430932  72.67599 22.912820     0     0
[36,]    0    0    0    0    0    0    0 13.6430932  34.26704 28.060678     0     0
[37,]    0    0    0    0    0    0    0 24.9172804  41.67436 50.973498     0     0
[38,]    0    0    0    0    0    0    0 12.0638226  14.05420 28.060678     0     0
[39,]    0    0    0    0    0    0    0 12.0638226  16.06332 56.121356     0     0
[40,]    0    0    0    0    0    0    0  0.0000000 134.68686 50.973498     0     0
[41,]    0    0    0    0    0    0    0 36.1914677 121.88134 45.825640     0     0
[42,]    0    0    0    0    0    0    0  0.0000000  78.07419  5.147858     0     0
[43,]    0    0    0    0    0    0    0 24.1276451  79.21285 22.912820     0     0
[44,]    0    0    0    0    0    0    0 24.1276451  70.66687 22.912820     0     0
[45,]    0    0    0    0    0    0    0 12.8534579  79.11449  5.147858     0     0
[46,]    0    0    0    0    0    0    0 12.0638226  74.92641 45.825640     0     0
[47,]    0    0    0    0    0    0    0  2.3689059 126.14089 33.208536     0     0
[48,]    0    0    0    0    0    0    0 13.6430932  35.23586 45.825640     0     0
[49,]    0    0    0    0    0    0    0  0.7896353  71.70716 33.208536     0     0
[50,]    0    0    0    0    0    0    0 36.9811030  19.35403 68.738460     0     0

$Ndateboots
      [,1] [,2] [,3] [,4] [,5] [,6] [,7]      [,8]      [,9]    [,10] [,11] [,12]
 [1,]    0    0    0    0    0    0    0  17.77778 1777.7778 284.4444     0     0
 [2,]    0    0    0    0    0    0    0   0.00000  888.8889 568.8889     0     0
 [3,]    0    0    0    0    0    0    0 160.00000  604.4444 284.4444     0     0
 [4,]    0    0    0    0    0    0    0 160.00000 1244.4444 142.2222     0     0
 [5,]    0    0    0    0    0    0    0  17.77778  924.4444 284.4444     0     0
 [6,]    0    0    0    0    0    0    0   0.00000 1671.1111 426.6667     0     0
 [7,]    0    0    0    0    0    0    0 284.44444  533.3333 142.2222     0     0
 [8,]    0    0    0    0    0    0    0 284.44444 1493.3333 426.6667     0     0
 [9,]    0    0    0    0    0    0    0  35.55556  675.5556 426.6667     0     0
[10,]    0    0    0    0    0    0    0 302.22222 2097.7778 568.8889     0     0
[11,]    0    0    0    0    0    0    0 177.77778  675.5556 568.8889     0     0
[12,]    0    0    0    0    0    0    0  17.77778 1315.5556 142.2222     0     0
[13,]    0    0    0    0    0    0    0 160.00000  568.8889 284.4444     0     0
[14,]    0    0    0    0    0    0    0 160.00000  675.5556 284.4444     0     0
[15,]    0    0    0    0    0    0    0 195.55556  924.4444 568.8889     0     0
[16,]    0    0    0    0    0    0    0  17.77778 1137.7778 142.2222     0     0
[17,]    0    0    0    0    0    0    0  17.77778 1244.4444 426.6667     0     0
[18,]    0    0    0    0    0    0    0 177.77778  640.0000 568.8889     0     0
[19,]    0    0    0    0    0    0    0 177.77778 1280.0000 426.6667     0     0
[20,]    0    0    0    0    0    0    0 160.00000  817.7778 284.4444     0     0
[21,]    0    0    0    0    0    0    0  53.33333  888.8889   0.0000     0     0
[22,]    0    0    0    0    0    0    0  17.77778 1173.3333 284.4444     0     0
[23,]    0    0    0    0    0    0    0 160.00000  888.8889   0.0000     0     0
[24,]    0    0    0    0    0    0    0  53.33333 1244.4444 426.6667     0     0
[25,]    0    0    0    0    0    0    0 160.00000  960.0000 142.2222     0     0
[26,]    0    0    0    0    0    0    0  17.77778 1173.3333 142.2222     0     0
[27,]    0    0    0    0    0    0    0 302.22222  960.0000 284.4444     0     0
[28,]    0    0    0    0    0    0    0  17.77778 1386.6667 142.2222     0     0
[29,]    0    0    0    0    0    0    0 284.44444  497.7778 142.2222     0     0
[30,]    0    0    0    0    0    0    0  53.33333  213.3333 284.4444     0     0
[31,]    0    0    0    0    0    0    0   0.00000 1386.6667 142.2222     0     0
[32,]    0    0    0    0    0    0    0 426.66667 1173.3333 284.4444     0     0
[33,]    0    0    0    0    0    0    0 160.00000 1102.2222 284.4444     0     0
[34,]    0    0    0    0    0    0    0 177.77778 1351.1111 284.4444     0     0
[35,]    0    0    0    0    0    0    0 177.77778 1031.1111 142.2222     0     0
[36,]    0    0    0    0    0    0    0 177.77778  817.7778 284.4444     0     0
[37,]    0    0    0    0    0    0    0 302.22222 1137.7778 426.6667     0     0
[38,]    0    0    0    0    0    0    0 142.22222  248.8889 284.4444     0     0
[39,]    0    0    0    0    0    0    0 142.22222  640.0000 568.8889     0     0
[40,]    0    0    0    0    0    0    0   0.00000 1351.1111 426.6667     0     0
[41,]    0    0    0    0    0    0    0 426.66667 1102.2222 284.4444     0     0
[42,]    0    0    0    0    0    0    0   0.00000  960.0000 142.2222     0     0
[43,]    0    0    0    0    0    0    0 284.44444  924.4444 142.2222     0     0
[44,]    0    0    0    0    0    0    0 284.44444  640.0000 142.2222     0     0
[45,]    0    0    0    0    0    0    0 160.00000  960.0000 142.2222     0     0
[46,]    0    0    0    0    0    0    0 142.22222  604.4444 284.4444     0     0
[47,]    0    0    0    0    0    0    0  53.33333 1066.6667 426.6667     0     0
[48,]    0    0    0    0    0    0    0 177.77778 1208.8889 284.4444     0     0
[49,]    0    0    0    0    0    0    0  17.77778  640.0000 426.6667     0     0
[50,]    0    0    0    0    0    0    0 444.44444  213.3333 426.6667     0     0

