$totdays
[1] 365

$Psampest
[1] 411.8143

$Pbootest
    Mean     2.5%      50%    97.5% 
414.3574 334.1462 418.4475 501.1127 

$Pboots
 [1] 371.4639 406.5571 428.8440 532.6321 454.9278 418.4249 435.2712 384.8959 337.3567
[10] 377.5899 440.9659 421.2984 417.5989 398.0537 388.3131 383.0659 462.8619 472.1938
[19] 371.3362 426.4003 364.5977 336.2695 367.5160 441.6251 502.9548 418.4701 399.1718
[28] 426.1833 365.1704 340.7235 447.6319 405.6140 449.6015 386.3312 334.0196 447.5352
[37] 462.0644 433.4660 467.9129 334.5825 426.7474 488.6039 494.7679 391.4923 370.1573
[46] 462.6118 384.1604 321.6068 476.1174 440.1122

$Bboots
 [1] 214.3788 293.2990 310.7099 278.0026 260.2100 302.9168 310.5463 224.5660 295.5244
[10] 253.7680 262.5346 325.4101 314.8211 243.4793 239.9890 247.6005 306.9585 267.9205
[19] 227.5669 285.8514 273.7109 237.2654 206.8085 314.7920 337.4265 268.9126 269.6906
[28] 264.1652 264.4265 310.0601 214.0039 335.5605 328.5493 315.9990 204.0292 264.1550
[37] 279.3902 246.0910 299.8218 315.2975 226.4136 270.6373 339.3882 354.7382 282.9751
[46] 324.9355 204.6321 235.4477 292.3078 284.5542

$Nboots
 [1] 1262.222 1363.636 1493.333 1553.939 1412.121 1389.495 1529.293 1290.101 1296.566
[10] 1320.808 1513.939 1372.929 1432.323 1444.040 1327.273 1248.889 1574.949 1518.788
[19] 1318.788 1447.273 1322.020 1360.808 1247.273 1513.939 1695.758 1443.636 1322.424
[28] 1393.535 1316.364 1383.434 1350.707 1473.535 1527.677 1460.202 1290.505 1423.434
[37] 1415.354 1397.980 1593.535 1417.778 1386.667 1388.687 1738.182 1473.131 1342.222
[46] 1513.939 1355.556 1174.545 1534.949 1631.111

$julians
 [1] 1760 1795 1846 1880 1904 1934 1956 1999 2026 2054 2083 2116

$intdays
 [1] 35 51 34 24 30 22 43 27 28 29 33  9

$Pintsampest
 [1]   3.8574250   0.7799421   0.0000000   8.1911075  39.7061715  28.1469891  25.1164723
 [8]  12.4606494  56.4881579  84.3087500 142.2801383  10.4784481

$Pintboots
           [,1]      [,2] [,3]      [,4]     [,5]     [,6]     [,7]      [,8]     [,9]
 [1,] 4.8588200 2.3398264    0  2.913651 28.34350 22.65040 17.43370 13.159235 58.23223
 [2,] 5.8361265 0.7799421    0 11.007133 34.44661 18.92870 17.53151 11.600291 65.26965
 [3,] 5.3934084 0.0000000    0 15.588781 39.85463 24.78651 32.63206 12.494159 47.52314
 [4,] 7.2388841 2.3398264    0 13.366324 44.13979 24.09485 19.41257 11.700886 64.83235
 [5,] 1.8373680 0.0000000    0  8.765122 33.84796 24.52402 30.69220 16.093060 43.77223
 [6,] 5.9520852 0.7799421    0  4.144366 41.52080 34.20593 31.07080 13.159936 51.00242
 [7,] 0.9600395 0.7799421    0  5.414190 26.78810 25.99312 30.95133 10.525155 63.49988
 [8,] 4.3001431 1.5598843    0  2.359190 38.92117 33.35529 24.79516  8.999890 52.95369
 [9,] 0.4013626 0.0000000    0  3.692146 21.97310 16.61188 14.89378 13.133473 54.38766
[10,] 4.5855471 1.5598843    0  8.765122 40.40602 24.30955 19.83757 11.653565 54.55873
[11,] 2.8973855 0.0000000    0  6.386378 42.28923 36.09144 34.43003 15.756876 71.84692
[12,] 3.5306656 0.0000000    0  4.266161 34.49214 28.32354 24.50721 11.698565 55.37864
[13,] 2.4960229 0.0000000    0 10.672092 43.91937 24.77046 17.78194 13.493646 60.84146
[14,] 2.9387410 0.7799421    0  3.468111 32.00908 28.94473 29.26446 17.027159 51.73387
[15,] 3.3401036 0.7799421    0 11.542040 43.27895 30.76412 33.72462  9.860839 47.41151
[16,] 1.9200790 1.5598843    0  4.601202 24.52088 19.72993 20.65632 13.120177 48.81200
[17,] 6.0266885 0.0000000    0  6.940838 49.42596 37.44642 27.38059 11.677711 46.59532
[18,] 4.2587876 0.7799421    0 13.803605 65.51845 38.02401 24.94140 13.911686 52.08025
[19,] 1.9533267 0.0000000    0  7.617093 41.38765 29.69398 25.95103 12.952306 60.90710
[20,] 1.3200466 0.0000000    0 15.608335 63.89817 34.29338 18.63055 11.651760 60.01281
[21,] 2.2881939 3.1197686    0  5.394636 27.51550 25.87616 32.88480 12.512865 50.33704
[22,] 4.7761090 0.7799421    0  5.710123 32.25765 26.13800 22.35238 11.816807 66.15013
[23,] 3.4147069 0.0000000    0  4.801067 36.26250 26.77111 22.26207 15.657496 50.22153
[24,] 9.4081476 1.5598843    0  6.625351 27.07820 23.02907 27.59992 12.327917 61.55868
[25,] 6.7548105 0.7799421    0 15.588781 46.41268 27.58464 31.21030 16.564660 64.70218
[26,] 0.9186840 0.0000000    0 11.007133 36.05630 26.62160 32.74439 17.138104 74.38160
[27,] 0.9186840 0.0000000    0 12.811863 33.65896 24.65385 33.54062 10.467358 54.42431
[28,] 3.7828218 1.5598843    0  2.894097 24.75118 22.90940 21.89602  9.641166 54.31963
[29,] 3.9733837 0.7799421    0  4.144366 28.29591 29.28024 34.45680 11.092359 60.18267
[30,] 1.3614021 0.7799421    0  6.386378 32.05294 25.20759 24.33076 15.604066 55.91650
[31,] 1.4027576 1.5598843    0  5.831917 48.23131 34.66682 26.02854 13.221472 54.47063
[32,] 0.8440808 0.7799421    0  7.617093 30.23131 23.15359 24.25693 12.870932 66.35935
[33,] 1.5519641 0.0000000    0  4.922861 24.91411 21.29050 24.00773 11.788624 66.11580
[34,] 6.2788446 1.5598843    0 10.098078 39.89679 28.08325 32.10047 16.673269 59.12651
[35,] 1.7214093 0.0000000    0  7.514853 42.29220 28.45894 20.82628 13.036680 44.44585
[36,] 3.0133442 0.0000000    0  5.496876 35.82888 27.88469 24.14150 13.143807 66.42818
[37,] 0.5173214 0.0000000    0  6.070891 36.52873 30.19770 27.41887  6.279428 51.58870
[38,] 2.7641597 2.3398264    0  6.625351 29.79366 25.43511 30.86807 15.136910 67.05909
[39,] 2.8973855 0.0000000    0  6.940838 45.43495 33.13069 23.29000  9.750880 55.00469
[40,] 2.4495313 0.7799421    0 10.433119 37.40364 21.93270 17.34536 11.652865 57.65589
[41,] 6.3948034 1.5598843    0  5.831917 30.68127 26.01724 29.17890 16.455103 65.09498
[42,] 6.3534479 0.7799421    0  4.718381 33.77977 26.97808 24.45582  9.248186 57.54432
[43,] 2.6814488 0.7799421    0  5.949096 53.16504 40.41162 27.03771 13.787215 62.41025
[44,] 1.8373680 0.0000000    0  1.663381 37.91488 33.63498 27.86143 11.493198 50.03885
[45,] 3.4147069 0.0000000    0  7.199366 39.93680 28.09495 20.13317  8.623820 41.76166
[46,] 3.9733837 0.7799421    0  9.202404 39.58078 28.56446 27.89446 12.511650 52.08206
[47,] 6.3534479 0.7799421    0 11.246107 46.72740 31.00222 25.71234 12.452636 57.37142
[48,] 1.4773608 0.7799421    0  4.718381 23.56484 20.38388 21.86399 10.216742 42.70360
[49,] 3.0133442 0.0000000    0  7.514853 41.35079 30.20667 26.86248 11.803945 58.95563
[50,] 5.7947710 0.0000000    0  8.867362 50.99194 37.98186 34.01900 15.751593 57.36081
          [,10]     [,11]     [,12]
 [1,]  86.52504 124.72664 10.280867
 [2,]  93.16780 137.22498 10.764351
 [3,]  77.75731 162.39691 10.417041
 [4,] 101.19047 229.68208 14.634116
 [5,]  80.33211 201.45972 13.604046
 [6,]  82.05658 144.02605 10.506039
 [7,]  97.89661 160.49505 11.967764
 [8,]  88.53946 118.39839 10.713679
 [9,]  75.02153 128.92649  8.315304
[10,]  88.42752 113.20743 10.278941
[11,]  96.47412 124.82935  9.964138
[12,]  81.37926 166.47391 11.248342
[13,]  85.10737 147.97207 10.544482
[14,]  75.89864 145.23258 10.756408
[15,]  80.81603 116.75203 10.042880
[16,]  79.40413 156.64338 12.097973
[17,]  76.95761 187.68709 12.723728
[18,]  87.11210 159.76133 12.002257
[19,]  85.79337  96.57659  8.503813
[20,]  82.25782 130.25249  8.474959
[21,]  82.50374 112.23364  9.931394
[22,]  84.19137  75.47049  6.626455
[23,]  70.84311 128.45097  8.831450
[24,]  88.17768 172.46515 11.795106
[25,]  95.35439 184.98812 13.014272
[26,]  92.57042 118.63149  8.400373
[27,]  82.55170 136.14849  9.995989
[28,]  89.96434 181.97172 12.493084
[29,]  84.43489 100.46667  8.063139
[30,]  76.37863  94.82856  7.876768
[31,]  87.36531 162.77502 12.078243
[32,]  90.51289 139.36915  9.618694
[33,] 106.65089 175.16324 13.195763
[34,]  79.47831 103.95317  9.082631
[35,]  69.26495  98.51639  7.942002
[36,]  98.84397 160.53650 12.217490
[37,]  93.28517 197.13996 13.037604
[38,]  93.38649 149.42138 10.635962
[39,]  91.72138 187.24737 12.494720
[40,]  77.17417  91.01863  6.736657
[41,]  98.38237 134.56867 12.582295
[42,]  91.44263 219.75277 13.550540
[43,]  92.14379 184.31566 12.086089
[44,]  79.35217 137.89912  9.796881
[45,]  71.86227 138.95016 10.180379
[46,]  81.99899 193.31777 12.705877
[47,]  80.59487 102.98411  8.935863
[48,]  68.16522 119.00160  8.731238
[49,]  94.84820 189.47352 12.087983
[50,]  82.72090 136.09196 10.532039

$Bdatesampinfo
       DATE JULIAN N        Mean      Stdev
1  10/26/10   1760 5   12.804698  18.501351
2  11/30/10   1795 5    3.389608   7.579393
3  01/20/11   1846 5    0.000000   0.000000
4  02/23/11   1880 5    0.000000   0.000000
5  03/19/11   1904 5   23.578966  22.589355
6  04/18/11   1934 5   74.151089  83.934012
7  05/10/11   1956 5 1230.949276 854.852800
8  06/22/11   1999 5  346.226516 154.817786
9  07/19/11   2026 5   11.000016   8.673440
10 08/16/11   2054 5  905.539340 473.262263
11 09/14/11   2083 5  428.694671 540.661753
12 10/17/11   2116 5   19.662547   4.007963

$Ndatesampinfo
       DATE JULIAN N       Mean      Stdev
1  10/26/10   1760 5  115.55556  187.51132
2  11/30/10   1795 5   17.77778   39.75232
3  01/20/11   1846 5    0.00000    0.00000
4  02/23/11   1880 5    0.00000    0.00000
5  03/19/11   1904 5  595.55556  629.79519
6  04/18/11   1934 5 1955.55556 1238.07896
7  05/10/11   1956 5 2702.22222 1253.30181
8  06/22/11   1999 5 1173.33333  501.45467
9  07/19/11   2026 5 1422.22222 1088.66211
10 08/16/11   2054 5 4622.22222 2057.92656
11 09/14/11   2083 5 2631.11111 1925.62961
12 10/17/11   2116 5  746.66667  158.38693

$Bdateboots
           [,1]      [,2] [,3] [,4]      [,5]      [,6]      [,7]     [,8]      [,9]
 [1,] 14.503960 10.168823    0    0  8.493111 100.52989  771.8051 278.1179 14.722230
 [2,] 18.824879  3.389608    0    0 28.964032  98.41172 1282.0560 462.7076 12.713003
 [3,] 18.824879  0.000000    0    0 40.218193  57.64579 1179.8425 412.7877 13.326282
 [4,] 21.652805 10.168823    0    0 36.291788  71.26407  725.3996 325.9183 11.000016
 [5,]  7.913181  0.000000    0    0 24.890973  97.64287  964.1514 383.1760 11.483442
 [6,] 20.524141  3.389608    0    0 13.343505  87.76937 1627.5451 276.9736 12.842855
 [7,]  2.827926  3.389608    0    0 18.487206  57.26136 1622.8438 329.0130  5.564814
 [8,] 12.804698  6.779216    0    0  7.327756  87.76937  964.1514 278.1179  7.407654
 [9,]  1.128664  0.000000    0    0 14.551183  54.37434 1261.2119 348.3460 13.066577
[10,] 12.234100  6.779216    0    0 24.890973  74.15109 1061.6637 345.6544  6.794375
[11,]  9.976772  0.000000    0    0 17.416563  47.38786 1376.8901 344.6792 12.266111
[12,] 14.503960  0.000000    0    0 15.863191  77.80696 1806.2492 279.6653 12.713003
[13,]  8.848108  0.000000    0    0 33.426407 148.75563 1704.2132 299.9735 10.441068
[14,]  8.848108  3.389608    0    0  9.658465  37.04103  917.7459 364.9874 10.982219
[15,]  9.976772  3.389608    0    0 29.982733  33.38516 1047.5439 344.1070  6.495132
[16,]  5.655853  6.779216    0    0 11.400815  61.30166 1101.1513 367.1069 10.870163
[17,] 23.352068  0.000000    0    0 18.581918  90.27196 1493.0459 327.4657  6.477335
[18,] 13.933362  3.389608    0    0 34.202444  66.78018  968.8527 275.4263 13.326282
[19,]  9.612443  0.000000    0    0 22.266958 114.53260  720.6984 323.7988 12.713003
[20,]  5.085254  0.000000    0    0 40.364847  60.62171 1657.8077 231.8649  8.190323
[21,]  2.827926 13.558431    0    0 18.340553  27.07862 1690.0934 366.5347  8.803602
[22,] 16.761288  3.389608    0    0 13.731524 100.52989 1163.6997 233.9844 10.199550
[23,] 12.804698  0.000000    0    0 16.881892 114.91702  658.1500 412.7877 11.782685
[24,] 32.200175  6.779216    0    0 23.190947  95.14027 1360.7472 416.4546  9.716123
[25,] 22.781470  3.389608    0    0 40.218193  34.15401 1293.4976 344.1070 14.592378
[26,]  3.956590  0.000000    0    0 28.964032  60.53281 1179.8425 414.3351 16.175513
[27,]  3.956590  0.000000    0    0 35.126434  20.92015 1376.8901 367.1069 11.129868
[28,]  9.976772  6.779216    0    0  8.346457  60.53281  855.1976 396.1464  7.277801
[29,] 14.503960  3.389608    0    0 13.343505  26.30977 1376.8901 394.0269 11.129868
[30,]  3.956590  3.389608    0    0 17.416563 100.91432 1673.9506 461.1603 16.175513
[31,]  2.827926  6.779216    0    0 16.251209  52.77748  834.3535 229.1732  7.277801
[32,]  1.128664  3.389608    0    0 22.266958  60.91724 2049.7023 346.7987  9.586271
[33,]  8.483779  0.000000    0    0 19.401577  95.14027 1363.2479 279.6653 16.565070
[34,] 18.824879  6.779216    0    0 32.114400  71.26407 2003.2968 229.1732 12.395964
[35,]  6.213919  0.000000    0    0 19.893926 114.14817  725.3996 347.7739  9.716123
[36,] 11.676034  0.000000    0    0 20.713585 111.64557 1230.9493 416.4546 10.870163
[37,]  2.827926  0.000000    0    0 22.025593 111.64557  938.5900 396.1464  6.011705
[38,]  6.784517 10.168823    0    0 23.190947  98.02730  938.5900 229.7454 14.108951
[39,]  9.976772  0.000000    0    0 18.581918  87.76937 1031.4010 396.1464  5.564814
[40,]  5.643320  3.389608    0    0 27.652024 138.40880 1657.8077 346.7987  8.673749
[41,] 20.524141  6.779216    0    0 16.251209  26.30977  917.7459 412.7877 17.831165
[42,] 21.652805  3.389608    0    0 14.655513  37.04103  855.1976 252.1731  9.733920
[43,]  9.041845  3.389608    0    0 19.505907  63.50873 1560.2955 414.9073 12.395964
[44,]  7.913181  0.000000    0    0  3.496063  87.76937 2049.7023 366.5347 10.700773
[45,] 12.804698  0.000000    0    0 24.502955  36.27218 1344.6044 442.3994  7.461985
[46,] 14.503960  3.389608    0    0 22.801630  70.87964 1627.5451 435.2155 11.000016
[47,] 21.652805  3.389608    0    0 34.738415  77.03811  674.2929 324.3710 11.483442
[48,]  5.655853  3.389608    0    0 14.655513  20.53573  987.4962 346.7987 10.516589
[49,] 11.676034  0.000000    0    0 19.893926  77.03811 1163.6997 366.5347  7.277801
[50,] 19.953543  0.000000    0    0 27.264005  90.65639 1179.8425 385.2956  9.586271
          [,10]    [,11]    [,12]
 [1,]  905.5393 252.8146 17.44828
 [2,]  919.2701 399.6835 19.36266
 [3,] 1055.2142 638.5263 21.67026
 [4,]  922.1737 935.0439 19.88349
 [5,]  670.1140 696.2011 21.38808
 [6,]  844.3469 445.6704 19.88349
 [7,]  919.2701 449.0442 19.44160
 [8,]  908.4429 194.7922 18.07091
 [9,] 1116.4067 432.4160 19.66255
[10,] 1066.0415 189.8519 19.00782
[11,]  822.8639 252.8146 17.14839
[12,]  747.9407 621.5505 20.93991
[13,]  806.2296 445.6704 19.79644
[14,]  891.8086 428.6947 19.08048
[15,]  953.0010 206.8277 20.31728
[16,]  728.4029 424.9734 17.58217
[17,]  731.3064 687.8870 19.66255
[18,] 1113.5031 453.9846 21.38808
[19,] 1130.1374 164.5620 19.44160
[20,]  697.5756 437.3563 16.08386
[21,]  686.7483 189.8519 16.79355
[22,]  922.1737 144.2124 19.23504
[23,]  622.6524 420.3805 21.87682
[24,]  858.0777 667.5375 17.93702
[25,] 1290.6396 670.9112 17.58217
[26,]  871.8085 374.3936 20.01739
[27,]  745.0372 399.6835 17.44828
[28,]  908.4429 646.8404 22.53154
[29,]  855.1742 210.5489 21.25418
[30,]  955.9045 169.5023 20.53822
[31,]  742.1337 453.9846 19.79644
[32,]  758.7680 428.6947 20.95430
[33,] 1351.8320 474.3341 19.22877
[34,]  902.6358 198.5135 20.80601
[35,]  827.7126 186.4781 20.18338
[36,]  650.1139 449.0442 20.15128
[37,]  902.6358 684.1657 21.31541
[38,]  922.1737 457.7059 19.79644
[39,] 1068.9450 675.8516 17.58217
[40,] 1066.0415 207.1752 19.00782
[41,]  858.0777 215.1418 18.72564
[42,]  858.0777 926.7298 18.37080
[43,]  969.6353 675.8516 18.51908
[44,]  953.0010 416.6592 20.59945
[45,]  824.8091 416.6592 19.22877
[46,]  680.9412 704.8628 20.80601
[47,]  905.5393 198.5135 21.52197
[48,]  830.6161 362.3582 21.46074
[49,]  860.9812 704.8628 18.51908
[50,] 1017.0969 399.6835 21.38808

$Ndateboots
            [,1]     [,2] [,3] [,4]      [,5]      [,6]     [,7]      [,8]      [,9]
 [1,] 124.444444 53.33333    0    0  222.2222 2062.2222 1813.333  871.1111 1528.8889
 [2,] 186.666667 17.77778    0    0  791.1111 1315.5556 2417.778 1502.2222  924.4444
 [3,] 186.666667  0.00000    0    0 1084.4444 1351.1111 2986.667 1431.1111  960.0000
 [4,] 204.444444 53.33333    0    0  977.7778 1706.6667 1991.111  977.7778 1422.2222
 [5,]  53.333333  0.00000    0    0  657.7778 1813.3333 2240.000 1555.5556 1671.1111
 [6,] 195.555556 17.77778    0    0  311.1111 2311.1111 3413.333 1031.1111  711.1111
 [7,]  17.777778 17.77778    0    0  453.3333 1600.0000 3520.000 1066.6667 1813.3333
 [8,] 115.555556 35.55556    0    0  186.6667 2311.1111 2240.000  871.1111 1102.2222
 [9,]   8.888889  0.00000    0    0  266.6667 1351.1111 2168.889 1137.7778 1386.6667
[10,] 115.555556 35.55556    0    0  657.7778 1955.5556 1777.778 1253.3333 1066.6667
[11,]  97.777778  0.00000    0    0  444.4444 2097.7778 3306.667 1128.8889 2204.4444
[12,] 124.444444  0.00000    0    0  328.8889 1706.6667 3555.556  915.5556  924.4444
[13,]  88.888889  0.00000    0    0  800.0000 2133.3333 2702.222 1111.1111 1564.4444
[14,]  88.888889 17.77778    0    0  257.7778 1742.2222 2417.778 1324.4444 2773.3333
[15,]  97.777778 17.77778    0    0  800.0000 1991.1111 2666.667 1208.8889  782.2222
[16,]  35.555556 35.55556    0    0  320.0000 1102.2222 2453.333 1288.8889 1635.5556
[17,] 213.333333  0.00000    0    0  480.0000 2808.8889 3271.111 1022.2222 2133.3333
[18,] 124.444444 17.77778    0    0  960.0000 2951.1111 2133.333  986.6667  960.0000
[19,]  62.222222  0.00000    0    0  533.3333 2168.8889 2097.778 1013.3333  924.4444
[20,]  35.555556  0.00000    0    0 1111.1111 2702.2222 2880.000  808.8889 1635.5556
[21,]  17.777778 71.11111    0    0  426.6667 1137.7778 3591.111 1368.8889 1671.1111
[22,] 142.222222 17.77778    0    0  391.1111 2062.2222 2631.111  773.3333 2240.0000
[23,] 115.555556  0.00000    0    0  337.7778 1920.0000 1920.000 1431.1111 1955.5556
[24,] 302.222222 35.55556    0    0  515.5556 1315.5556 2951.111 1440.0000 1991.1111
[25,] 213.333333 17.77778    0    0 1084.4444 1493.3333 2880.000 1208.8889 1742.2222
[26,]  26.666667  0.00000    0    0  791.1111 1600.0000 2986.667 1475.5556 1457.7778
[27,]  26.666667  0.00000    0    0  942.2222  888.8889 3306.667 1288.8889 1208.8889
[28,]  97.777778 35.55556    0    0  195.5556 1600.0000 2240.000 1244.4444 1315.5556
[29,] 124.444444 17.77778    0    0  311.1111 1635.5556 3306.667 1280.0000 1208.8889
[30,]  26.666667 17.77778    0    0  444.4444 1813.3333 3235.556 1457.7778 1457.7778
[31,]  17.777778 35.55556    0    0  408.8889 2844.4444 1991.111  924.4444 1315.5556
[32,]   8.888889 17.77778    0    0  533.3333 1351.1111 3697.778 1093.3333 2204.4444
[33,]  53.333333  0.00000    0    0  355.5556 1315.5556 3022.222  915.5556  817.7778
[34,] 186.666667 35.55556    0    0  737.7778 1706.6667 3875.556  924.4444 1991.1111
[35,]  44.444444  0.00000    0    0  542.2222 2417.7778 1991.111 1217.7778 1991.1111
[36,] 106.666667  0.00000    0    0  417.7778 1920.0000 2702.222 1440.0000 1635.5556
[37,]  17.777778  0.00000    0    0  480.0000 1920.0000 2666.667 1244.4444  533.3333
[38,]  44.444444 53.33333    0    0  515.5556 1564.4444 2666.667  844.4444 1493.3333
[39,]  97.777778  0.00000    0    0  480.0000 2311.1111 2311.111 1244.4444 1813.3333
[40,]  44.444444 17.77778    0    0  728.8889 1777.7778 2880.000 1093.3333 1884.4444
[41,] 195.555556 35.55556    0    0  408.8889 1635.5556 2417.778 1431.1111 1600.0000
[42,] 204.444444 17.77778    0    0  373.3333 1742.2222 2240.000 1004.4444  640.0000
[43,]  62.222222 17.77778    0    0  462.2222 2951.1111 3342.222 1395.5556 1991.1111
[44,]  53.333333  0.00000    0    0  106.6667 2311.1111 3697.778 1368.8889 1137.7778
[45,] 115.555556  0.00000    0    0  577.7778 2240.0000 2595.556 1306.6667 1280.0000
[46,] 124.444444 17.77778    0    0  640.0000 1955.5556 3413.333 1591.1111 1422.2222
[47,] 204.444444 17.77778    0    0  862.2222 2204.4444 2275.556  933.3333 1671.1111
[48,]  35.555556 17.77778    0    0  373.3333 1137.7778 2560.000 1093.3333 1173.3333
[49,] 106.666667  0.00000    0    0  542.2222 2204.4444 2631.111 1368.8889 1315.5556
[50,] 195.555556  0.00000    0    0  648.8889 2560.0000 2986.667 1520.0000 2204.4444
         [,10]    [,11]    [,12]
 [1,] 4622.222 2311.111 675.5556
 [2,] 4977.778 2577.778 764.4444
 [3,] 5048.889 3128.889 684.4444
 [4,] 5120.000 4408.889 666.6667
 [5,] 3342.222 3857.778 737.7778
 [6,] 4337.778 2720.000 666.6667
 [7,] 4977.778 2951.111 826.6667
 [8,] 4764.444 2204.444 835.5556
 [9,] 5333.333 2240.000 746.6667
[10,] 5262.222 2080.000 764.4444
[11,] 4764.444 2311.111 693.3333
[12,] 4124.444 3040.000 888.8889
[13,] 4266.667 2720.000 826.6667
[14,] 4266.667 2631.111 817.7778
[15,] 4551.111 2168.889 728.8889
[16,] 3484.444 3022.222 755.5556
[17,] 3626.667 3502.222 746.6667
[18,] 5191.111 3075.556 737.7778
[19,] 5688.889 1635.556 826.6667
[20,] 4053.333 2364.444 693.3333
[21,] 3840.000 2080.000 693.3333
[22,] 5120.000 1315.556 693.3333
[23,] 3413.333 2275.556 817.7778
[24,] 4693.333 3182.222 755.5556
[25,] 6328.889 3413.333 755.5556
[26,] 5048.889 2133.333 746.6667
[27,] 3982.222 2577.778 675.5556
[28,] 4764.444 3484.444 800.0000
[29,] 4551.111 1777.778 657.7778
[30,] 4693.333 1760.000 648.8889
[31,] 3840.000 3075.556 826.6667
[32,] 4337.778 2631.111 675.5556
[33,] 6613.333 3395.556 684.4444
[34,] 4480.000 1813.333 808.8889
[35,] 3840.000 1848.889 648.8889
[36,] 4124.444 2951.111 826.6667
[37,] 4480.000 3893.333 684.4444
[38,] 5120.000 2684.444 826.6667
[39,] 5404.444 3537.778 755.5556
[40,] 5262.222 1546.667 764.4444
[41,] 4693.333 2524.444 817.7778
[42,] 4693.333 4053.333 817.7778
[43,] 5048.889 3537.778 684.4444
[44,] 4551.111 2666.667 675.5556
[45,] 3697.778 2666.667 684.4444
[46,] 3555.556 3591.111 808.8889
[47,] 4622.222 1813.333 817.7778
[48,] 3982.222 2168.889 791.1111
[49,] 4835.556 3591.111 684.4444
[50,] 4977.778 2577.778 737.7778

