$totdays
[1] 365

$Psampest
[1] 197.997

$Pbootest
     Mean      2.5%       50%     97.5% 
192.02242  74.04026 187.64623 310.34374 

$Pboots
 [1] 143.40152 202.61546 145.38736 194.10399 111.85493 178.57494 178.49167 240.56004
 [9] 270.97038 153.43182 244.11128 178.41784 267.22671  72.45058 134.39756 200.98376
[17] 150.91069 234.87563 378.61514  87.97298 316.34873 277.64298 226.67342  73.65062
[25] 156.58034 209.10599 119.09818 211.93420 108.32168 217.77111 269.20623 238.35123
[33] 249.75359 201.35198 180.23877  94.24845 226.05970 124.11415  75.38234 204.12748
[41] 289.65987 265.18902 170.14804 163.73083 166.73950 230.94614 170.41773 166.58156
[49] 247.20462 181.18848

$Bboots
 [1]  41.33715  51.58871  43.09111  50.09091  29.02819  48.71915  44.65316  64.11988
 [9]  73.57993  37.57896  67.97226  48.69735  77.06456  17.80854  35.71216  51.81573
[17]  38.71149  64.96191 100.08155  23.33359  90.28673  72.16267  65.14568  19.64012
[25]  43.37680  56.24758  30.95104  60.32296  28.35051  58.93373  70.10560  68.80917
[33]  69.57436  54.53139  49.10628  24.70290  62.78017  34.01443  19.28342  51.91628
[41]  81.57636  72.33266  46.87794  44.13758  43.21581  61.54926  46.96662  47.19554
[49]  67.31633  49.55515

$Nboots
 [1] 39.59596 41.21212 43.63636 37.97980 35.55556 33.93939 29.89899 53.33333 56.56566
[10] 36.36364 46.86869 38.78788 54.94949 31.51515 32.32323 46.86869 29.89899 54.14141
[19] 67.87879 21.01010 57.37374 52.52525 46.86869 25.05051 38.78788 53.33333 25.85859
[28] 49.29293 33.13131 50.10101 51.71717 51.71717 52.52525 47.67677 33.93939 29.89899
[37] 46.86869 36.36364 24.24242 34.74747 61.41414 50.10101 40.40404 42.02020 37.97980
[46] 47.67677 44.44444 32.32323 47.67677 36.36364

$julians
 [1] 1760 1795 1846 1880 1904 1934 1956 1999 2026 2054 2083 2116

$intdays
 [1] 35 51 34 24 30 22 43 27 28 29 33  9

$Pintsampest
 [1]  0.0000000  0.0000000  0.0000000  0.0000000  0.3114880  0.2801641 74.7896834
 [8] 84.0164846 38.5991674  0.0000000  0.0000000  0.0000000

$Pintboots
      [,1] [,2] [,3] [,4]       [,5]       [,6]      [,7]      [,8]      [,9] [,10]
 [1,]    0    0    0    0 0.33256272 0.29558294  30.17180  64.82904 47.772535     0
 [2,]    0    0    0    0 0.29041328 0.26474529 105.70408  81.03449 15.321739     0
 [3,]    0    0    0    0 0.58082657 0.47721941  19.71628  67.37231 57.240723     0
 [4,]    0    0    0    0 0.15574400 0.16621764  95.03121  78.79321 19.957612     0
 [5,]    0    0    0    0 0.44615729 0.48323410  53.44225  45.18655 12.296743     0
 [6,]    0    0    0    0 0.15574400 0.16621764  63.02389  76.62992 38.599167     0
 [7,]    0    0    0    0 0.04214943 0.03083765 100.37413  70.38368  7.660869     0
 [8,]    0    0    0    0 0.46723200 0.39411059  98.94869 100.63834 40.111665     0
 [9,]    0    0    0    0 0.42508257 0.31100177  98.84651 115.65957 55.728225     0
[10,]    0    0    0    0 0.33256272 0.40012528  93.92530  58.77383  0.000000     0
[11,]    0    0    0    0 0.17681872 0.12936530  73.37722 107.03878 63.389094     0
[12,]    0    0    0    0 0.26933857 0.24932646  62.80654  76.49347 38.599167     0
[13,]    0    0    0    0 0.29041328 0.21247412  55.75625 121.27605 89.691519     0
[14,]    0    0    0    0 0.60190129 0.49263824  43.87529  27.48075  0.000000     0
[15,]    0    0    0    0 0.31148800 0.33243528  56.37069  55.91283 21.470110     0
[16,]    0    0    0    0 0.44615729 0.37869176  98.94869  81.25261 19.957612     0
[17,]    0    0    0    0 0.06322415 0.04625648  75.99777  60.99419 13.809241     0
[18,]    0    0    0    0 0.48830672 0.40952941  74.78968 101.94738 57.240723     0
[19,]    0    0    0    0 0.29041328 0.21247412 163.29584 157.57569 57.240723     0
[20,]    0    0    0    0 0.15574400 0.11394647  37.23507  36.65898 13.809241     0
[21,]    0    0    0    0 0.13466928 0.09852765  74.68750 142.26833 99.159707     0
[22,]    0    0    0    0 0.26933857 0.24932646 131.17336 113.50016 32.450796     0
[23,]    0    0    0    0 0.19789343 0.24932646  49.42258 102.43383 74.369780     0
[24,]    0    0    0    0 0.15574400 0.21848881  30.27398  30.70566 12.296743     0
[25,]    0    0    0    0 0.42508257 0.31100177  49.21822  68.02687 38.599167     0
[26,]    0    0    0    0 0.58082657 0.47721941  81.32772  88.12106 38.599167     0
[27,]    0    0    0    0 0.15574400 0.21848881  56.37069  48.54401 13.809241     0
[28,]    0    0    0    0 0.33256272 0.24331177  51.62141  94.83532 64.901592     0
[29,]    0    0    0    0 0.37471215 0.43096293  49.52477  44.18199 13.809241     0
[30,]    0    0    0    0 0.33256272 0.29558294  81.32772  92.58020 43.235041     0
[31,]    0    0    0    0 0.31148800 0.28016412 125.94560 110.21818 32.450796     0
[32,]    0    0    0    0 0.26933857 0.24932646  49.10305 108.21136 80.518151     0
[33,]    0    0    0    0 0.31148800 0.33243528  74.89187 109.31620 64.901592     0
[34,]    0    0    0    0 0.44615729 0.43096293  74.89187  85.47132 40.111665     0
[35,]    0    0    0    0 0.00000000 0.10454234  64.21900  77.31606 38.599167     0
[36,]    0    0    0    0 0.31148800 0.38470645  42.76938  38.48612 12.296743     0
[37,]    0    0    0    0 0.31148800 0.28016412  69.56193  98.66540 57.240723     0
[38,]    0    0    0    0 0.46723200 0.34183942  42.46283  53.22377 27.618482     0
[39,]    0    0    0    0 0.33256272 0.24331177  38.54535  30.11275  6.148371     0
[40,]    0    0    0    0 0.02107472 0.01541883 106.91217  81.85708 15.321739     0
[41,]    0    0    0    0 0.44615729 0.32642059  78.60498 128.25166 82.030649     0
[42,]    0    0    0    0 0.19789343 0.19705529  93.72093 113.83242 57.240723     0
[43,]    0    0    0    0 0.31148800 0.28016412  55.85843  73.58629 40.111665     0
[44,]    0    0    0    0 0.46723200 0.39411059  62.80654  69.12465 30.938298     0
[45,]    0    0    0    0 0.26933857 0.19705529  79.91526  67.91273 18.445114     0
[46,]    0    0    0    0 0.31148800 0.28016412  95.03121  96.72411 38.599167     0
[47,]    0    0    0    0 0.46723200 0.39411059  55.85843  73.58629 40.111665     0
[48,]    0    0    0    0 0.02107472 0.06769000  42.56502  74.34792 49.579853     0
[49,]    0    0    0    0 0.29041328 0.21247412  88.39099 105.90234 52.408408     0
[50,]    0    0    0    0 0.15574400 0.16621764  62.80654  77.94831 40.111665     0
      [,11] [,12]
 [1,]     0     0
 [2,]     0     0
 [3,]     0     0
 [4,]     0     0
 [5,]     0     0
 [6,]     0     0
 [7,]     0     0
 [8,]     0     0
 [9,]     0     0
[10,]     0     0
[11,]     0     0
[12,]     0     0
[13,]     0     0
[14,]     0     0
[15,]     0     0
[16,]     0     0
[17,]     0     0
[18,]     0     0
[19,]     0     0
[20,]     0     0
[21,]     0     0
[22,]     0     0
[23,]     0     0
[24,]     0     0
[25,]     0     0
[26,]     0     0
[27,]     0     0
[28,]     0     0
[29,]     0     0
[30,]     0     0
[31,]     0     0
[32,]     0     0
[33,]     0     0
[34,]     0     0
[35,]     0     0
[36,]     0     0
[37,]     0     0
[38,]     0     0
[39,]     0     0
[40,]     0     0
[41,]     0     0
[42,]     0     0
[43,]     0     0
[44,]     0     0
[45,]     0     0
[46,]     0     0
[47,]     0     0
[48,]     0     0
[49,]     0     0
[50,]     0     0

$Bdatesampinfo
       DATE JULIAN N        Mean      Stdev
1  10/26/10   1760 5   0.0000000   0.000000
2  11/30/10   1795 5   0.0000000   0.000000
3  01/20/11   1846 5   0.0000000   0.000000
4  02/23/11   1880 5   0.0000000   0.000000
5  03/19/11   1904 5   0.0000000   0.000000
6  04/18/11   1934 5   1.9508233   2.396701
7  05/10/11   1956 5   0.4474548   1.000539
8  06/22/11   1999 5 327.0463021 347.181070
9  07/19/11   2026 5 258.9626486 340.880167
10 08/16/11   2054 5   0.0000000   0.000000
11 09/14/11   2083 5   0.0000000   0.000000
12 10/17/11   2116 5   0.0000000   0.000000

$Ndatesampinfo
       DATE JULIAN N       Mean     Stdev
1  10/26/10   1760 5   0.000000   0.00000
2  11/30/10   1795 5   0.000000   0.00000
3  01/20/11   1846 5   0.000000   0.00000
4  02/23/11   1880 5   0.000000   0.00000
5  03/19/11   1904 5   0.000000   0.00000
6  04/18/11   1934 5  88.888889 104.23146
7  05/10/11   1956 5   8.888889  19.87616
8  06/22/11   1999 5 240.000000 207.51320
9  07/19/11   2026 5 142.222222 181.62504
10 08/16/11   2054 5   0.000000   0.00000
11 09/14/11   2083 5   0.000000   0.00000
12 10/17/11   2116 5   0.000000   0.00000

$Bdateboots
      [,1] [,2] [,3] [,4] [,5]      [,6]      [,7]      [,8]      [,9] [,10] [,11]
 [1,]    0    0    0    0    0 2.0828125 0.4474548 131.67160 320.50676     0     0
 [2,]    0    0    0    0    0 1.8188341 0.4474548 462.41572 102.79378     0     0
 [3,]    0    0    0    0    0 3.6376682 0.4474548  85.88803 384.02907     0     0
 [4,]    0    0    0    0    0 0.9754117 0.4474548 415.68093 133.89623     0     0
 [5,]    0    0    0    0    0 2.7942458 1.3423645 232.67412  82.49934     0     0
 [6,]    0    0    0    0    0 0.9754117 0.4474548 275.52517 258.96265     0     0
 [7,]    0    0    0    0    0 0.2639784 0.0000000 439.52394  51.39689     0     0
 [8,]    0    0    0    0    0 2.9262350 0.4474548 432.83515 269.10987     0     0
 [9,]    0    0    0    0    0 2.6622566 0.0000000 432.83515 373.88185     0     0
[10,]    0    0    0    0    0 2.0828125 1.3423645 409.94337   0.00000     0     0
[11,]    0    0    0    0    0 1.1074009 0.0000000 321.30874 425.27874     0     0
[12,]    0    0    0    0    0 1.6868449 0.4474548 274.57395 258.96265     0     0
[13,]    0    0    0    0    0 1.8188341 0.0000000 244.14924 601.74204     0     0
[14,]    0    0    0    0    0 3.7696574 0.4474548 191.67688   0.00000     0     0
[15,]    0    0    0    0    0 1.9508233 0.8949097 245.94460 144.04345     0     0
[16,]    0    0    0    0    0 2.7942458 0.4474548 432.83515 133.89623     0     0
[17,]    0    0    0    0    0 0.3959676 0.0000000 332.78386  92.64656     0     0
[18,]    0    0    0    0    0 3.0582242 0.4474548 327.04630 384.02907     0     0
[19,]    0    0    0    0    0 1.8188341 0.0000000 715.04911 384.02907     0     0
[20,]    0    0    0    0    0 0.9754117 0.0000000 163.04754  92.64656     0     0
[21,]    0    0    0    0    0 0.8434225 0.0000000 327.04630 665.26435     0     0
[22,]    0    0    0    0    0 1.6868449 0.4474548 573.94213 217.71298     0     0
[23,]    0    0    0    0    0 1.2393901 0.8949097 215.51989 498.94826     0     0
[24,]    0    0    0    0    0 0.9754117 0.8949097 131.67160  82.49934     0     0
[25,]    0    0    0    0    0 2.6622566 0.0000000 215.51989 258.96265     0     0
[26,]    0    0    0    0    0 3.6376682 0.4474548 355.67565 258.96265     0     0
[27,]    0    0    0    0    0 0.9754117 0.8949097 245.94460  92.64656     0     0
[28,]    0    0    0    0    0 2.0828125 0.0000000 226.04379 435.42595     0     0
[29,]    0    0    0    0    0 2.3467909 1.3423645 215.51989  92.64656     0     0
[30,]    0    0    0    0    0 2.0828125 0.4474548 355.67565 290.06510     0     0
[31,]    0    0    0    0    0 1.9508233 0.4474548 551.05035 217.71298     0     0
[32,]    0    0    0    0    0 1.6868449 0.4474548 214.56867 540.19794     0     0
[33,]    0    0    0    0    0 1.9508233 0.8949097 327.04630 435.42595     0     0
[34,]    0    0    0    0    0 2.7942458 0.8949097 327.04630 269.10987     0     0
[35,]    0    0    0    0    0 0.0000000 0.8949097 280.31151 258.96265     0     0
[36,]    0    0    0    0    0 1.9508233 1.3423645 185.93932  82.49934     0     0
[37,]    0    0    0    0    0 1.9508233 0.4474548 304.15452 384.02907     0     0
[38,]    0    0    0    0    0 2.9262350 0.0000000 185.93932 185.29312     0     0
[39,]    0    0    0    0    0 2.0828125 0.0000000 168.78510  41.24967     0     0
[40,]    0    0    0    0    0 0.1319892 0.0000000 468.15328 102.79378     0     0
[41,]    0    0    0    0    0 2.7942458 0.0000000 344.20053 550.34515     0     0
[42,]    0    0    0    0    0 1.2393901 0.4474548 409.94337 384.02907     0     0
[43,]    0    0    0    0    0 1.9508233 0.4474548 244.14924 269.10987     0     0
[44,]    0    0    0    0    0 2.9262350 0.4474548 274.57395 207.56576     0     0
[45,]    0    0    0    0    0 1.6868449 0.0000000 349.93809 123.74901     0     0
[46,]    0    0    0    0    0 1.9508233 0.4474548 415.68093 258.96265     0     0
[47,]    0    0    0    0    0 2.9262350 0.4474548 244.14924 269.10987     0     0
[48,]    0    0    0    0    0 0.1319892 0.4474548 185.93932 332.63218     0     0
[49,]    0    0    0    0    0 1.8188341 0.0000000 387.05158 351.60921     0     0
[50,]    0    0    0    0    0 0.9754117 0.4474548 274.57395 269.10987     0     0
      [,12]
 [1,]     0
 [2,]     0
 [3,]     0
 [4,]     0
 [5,]     0
 [6,]     0
 [7,]     0
 [8,]     0
 [9,]     0
[10,]     0
[11,]     0
[12,]     0
[13,]     0
[14,]     0
[15,]     0
[16,]     0
[17,]     0
[18,]     0
[19,]     0
[20,]     0
[21,]     0
[22,]     0
[23,]     0
[24,]     0
[25,]     0
[26,]     0
[27,]     0
[28,]     0
[29,]     0
[30,]     0
[31,]     0
[32,]     0
[33,]     0
[34,]     0
[35,]     0
[36,]     0
[37,]     0
[38,]     0
[39,]     0
[40,]     0
[41,]     0
[42,]     0
[43,]     0
[44,]     0
[45,]     0
[46,]     0
[47,]     0
[48,]     0
[49,]     0
[50,]     0

$Ndateboots
      [,1] [,2] [,3] [,4] [,5]       [,6]      [,7]     [,8]      [,9] [,10] [,11]
 [1,]    0    0    0    0    0  97.777778  8.888889 160.0000 168.88889     0     0
 [2,]    0    0    0    0    0  80.000000  8.888889 311.1111  53.33333     0     0
 [3,]    0    0    0    0    0 160.000000  8.888889 106.6667 204.44444     0     0
 [4,]    0    0    0    0    0  44.444444  8.888889 284.4444  80.00000     0     0
 [5,]    0    0    0    0    0 124.444444 26.666667 186.6667  53.33333     0     0
 [6,]    0    0    0    0    0  44.444444  8.888889 177.7778 142.22222     0     0
 [7,]    0    0    0    0    0  17.777778  0.000000 284.4444  26.66667     0     0
 [8,]    0    0    0    0    0 133.333333  8.888889 302.2222 142.22222     0     0
 [9,]    0    0    0    0    0 115.555556  0.000000 302.2222 204.44444     0     0
[10,]    0    0    0    0    0  97.777778 26.666667 275.5556   0.00000     0     0
[11,]    0    0    0    0    0  53.333333  0.000000 231.1111 231.11111     0     0
[12,]    0    0    0    0    0  71.111111  8.888889 204.4444 142.22222     0     0
[13,]    0    0    0    0    0  80.000000  0.000000 204.4444 320.00000     0     0
[14,]    0    0    0    0    0 168.888889  8.888889 168.8889   0.00000     0     0
[15,]    0    0    0    0    0  88.888889 17.777778 168.8889  80.00000     0     0
[16,]    0    0    0    0    0 124.444444  8.888889 302.2222  80.00000     0     0
[17,]    0    0    0    0    0  26.666667  0.000000 248.8889  53.33333     0     0
[18,]    0    0    0    0    0 142.222222  8.888889 240.0000 204.44444     0     0
[19,]    0    0    0    0    0  80.000000  0.000000 462.2222 204.44444     0     0
[20,]    0    0    0    0    0  44.444444  0.000000 133.3333  53.33333     0     0
[21,]    0    0    0    0    0  35.555556  0.000000 240.0000 355.55556     0     0
[22,]    0    0    0    0    0  71.111111  8.888889 382.2222 115.55556     0     0
[23,]    0    0    0    0    0  62.222222 17.777778 168.8889 266.66667     0     0
[24,]    0    0    0    0    0  44.444444 17.777778 160.0000  53.33333     0     0
[25,]    0    0    0    0    0 115.555556  0.000000 168.8889 142.22222     0     0
[26,]    0    0    0    0    0 160.000000  8.888889 275.5556 142.22222     0     0
[27,]    0    0    0    0    0  44.444444 17.777778 168.8889  53.33333     0     0
[28,]    0    0    0    0    0  97.777778  0.000000 213.3333 231.11111     0     0
[29,]    0    0    0    0    0 115.555556 26.666667 168.8889  53.33333     0     0
[30,]    0    0    0    0    0  97.777778  8.888889 275.5556 168.88889     0     0
[31,]    0    0    0    0    0  88.888889  8.888889 355.5556 115.55556     0     0
[32,]    0    0    0    0    0  71.111111  8.888889 195.5556 293.33333     0     0
[33,]    0    0    0    0    0  88.888889 17.777778 240.0000 231.11111     0     0
[34,]    0    0    0    0    0 124.444444 17.777778 240.0000 142.22222     0     0
[35,]    0    0    0    0    0   0.000000 17.777778 213.3333 142.22222     0     0
[36,]    0    0    0    0    0  88.888889 26.666667 160.0000  53.33333     0     0
[37,]    0    0    0    0    0  88.888889  8.888889 213.3333 204.44444     0     0
[38,]    0    0    0    0    0 133.333333  0.000000 160.0000 106.66667     0     0
[39,]    0    0    0    0    0  97.777778  0.000000 142.2222  26.66667     0     0
[40,]    0    0    0    0    0   8.888889  0.000000 320.0000  53.33333     0     0
[41,]    0    0    0    0    0 124.444444  0.000000 257.7778 293.33333     0     0
[42,]    0    0    0    0    0  62.222222  8.888889 275.5556 204.44444     0     0
[43,]    0    0    0    0    0  88.888889  8.888889 204.4444 142.22222     0     0
[44,]    0    0    0    0    0 133.333333  8.888889 204.4444 115.55556     0     0
[45,]    0    0    0    0    0  71.111111  0.000000 266.6667  80.00000     0     0
[46,]    0    0    0    0    0  88.888889  8.888889 284.4444 142.22222     0     0
[47,]    0    0    0    0    0 133.333333  8.888889 204.4444 142.22222     0     0
[48,]    0    0    0    0    0   8.888889  8.888889 160.0000 177.77778     0     0
[49,]    0    0    0    0    0  80.000000  0.000000 248.8889 195.55556     0     0
[50,]    0    0    0    0    0  44.444444  8.888889 204.4444 142.22222     0     0
      [,12]
 [1,]     0
 [2,]     0
 [3,]     0
 [4,]     0
 [5,]     0
 [6,]     0
 [7,]     0
 [8,]     0
 [9,]     0
[10,]     0
[11,]     0
[12,]     0
[13,]     0
[14,]     0
[15,]     0
[16,]     0
[17,]     0
[18,]     0
[19,]     0
[20,]     0
[21,]     0
[22,]     0
[23,]     0
[24,]     0
[25,]     0
[26,]     0
[27,]     0
[28,]     0
[29,]     0
[30,]     0
[31,]     0
[32,]     0
[33,]     0
[34,]     0
[35,]     0
[36,]     0
[37,]     0
[38,]     0
[39,]     0
[40,]     0
[41,]     0
[42,]     0
[43,]     0
[44,]     0
[45,]     0
[46,]     0
[47,]     0
[48,]     0
[49,]     0
[50,]     0

