$totdays
[1] 365

$Psampest
[1] 5276.667

$Pbootest
 Mean  2.5%   50% 97.5% 
    0     0     0     0 

$Pboots
 [1] 0 0 0 0 0 0 0 0 0 0 0 0 0 0 0 0 0 0 0 0 0 0 0 0 0 0 0 0 0 0 0 0 0 0 0 0 0 0 0 0 0 0
[43] 0 0 0 0 0 0 0 0

$Bboots
 [1]  76.96772 156.81292  75.46493 131.18829 125.85214 118.63508  78.83444 192.61835
 [9]  58.96114  93.61898  77.92268 104.44152 135.48342 103.59891  66.84254 155.88585
[17] 103.93086 156.95390 133.15515  96.09016 118.35613 118.29722 171.33472  81.11508
[25]  84.60947 169.72966  73.47544 116.85019 108.65518  59.00447 118.82585  95.36571
[33]  88.53378 159.29858 155.78487  77.23798 138.40806  90.07480  88.59846 115.03585
[41]  71.95334  85.99446  76.29244 130.14788 116.98744 136.01811  65.74566  86.57650
[49] 133.59255 192.52180

$Nboots
 [1] 11302.931 23386.132 10706.329 19137.063 18617.772 17777.804 11038.607 29447.748
 [9]  9234.571 14435.776 12308.419 16682.775 20570.720 15436.852 10002.325 23033.974
[17] 15942.598 23193.151 20120.150 15036.955 18221.752 18171.752 26129.830 12115.291
[25] 12093.915 24650.650 10621.646 17585.150 16778.245  9664.533 17225.097 15134.586
[33] 12252.954 23753.301 23394.039 10296.878 20520.456 14012.810 12573.780 17559.198
[41] 11143.186 13173.871 11114.759 18618.263 17289.697 19924.959  9430.185 12555.664
[49] 20646.076 29459.976

$julians
 [1] 2040 2085 2122 2143 2172 2232 2278 2333 2362 2399

$intdays
 [1] 45 37 21 29 60 46 55 29 37  6

$Pintsampest
 [1]  246.2183425   99.0166816    0.5041717    0.7973194    1.9709036   26.8557392
 [7]  390.7252556  737.9115448 3474.9087333  297.7580234

$Pintboots
      [,1] [,2] [,3] [,4] [,5] [,6] [,7] [,8] [,9] [,10]
 [1,]    0    0    0    0    0    0    0    0    0     0
 [2,]    0    0    0    0    0    0    0    0    0     0
 [3,]    0    0    0    0    0    0    0    0    0     0
 [4,]    0    0    0    0    0    0    0    0    0     0
 [5,]    0    0    0    0    0    0    0    0    0     0
 [6,]    0    0    0    0    0    0    0    0    0     0
 [7,]    0    0    0    0    0    0    0    0    0     0
 [8,]    0    0    0    0    0    0    0    0    0     0
 [9,]    0    0    0    0    0    0    0    0    0     0
[10,]    0    0    0    0    0    0    0    0    0     0
[11,]    0    0    0    0    0    0    0    0    0     0
[12,]    0    0    0    0    0    0    0    0    0     0
[13,]    0    0    0    0    0    0    0    0    0     0
[14,]    0    0    0    0    0    0    0    0    0     0
[15,]    0    0    0    0    0    0    0    0    0     0
[16,]    0    0    0    0    0    0    0    0    0     0
[17,]    0    0    0    0    0    0    0    0    0     0
[18,]    0    0    0    0    0    0    0    0    0     0
[19,]    0    0    0    0    0    0    0    0    0     0
[20,]    0    0    0    0    0    0    0    0    0     0
[21,]    0    0    0    0    0    0    0    0    0     0
[22,]    0    0    0    0    0    0    0    0    0     0
[23,]    0    0    0    0    0    0    0    0    0     0
[24,]    0    0    0    0    0    0    0    0    0     0
[25,]    0    0    0    0    0    0    0    0    0     0
[26,]    0    0    0    0    0    0    0    0    0     0
[27,]    0    0    0    0    0    0    0    0    0     0
[28,]    0    0    0    0    0    0    0    0    0     0
[29,]    0    0    0    0    0    0    0    0    0     0
[30,]    0    0    0    0    0    0    0    0    0     0
[31,]    0    0    0    0    0    0    0    0    0     0
[32,]    0    0    0    0    0    0    0    0    0     0
[33,]    0    0    0    0    0    0    0    0    0     0
[34,]    0    0    0    0    0    0    0    0    0     0
[35,]    0    0    0    0    0    0    0    0    0     0
[36,]    0    0    0    0    0    0    0    0    0     0
[37,]    0    0    0    0    0    0    0    0    0     0
[38,]    0    0    0    0    0    0    0    0    0     0
[39,]    0    0    0    0    0    0    0    0    0     0
[40,]    0    0    0    0    0    0    0    0    0     0
[41,]    0    0    0    0    0    0    0    0    0     0
[42,]    0    0    0    0    0    0    0    0    0     0
[43,]    0    0    0    0    0    0    0    0    0     0
[44,]    0    0    0    0    0    0    0    0    0     0
[45,]    0    0    0    0    0    0    0    0    0     0
[46,]    0    0    0    0    0    0    0    0    0     0
[47,]    0    0    0    0    0    0    0    0    0     0
[48,]    0    0    0    0    0    0    0    0    0     0
[49,]    0    0    0    0    0    0    0    0    0     0
[50,]    0    0    0    0    0    0    0    0    0     0

$Bdatesampinfo
       DATE JULIAN N         Mean        Stdev
1  08/02/11   2040 4   41.1303039   16.1918761
2  09/16/11   2085 5   39.0121238   28.0306581
3  10/23/11   2122 4    0.2834058    0.5023416
4  11/13/11   2143 7    0.1298383    0.2841411
5  12/12/11   2172 4    0.3234299    0.4243348
6  02/10/12   2232 5    0.1326467    0.2966069
7  03/27/12   2278 2    8.6779972    4.5709392
8  05/21/12   2333 3   93.1416558   85.6391010
9  06/19/12   2362 5  302.4886183  253.6443640
10 07/26/12   2399 3 1123.4710792 1172.0722803

$Ndatesampinfo
       DATE JULIAN N         Mean        Stdev
1  08/02/11   2040 4 5.894444e+03   1130.69773
2  09/16/11   2085 5 5.502222e+03   3487.84839
3  10/23/11   2122 4 5.277778e+01     98.28781
4  11/13/11   2143 7 1.746032e+01     33.85830
5  12/12/11   2172 4 4.444444e+01     62.85394
6  02/10/12   2232 5 4.444444e+00      9.93808
7  03/27/12   2278 2 1.150000e+03    369.26687
8  05/21/12   2333 3 9.959259e+03   5462.71688
9  06/19/12   2362 5 4.804000e+04  34520.87720
10 07/26/12   2399 3 1.721037e+05 184755.70165

$Bdateboots
          [,1]     [,2]       [,3]       [,4]      [,5]      [,6]      [,7]      [,8]
 [1,] 32.67647 35.46887 0.02500805 0.04191396 0.2233977 0.0000000  8.677997  91.93813
 [2,] 36.24126 28.63449 0.25839771 0.00000000 0.6468598 0.1326467  8.677997  93.14166
 [3,] 38.40771 45.92826 0.54180347 0.10888135 0.4234621 0.0000000  8.677997  93.14166
 [4,] 54.26121 39.09388 0.07502414 0.12983833 0.5468276 0.2652933 11.910139  93.14166
 [5,] 43.29676 49.30800 0.28340576 0.02095698 0.1000322 0.0000000  8.677997 143.17619
 [6,] 39.17583 25.17300 0.28340576 0.12983833 0.5468276 0.1326467  5.445855  93.14166
 [7,] 32.12033 54.19296 0.02500805 0.12983833 0.5234943 0.6632333  8.677997 143.17619
 [8,] 41.13030 35.46887 0.28340576 0.10888135 0.2233977 0.1326467 11.910139  93.14166
 [9,] 45.25123 49.38976 0.02500805 0.21776270 0.2000644 0.0000000  5.445855  43.10712
[10,] 51.53861 34.92408 0.25839771 0.02095698 0.3234299 0.1326467  8.677997  44.31065
[11,] 47.97382 43.01841 0.28340576 0.21776270 0.1000322 0.0000000  8.677997  44.31065
[12,] 45.25123 37.75217 0.51679543 0.23871968 0.4234621 0.0000000 11.910139  43.10712
[13,] 38.96385 35.46887 0.05001609 0.15079531 0.4467954 0.0000000 11.910139  94.34518
[14,] 30.16586 50.64971 0.28340576 0.15079531 0.3234299 0.0000000  8.677997  93.14166
[15,] 34.28678 42.55537 0.25839771 0.15079531 0.0000000 0.1326467  8.677997  93.14166
[16,] 45.25123 21.62975 0.77519314 0.21776270 0.1000322 0.2652933 11.910139 143.17619
[17,] 34.28678 42.47362 0.80020119 0.12983833 0.1000322 0.1326467  8.677997  91.93813
[18,] 43.85290 50.10491 0.51679543 0.36855801 0.3000966 0.2652933  8.677997 141.97266
[19,] 47.97382 45.84651 0.77519314 0.12983833 0.2233977 0.1326467  8.677997  91.93813
[20,] 38.96385 37.75217 0.54180347 0.00000000 0.6701931 0.1326467  8.677997  43.10712
[21,] 36.24126 23.83129 0.25839771 0.21776270 0.2233977 0.0000000  5.445855  43.10712
[22,] 38.40771 32.72254 0.05001609 0.06287094 0.6701931 0.0000000  8.677997  43.10712
[23,] 45.25123 34.83547 0.05001609 0.02095698 0.6701931 0.2652933  8.677997  93.14166
[24,] 38.96385 41.21367 0.02500805 0.36855801 0.3234299 0.2652933 11.910139  94.34518
[25,] 34.28678 34.29068 0.54180347 0.43552540 0.1000322 0.1326467  8.677997 143.17619
[26,] 52.86287 54.19296 0.02500805 0.10888135 0.4234621 0.1326467  5.445855 143.17619
[27,] 23.66649 41.84022 0.00000000 0.00000000 0.1000322 0.0000000 11.910139  93.14166
[28,] 32.67647 53.64816 0.51679543 0.12983833 0.4234621 0.1326467  8.677997  93.14166
[29,] 34.84292 41.84022 0.28340576 0.32664405 0.5468276 0.2652933  8.677997  44.31065
[30,] 38.96385 28.55273 0.54180347 0.12983833 0.4234621 0.1326467  5.445855  45.51417
[31,] 38.40771 39.09388 0.77519314 0.02095698 0.4467954 0.1326467  8.677997 141.97266
[32,] 34.28678 38.29697 0.28340576 0.23871968 0.1000322 0.2652933 11.910139  44.31065
[33,] 32.12033 52.85125 0.56681152 0.10888135 0.2233977 0.1326467  8.677997 192.00720
[34,] 51.53861 38.29697 0.51679543 0.04191396 0.4234621 0.0000000  8.677997  93.14166
[35,] 34.28678 53.64816 0.54180347 0.12983833 0.0000000 0.1326467  5.445855  91.93813
[36,] 43.29676 39.01212 0.54180347 0.12983833 0.3234299 0.0000000  5.445855 143.17619
[37,] 38.40771 24.45784 0.33342186 0.21776270 0.3234299 0.1326467  5.445855 143.17619
[38,] 43.29676 53.64816 0.07502414 0.10888135 0.4234621 0.0000000  8.677997  44.31065
[39,] 27.99940 47.35858 0.51679543 0.02095698 0.2000644 0.0000000 11.910139  93.14166
[40,] 39.17583 17.54170 0.28340576 0.00000000 0.3234299 0.1326467  8.677997  93.14166
[41,] 34.28678 46.01687 0.28340576 0.23871968 0.4234621 0.3979400  8.677997  43.10712
[42,] 43.29676 43.10017 0.30841381 0.36855801 0.5468276 0.2652933  8.677997  41.90360
[43,] 38.96385 27.91933 0.00000000 0.12983833 0.2000644 0.2652933 11.910139 141.97266
[44,] 38.40771 46.64342 0.02500805 0.10888135 0.1000322 0.1326467  8.677997 141.97266
[45,] 27.99940 42.47362 0.54180347 0.12983833 0.4234621 0.2652933  8.677997  91.93813
[46,] 36.45324 39.01212 0.05001609 0.15079531 0.2233977 0.5305866  8.677997 143.17619
[47,] 38.40771 34.29068 0.54180347 0.00000000 0.1000322 0.1326467  8.677997 143.17619
[48,] 47.97382 28.63449 0.00000000 0.12983833 0.1000322 0.0000000  8.677997  91.93813
[49,] 45.25123 39.01212 0.02500805 0.12983833 0.4467954 0.0000000  8.677997  43.10712
[50,] 40.57417 42.47362 0.25839771 0.23871968 0.3234299 0.0000000  5.445855  91.93813
          [,9]     [,10]
 [1,] 316.9074  446.1772
 [2,] 361.9195 1799.5681
 [3,] 288.0699  446.1772
 [4,] 447.2642 1122.2743
 [5,] 347.7187 1123.4711
 [6,] 362.1375 1122.2743
 [7,] 262.3740  447.3740
 [8,] 333.3000 2476.8620
 [9,] 186.5505  446.1772
[10,] 167.0162 1122.2743
[11,] 357.0219  447.3740
[12,] 261.6641 1123.4711
[13,] 157.7130 1799.5681
[14,] 202.9431 1122.2743
[15,] 216.4340  446.1772
[16,] 302.4886 1799.5681
[17,] 212.2463 1123.4711
[18,] 288.0699 1800.7649
[19,] 126.9017 1799.5681
[20,] 192.7121 1123.4711
[21,] 412.2652 1123.4711
[22,] 397.8464 1124.6679
[23,] 143.2943 2476.8620
[24,] 338.4155  447.3740
[25,] 333.3000  447.3740
[26,] 397.8464 1799.5681
[27,] 278.7667  447.3740
[28,] 316.9074 1123.4711
[29,] 302.4886 1123.4711
[30,] 207.1308  447.3740
[31,] 297.3731 1123.4711
[32,] 183.4089 1124.6679
[33,] 302.4886  447.3740
[34,] 367.0351 1799.5681
[35,] 333.3000 1799.5681
[36,] 262.3740  444.9804
[37,] 152.5975 1799.5681
[38,] 457.4953  448.5709
[39,] 407.1496  446.1772
[40,] 333.3000 1124.6679
[41,] 307.6041  447.3740
[42,] 432.8455  448.5709
[43,] 261.6641  446.1772
[44,] 392.7309 1123.4711
[45,] 333.3000 1122.2743
[46,] 452.3797 1123.4711
[47,] 161.9007  447.3740
[48,] 402.0341  447.3740
[49,] 188.5244 1799.5681
[50,] 333.3000 2476.8620

$Ndateboots
          [,1]     [,2]       [,3]      [,4]      [,5]      [,6]      [,7]      [,8]
 [1,] 5144.444 5453.333   2.777778  9.523810  33.33333  0.000000 1150.0000  9429.630
 [2,] 6077.778 4026.667  50.000000  0.000000  88.88889  4.444444 1150.0000  9959.259
 [3,] 6188.889 6088.889 102.777778 12.698413  55.55556  0.000000 1150.0000  9959.259
 [4,] 6766.667 4662.222   8.333333 17.460317  77.77778  8.888889 1411.1111  9959.259
 [5,] 6005.556 7817.778  52.777778  4.761905  11.11111  0.000000 1150.0000 13344.444
 [6,] 5477.778 3137.778  52.777778 17.460317  77.77778  4.444444  888.8889  9959.259
 [7,] 5550.000 6911.111   2.777778 17.460317  66.66667 22.222222 1150.0000 13344.444
 [8,] 5894.444 5453.333  52.777778 12.698413  33.33333  4.444444 1411.1111  9959.259
 [9,] 6422.222 6977.778   2.777778 25.396825  22.22222  0.000000  888.8889  6574.074
[10,] 7061.111 5266.667  50.000000  4.761905  44.44444  4.444444 1150.0000  7103.704
[11,] 6127.778 6577.778  52.777778 25.396825  11.11111  0.000000 1150.0000  7103.704
[12,] 6422.222 5617.778 100.000000 30.158730  55.55556  0.000000 1411.1111  6574.074
[13,] 5783.333 5453.333   5.555556 22.222222  66.66667  0.000000 1411.1111 10488.889
[14,] 5133.333 6862.222  52.777778 22.222222  44.44444  0.000000 1150.0000  9959.259
[15,] 5661.111 5551.111  50.000000 22.222222   0.00000  4.444444 1150.0000  9959.259
[16,] 6422.222 3088.889 150.000000 25.396825  11.11111  8.888889 1411.1111 13344.444
[17,] 5661.111 6391.111 152.777778 17.460317  11.11111  4.444444 1150.0000  9429.630
[18,] 5600.000 6675.556 100.000000 47.619048  33.33333  8.888889 1150.0000 12814.815
[19,] 6127.778 6928.889 150.000000 17.460317  33.33333  4.444444 1150.0000  9429.630
[20,] 5783.333 5617.778 102.777778  0.000000 100.00000  4.444444 1150.0000  6574.074
[21,] 6077.778 4093.333  50.000000 25.396825  33.33333  0.000000  888.8889  6574.074
[22,] 6188.889 4262.222   5.555556 14.285714 100.00000  0.000000 1150.0000  6574.074
[23,] 6422.222 4915.556   5.555556  4.761905 100.00000  8.888889 1150.0000  9959.259
[24,] 5783.333 6506.667   2.777778 47.619048  44.44444  8.888889 1411.1111 10488.889
[25,] 5661.111 4728.889 102.777778 50.793651  11.11111  4.444444 1150.0000 13344.444
[26,] 5944.444 6911.111   2.777778 12.698413  55.55556  4.444444  888.8889 13344.444
[27,] 4800.000 5853.333   0.000000  0.000000  11.11111  0.000000 1411.1111  9959.259
[28,] 5144.444 6724.444 100.000000 17.460317  55.55556  4.444444 1150.0000  9959.259
[29,] 5255.556 5853.333  52.777778 38.095238  77.77778  8.888889 1150.0000  7103.704
[30,] 5783.333 4866.667 102.777778 17.460317  55.55556  4.444444  888.8889  7633.333
[31,] 6188.889 4662.222 150.000000  4.761905  66.66667  4.444444 1150.0000 12814.815
[32,] 5661.111 5804.444  52.777778 30.158730  11.11111  8.888889 1411.1111  7103.704
[33,] 5550.000 7866.667 105.555556 12.698413  33.33333  4.444444 1150.0000 16200.000
[34,] 7061.111 5804.444 100.000000  9.523810  55.55556  0.000000 1150.0000  9959.259
[35,] 5661.111 6724.444 102.777778 17.460317   0.00000  4.444444  888.8889  9429.630
[36,] 6005.556 5502.222 102.777778 17.460317  44.44444  0.000000  888.8889 13344.444
[37,] 6188.889 3440.000  58.333333 25.396825  44.44444  4.444444  888.8889 13344.444
[38,] 6005.556 6724.444   8.333333 12.698413  55.55556  0.000000 1150.0000  7103.704
[39,] 5022.222 5484.444 100.000000  4.761905  22.22222  0.000000 1411.1111  9959.259
[40,] 5477.778 2853.333  52.777778  0.000000  44.44444  4.444444 1150.0000  9959.259
[41,] 5661.111 6440.000  52.777778 30.158730  55.55556 13.333333 1150.0000  6574.074
[42,] 6005.556 5737.778  55.555556 47.619048  77.77778  8.888889 1150.0000  6044.444
[43,] 5783.333 4328.889   0.000000 17.460317  22.22222  8.888889 1411.1111 12814.815
[44,] 6188.889 5786.667   2.777778 12.698413  11.11111  4.444444 1150.0000 12814.815
[45,] 5022.222 6391.111 102.777778 17.460317  55.55556  8.888889 1150.0000  9429.630
[46,] 5772.222 5502.222   5.555556 22.222222  33.33333 17.777778 1150.0000 13344.444
[47,] 6188.889 4728.889 102.777778  0.000000  11.11111  4.444444 1150.0000 13344.444
[48,] 6127.778 4026.667   0.000000 17.460317  11.11111  0.000000 1150.0000  9429.630
[49,] 6422.222 5502.222   2.777778 17.460317  66.66667  0.000000 1150.0000  6574.074
[50,] 6300.000 6391.111  50.000000 30.158730  44.44444  0.000000  888.8889  9429.630
          [,9]     [,10]
 [1,] 51631.11  62888.89
 [2,] 54142.22 276029.63
 [3,] 44448.89  62888.89
 [4,] 69297.78 166814.81
 [5,] 56124.44 172103.70
 [6,] 59715.56 166814.81
 [7,] 40968.89  68177.78
 [8,] 52533.33 385244.44
 [9,] 33964.44  62888.89
[10,] 29360.00 166814.81
[11,] 58702.22  68177.78
[12,] 47093.33 172103.70
[13,] 26782.22 276029.63
[14,] 34866.67 166814.81
[15,] 39008.89  62888.89
[16,] 48040.00 276029.63
[17,] 37444.44 172103.70
[18,] 44448.89 281318.52
[19,] 22288.89 276029.63
[20,] 32840.00 172103.70
[21,] 63240.00 172103.70
[22,] 59648.89 177392.59
[23,] 23191.11 385244.44
[24,] 53546.67  68177.78
[25,] 52533.33  68177.78
[26,] 59648.89 276029.63
[27,] 41871.11  68177.78
[28,] 51631.11 172103.70
[29,] 48040.00 172103.70
[30,] 36431.11  68177.78
[31,] 47026.67 172103.70
[32,] 30262.22 177392.59
[33,] 48040.00  68177.78
[34,] 55155.56 276029.63
[35,] 52533.33 276029.63
[36,] 40968.89  57600.00
[37,] 25768.89 276029.63
[38,] 71324.44  73466.67
[39,] 62226.67  62888.89
[40,] 52533.33 177392.59
[41,] 49053.33  68177.78
[42,] 65706.67  73466.67
[43,] 47093.33  62888.89
[44,] 58635.56 172103.70
[45,] 52533.33 166814.81
[46,] 70311.11 172103.70
[47,] 28346.67  68177.78
[48,] 61213.33  68177.78
[49,] 31275.56 276029.63
[50,] 52533.33 385244.44

