$totdays
[1] 365

$Psampest
[1] 19.74375

$Pbootest
    Mean     2.5%      50%    97.5% 
23.69250  0.00000 19.74375 59.23125 

$Pboots
 [1] 59.23125 78.97500  0.00000 19.74375 19.74375 59.23125  0.00000 39.48750  0.00000
[10] 59.23125 19.74375  0.00000  0.00000  0.00000 59.23125  0.00000  0.00000  0.00000
[19]  0.00000  0.00000 39.48750 39.48750 39.48750  0.00000 39.48750 19.74375 39.48750
[28] 19.74375 19.74375 39.48750 19.74375 19.74375  0.00000  0.00000 59.23125 19.74375
[37]  0.00000 19.74375 19.74375 19.74375 19.74375 59.23125 19.74375 39.48750 39.48750
[46]  0.00000  0.00000 39.48750 19.74375 59.23125

$Bboots
 [1] 11.290667 15.054222  0.000000  3.763556  3.763556 11.290667  0.000000  7.527111
 [9]  0.000000 11.290667  3.763556  0.000000  0.000000  0.000000 11.290667  0.000000
[17]  0.000000  0.000000  0.000000  0.000000  7.527111  7.527111  7.527111  0.000000
[25]  7.527111  3.763556  7.527111  3.763556  3.763556  7.527111  3.763556  3.763556
[33]  0.000000  0.000000 11.290667  3.763556  0.000000  3.763556  3.763556  3.763556
[41]  3.763556 11.290667  3.763556  7.527111  7.527111  0.000000  0.000000  7.527111
[49]  3.763556 11.290667

$Nboots
 [1] 5.925926 7.901235 0.000000 1.975309 1.975309 5.925926 0.000000 3.950617 0.000000
[10] 5.925926 1.975309 0.000000 0.000000 0.000000 5.925926 0.000000 0.000000 0.000000
[19] 0.000000 0.000000 3.950617 3.950617 3.950617 0.000000 3.950617 1.975309 3.950617
[28] 1.975309 1.975309 3.950617 1.975309 1.975309 0.000000 0.000000 5.925926 1.975309
[37] 0.000000 1.975309 1.975309 1.975309 1.975309 5.925926 1.975309 3.950617 3.950617
[46] 0.000000 0.000000 3.950617 1.975309 5.925926

$julians
 [1] 2040 2085 2122 2143 2172 2232 2278 2333 2362 2399

$intdays
 [1] 45 37 21 29 60 46 55 29 37  6

$Pintsampest
 [1]  0.000000  0.000000  0.000000  0.000000 11.207946  8.535803  0.000000  0.000000
 [9]  0.000000  0.000000

$Pintboots
      [,1] [,2] [,3] [,4]     [,5]      [,6] [,7] [,8] [,9] [,10]
 [1,]    0    0    0    0 33.62384 25.607410    0    0    0     0
 [2,]    0    0    0    0 44.83178 34.143213    0    0    0     0
 [3,]    0    0    0    0  0.00000  0.000000    0    0    0     0
 [4,]    0    0    0    0 11.20795  8.535803    0    0    0     0
 [5,]    0    0    0    0 11.20795  8.535803    0    0    0     0
 [6,]    0    0    0    0 33.62384 25.607410    0    0    0     0
 [7,]    0    0    0    0  0.00000  0.000000    0    0    0     0
 [8,]    0    0    0    0 22.41589 17.071607    0    0    0     0
 [9,]    0    0    0    0  0.00000  0.000000    0    0    0     0
[10,]    0    0    0    0 33.62384 25.607410    0    0    0     0
[11,]    0    0    0    0 11.20795  8.535803    0    0    0     0
[12,]    0    0    0    0  0.00000  0.000000    0    0    0     0
[13,]    0    0    0    0  0.00000  0.000000    0    0    0     0
[14,]    0    0    0    0  0.00000  0.000000    0    0    0     0
[15,]    0    0    0    0 33.62384 25.607410    0    0    0     0
[16,]    0    0    0    0  0.00000  0.000000    0    0    0     0
[17,]    0    0    0    0  0.00000  0.000000    0    0    0     0
[18,]    0    0    0    0  0.00000  0.000000    0    0    0     0
[19,]    0    0    0    0  0.00000  0.000000    0    0    0     0
[20,]    0    0    0    0  0.00000  0.000000    0    0    0     0
[21,]    0    0    0    0 22.41589 17.071607    0    0    0     0
[22,]    0    0    0    0 22.41589 17.071607    0    0    0     0
[23,]    0    0    0    0 22.41589 17.071607    0    0    0     0
[24,]    0    0    0    0  0.00000  0.000000    0    0    0     0
[25,]    0    0    0    0 22.41589 17.071607    0    0    0     0
[26,]    0    0    0    0 11.20795  8.535803    0    0    0     0
[27,]    0    0    0    0 22.41589 17.071607    0    0    0     0
[28,]    0    0    0    0 11.20795  8.535803    0    0    0     0
[29,]    0    0    0    0 11.20795  8.535803    0    0    0     0
[30,]    0    0    0    0 22.41589 17.071607    0    0    0     0
[31,]    0    0    0    0 11.20795  8.535803    0    0    0     0
[32,]    0    0    0    0 11.20795  8.535803    0    0    0     0
[33,]    0    0    0    0  0.00000  0.000000    0    0    0     0
[34,]    0    0    0    0  0.00000  0.000000    0    0    0     0
[35,]    0    0    0    0 33.62384 25.607410    0    0    0     0
[36,]    0    0    0    0 11.20795  8.535803    0    0    0     0
[37,]    0    0    0    0  0.00000  0.000000    0    0    0     0
[38,]    0    0    0    0 11.20795  8.535803    0    0    0     0
[39,]    0    0    0    0 11.20795  8.535803    0    0    0     0
[40,]    0    0    0    0 11.20795  8.535803    0    0    0     0
[41,]    0    0    0    0 11.20795  8.535803    0    0    0     0
[42,]    0    0    0    0 33.62384 25.607410    0    0    0     0
[43,]    0    0    0    0 11.20795  8.535803    0    0    0     0
[44,]    0    0    0    0 22.41589 17.071607    0    0    0     0
[45,]    0    0    0    0 22.41589 17.071607    0    0    0     0
[46,]    0    0    0    0  0.00000  0.000000    0    0    0     0
[47,]    0    0    0    0  0.00000  0.000000    0    0    0     0
[48,]    0    0    0    0 22.41589 17.071607    0    0    0     0
[49,]    0    0    0    0 11.20795  8.535803    0    0    0     0
[50,]    0    0    0    0 33.62384 25.607410    0    0    0     0

$Bdatesampinfo
       DATE JULIAN N   Mean    Stdev
1  08/02/11   2040 4  0.000  0.00000
2  09/16/11   2085 5  0.000  0.00000
3  10/23/11   2122 4  0.000  0.00000
4  11/13/11   2143 7  0.000  0.00000
5  12/12/11   2172 4  0.000  0.00000
6  02/10/12   2232 5 33.872 75.74009
7  03/27/12   2278 2  0.000  0.00000
8  05/21/12   2333 3  0.000  0.00000
9  06/19/12   2362 5  0.000  0.00000
10 07/26/12   2399 3  0.000  0.00000

$Ndatesampinfo
       DATE JULIAN N     Mean    Stdev
1  08/02/11   2040 4  0.00000  0.00000
2  09/16/11   2085 5  0.00000  0.00000
3  10/23/11   2122 4  0.00000  0.00000
4  11/13/11   2143 7  0.00000  0.00000
5  12/12/11   2172 4  0.00000  0.00000
6  02/10/12   2232 5 17.77778 39.75232
7  03/27/12   2278 2  0.00000  0.00000
8  05/21/12   2333 3  0.00000  0.00000
9  06/19/12   2362 5  0.00000  0.00000
10 07/26/12   2399 3  0.00000  0.00000

$Bdateboots
      [,1] [,2] [,3] [,4] [,5]    [,6] [,7] [,8] [,9] [,10]
 [1,]    0    0    0    0    0 101.616    0    0    0     0
 [2,]    0    0    0    0    0 135.488    0    0    0     0
 [3,]    0    0    0    0    0   0.000    0    0    0     0
 [4,]    0    0    0    0    0  33.872    0    0    0     0
 [5,]    0    0    0    0    0  33.872    0    0    0     0
 [6,]    0    0    0    0    0 101.616    0    0    0     0
 [7,]    0    0    0    0    0   0.000    0    0    0     0
 [8,]    0    0    0    0    0  67.744    0    0    0     0
 [9,]    0    0    0    0    0   0.000    0    0    0     0
[10,]    0    0    0    0    0 101.616    0    0    0     0
[11,]    0    0    0    0    0  33.872    0    0    0     0
[12,]    0    0    0    0    0   0.000    0    0    0     0
[13,]    0    0    0    0    0   0.000    0    0    0     0
[14,]    0    0    0    0    0   0.000    0    0    0     0
[15,]    0    0    0    0    0 101.616    0    0    0     0
[16,]    0    0    0    0    0   0.000    0    0    0     0
[17,]    0    0    0    0    0   0.000    0    0    0     0
[18,]    0    0    0    0    0   0.000    0    0    0     0
[19,]    0    0    0    0    0   0.000    0    0    0     0
[20,]    0    0    0    0    0   0.000    0    0    0     0
[21,]    0    0    0    0    0  67.744    0    0    0     0
[22,]    0    0    0    0    0  67.744    0    0    0     0
[23,]    0    0    0    0    0  67.744    0    0    0     0
[24,]    0    0    0    0    0   0.000    0    0    0     0
[25,]    0    0    0    0    0  67.744    0    0    0     0
[26,]    0    0    0    0    0  33.872    0    0    0     0
[27,]    0    0    0    0    0  67.744    0    0    0     0
[28,]    0    0    0    0    0  33.872    0    0    0     0
[29,]    0    0    0    0    0  33.872    0    0    0     0
[30,]    0    0    0    0    0  67.744    0    0    0     0
[31,]    0    0    0    0    0  33.872    0    0    0     0
[32,]    0    0    0    0    0  33.872    0    0    0     0
[33,]    0    0    0    0    0   0.000    0    0    0     0
[34,]    0    0    0    0    0   0.000    0    0    0     0
[35,]    0    0    0    0    0 101.616    0    0    0     0
[36,]    0    0    0    0    0  33.872    0    0    0     0
[37,]    0    0    0    0    0   0.000    0    0    0     0
[38,]    0    0    0    0    0  33.872    0    0    0     0
[39,]    0    0    0    0    0  33.872    0    0    0     0
[40,]    0    0    0    0    0  33.872    0    0    0     0
[41,]    0    0    0    0    0  33.872    0    0    0     0
[42,]    0    0    0    0    0 101.616    0    0    0     0
[43,]    0    0    0    0    0  33.872    0    0    0     0
[44,]    0    0    0    0    0  67.744    0    0    0     0
[45,]    0    0    0    0    0  67.744    0    0    0     0
[46,]    0    0    0    0    0   0.000    0    0    0     0
[47,]    0    0    0    0    0   0.000    0    0    0     0
[48,]    0    0    0    0    0  67.744    0    0    0     0
[49,]    0    0    0    0    0  33.872    0    0    0     0
[50,]    0    0    0    0    0 101.616    0    0    0     0

$Ndateboots
      [,1] [,2] [,3] [,4] [,5]     [,6] [,7] [,8] [,9] [,10]
 [1,]    0    0    0    0    0 53.33333    0    0    0     0
 [2,]    0    0    0    0    0 71.11111    0    0    0     0
 [3,]    0    0    0    0    0  0.00000    0    0    0     0
 [4,]    0    0    0    0    0 17.77778    0    0    0     0
 [5,]    0    0    0    0    0 17.77778    0    0    0     0
 [6,]    0    0    0    0    0 53.33333    0    0    0     0
 [7,]    0    0    0    0    0  0.00000    0    0    0     0
 [8,]    0    0    0    0    0 35.55556    0    0    0     0
 [9,]    0    0    0    0    0  0.00000    0    0    0     0
[10,]    0    0    0    0    0 53.33333    0    0    0     0
[11,]    0    0    0    0    0 17.77778    0    0    0     0
[12,]    0    0    0    0    0  0.00000    0    0    0     0
[13,]    0    0    0    0    0  0.00000    0    0    0     0
[14,]    0    0    0    0    0  0.00000    0    0    0     0
[15,]    0    0    0    0    0 53.33333    0    0    0     0
[16,]    0    0    0    0    0  0.00000    0    0    0     0
[17,]    0    0    0    0    0  0.00000    0    0    0     0
[18,]    0    0    0    0    0  0.00000    0    0    0     0
[19,]    0    0    0    0    0  0.00000    0    0    0     0
[20,]    0    0    0    0    0  0.00000    0    0    0     0
[21,]    0    0    0    0    0 35.55556    0    0    0     0
[22,]    0    0    0    0    0 35.55556    0    0    0     0
[23,]    0    0    0    0    0 35.55556    0    0    0     0
[24,]    0    0    0    0    0  0.00000    0    0    0     0
[25,]    0    0    0    0    0 35.55556    0    0    0     0
[26,]    0    0    0    0    0 17.77778    0    0    0     0
[27,]    0    0    0    0    0 35.55556    0    0    0     0
[28,]    0    0    0    0    0 17.77778    0    0    0     0
[29,]    0    0    0    0    0 17.77778    0    0    0     0
[30,]    0    0    0    0    0 35.55556    0    0    0     0
[31,]    0    0    0    0    0 17.77778    0    0    0     0
[32,]    0    0    0    0    0 17.77778    0    0    0     0
[33,]    0    0    0    0    0  0.00000    0    0    0     0
[34,]    0    0    0    0    0  0.00000    0    0    0     0
[35,]    0    0    0    0    0 53.33333    0    0    0     0
[36,]    0    0    0    0    0 17.77778    0    0    0     0
[37,]    0    0    0    0    0  0.00000    0    0    0     0
[38,]    0    0    0    0    0 17.77778    0    0    0     0
[39,]    0    0    0    0    0 17.77778    0    0    0     0
[40,]    0    0    0    0    0 17.77778    0    0    0     0
[41,]    0    0    0    0    0 17.77778    0    0    0     0
[42,]    0    0    0    0    0 53.33333    0    0    0     0
[43,]    0    0    0    0    0 17.77778    0    0    0     0
[44,]    0    0    0    0    0 35.55556    0    0    0     0
[45,]    0    0    0    0    0 35.55556    0    0    0     0
[46,]    0    0    0    0    0  0.00000    0    0    0     0
[47,]    0    0    0    0    0  0.00000    0    0    0     0
[48,]    0    0    0    0    0 35.55556    0    0    0     0
[49,]    0    0    0    0    0 17.77778    0    0    0     0
[50,]    0    0    0    0    0 53.33333    0    0    0     0

