$totdays
[1] 365

$Psampest
[1] 3988.059

$Pbootest
    Mean     2.5%      50%    97.5% 
4039.281 3084.235 4097.819 4774.339 

$Pboots
 [1] 3902.527 4241.957 4105.756 3426.549 4141.683 3142.947 2777.123 4768.391 4089.573
[10] 4087.830 4530.235 3335.462 4309.174 4104.418 4313.785 3937.892 3073.294 4371.291
[19] 3954.696 4729.590 4000.622 4328.567 4743.789 4013.202 4894.757 4584.955 3892.481
[28] 4352.194 4522.894 4607.580 4150.067 3930.966 4356.010 3828.530 3900.396 3747.171
[37] 4320.916 3121.922 4223.741 3415.146 4142.373 4514.194 4776.066 3474.568 3454.751
[46] 3662.908 4091.221 3460.304 3915.253 4192.341

$Bboots
 [1] 59.33766 64.88362 54.10095 43.95990 47.31879 39.85563 36.15818 59.01161 47.51608
[10] 51.55515 60.46791 51.66322 58.11628 64.00985 57.20890 46.67063 45.51691 49.53842
[19] 42.64119 63.28741 51.69396 64.63086 66.00263 70.56580 53.80360 66.64804 52.66867
[28] 57.10027 65.29963 57.87247 65.88477 56.94570 59.37462 45.79192 45.35782 49.29422
[37] 57.03119 39.21541 61.89283 37.01710 68.79937 60.03643 60.48543 40.19118 40.50853
[46] 51.17586 48.70085 52.09618 53.08511 64.56803

$Nboots
 [1] 212.8513 216.9048 215.8113 178.4421 220.1058 158.5949 146.3228 259.7795 234.8325
[10] 234.8795 224.8530 169.2122 220.4850 219.6238 209.5914 196.9959 161.0406 224.0858
[19] 200.7055 220.7084 214.4474 243.0835 254.9089 212.8601 238.9712 237.4633 192.4427
[28] 223.8801 250.2969 238.2804 212.3663 207.4574 237.9630 201.0406 202.7925 214.8354
[37] 230.7407 177.1781 242.4309 184.6032 220.9524 231.7166 238.0805 201.5344 196.4521
[46] 201.5079 212.8954 179.7325 191.0670 231.7313

$julians
 [1] 2040 2085 2122 2143 2172 2232 2278 2333 2362 2399

$intdays
 [1] 45 37 21 29 60 46 55 29 37  6

$Pintsampest
 [1]   95.93326   90.37052   21.53458   16.70100   56.30964  216.51662 1364.95495
 [8] 1754.52246  337.72233   33.49403

$Pintboots
           [,1]      [,2]     [,3]     [,4]      [,5]      [,6]      [,7]     [,8]
 [1,]  95.93326  71.77994 12.08426 10.06239  21.65167 199.94403 1491.9421 1836.237
 [2,] 191.86652 135.85877 23.82725 20.71153  69.55969 223.71903 1378.5777 1752.283
 [3,]  95.93326  73.74544 15.35072 18.42716  83.09953 228.40412 1364.9549 1787.973
 [4,]   0.00000  27.05408 15.36838 16.00638  52.37297 214.37674 1124.6034 1435.188
 [5,]  95.93326  89.98932 26.19238 21.72699  39.58407 209.69165 1351.3322 1839.090
 [6,]  95.93326  75.32975 18.54807 19.91567  69.61100 112.51287  977.9052 1401.975
 [7,]   0.00000  43.67916 16.66812 11.55935  43.29282  95.94027  977.9052 1379.754
 [8,] 287.79977 181.78774 20.02818 15.83969  43.81053 320.54826 1625.0176 1909.813
 [9,]  95.93326 106.99559 27.18841 17.00937  56.31491 327.34535 1498.0304 1723.312
[10,] 287.79977 168.71247 17.25651 17.25392  46.18875 323.06559 1511.6531 1649.973
[11,] 191.86652 137.44308 20.37366 14.41266  50.87636 213.97141 1364.9549 1814.867
[12,]  95.93326 122.03636 31.02418 15.05385  65.67959 109.96765 1104.8923 1494.682
[13,]  95.93326  88.02382 22.06575 21.12792  61.23048 216.51662 1364.9549 1859.309
[14,]   0.00000  60.68543 28.28344 20.88618  31.49334 199.94403 1491.9421 1929.558
[15,]  95.93326  73.74544 16.71354 20.44772  34.67907  90.84985 1331.6212 2003.134
[16,] 191.86652 153.68695 31.18794 22.93923  22.63584  86.57009 1204.6340 1734.541
[17,]  95.93326  72.16114 15.74594 17.37118  29.75824  90.84985 1104.8923 1483.690
[18,]  95.93326  89.16741 24.25486 18.89855  25.58308 202.48924 1351.3322 1850.319
[19,] 287.79977 166.36577 18.16845 20.54525  47.69063 100.59747 1204.6340 1767.991
[20,]  95.93326  88.40502 19.99404 15.78907  61.74292 107.82778 1331.6212 2085.699
[21,] 191.86652 122.02111 14.59240 15.75099  76.91531 225.85891 1364.9549 1743.530
[22,]   0.00000  43.29796 23.64340 20.02132  29.75824 313.31796 1638.6403 1963.008
[23,]  95.93326  72.54234 12.83171 15.30371  65.16714 329.89056 1638.6403 2045.337
[24,]   0.00000  42.47605 17.99938 12.07090  60.24631 218.65650 1505.5648 1867.211
[25,] 287.79977 168.71247 14.24578 13.91035  74.24730 225.85891 1351.3322 1910.663
[26,] 191.86652 135.09638 19.49815 14.30702 125.10255 254.31901 1491.9421 1952.016
[27,]  95.93326  73.74544 18.00510 17.46871  55.32547 107.42244 1218.2568 1814.867
[28,]  95.93326 107.37679 28.19570 19.63585  73.02995 223.74692 1364.9549 1859.309
[29,]  95.93326  91.95482 21.69678 18.58342  61.23048 327.75068 1638.6403 1963.008
[30,] 191.86652 118.85250 15.29392 19.14796  78.41719 225.85891 1478.3194 1981.149
[31,]   0.00000  75.34500 29.75028 15.61208  53.36240 211.83153 1378.5777 1857.070
[32,]   0.00000  58.71993 27.55623 15.91279  51.39407 216.11129 1364.9549 1743.294
[33,]   0.00000  60.30423 31.56870 25.57732  43.29808 318.00305 1511.6531 1837.088
[34,]  95.93326  88.40502 18.16272 15.52086  53.36240 211.83153 1237.9678 1661.579
[35,]  95.93326  90.75172 23.46915 17.30202  17.71501 197.80415 1237.9678 1661.815
[36,] 191.86652 118.85250 12.17104 14.51787  48.72610 320.95360 1398.2887 1516.903
[37,]  95.93326 106.99559 28.52383 18.61591  74.24203 226.26424 1478.3194 1920.805
[38,]  95.93326  74.12664 18.58776 23.03282 100.28625 237.74641 1124.6034 1330.402
[39,]  95.93326 108.96110 30.53287 20.22245  29.00730 313.31796 1638.6403 1869.451
[40,] 191.86652 135.85877 19.37867 11.66893  34.20209  95.94027 1204.6340 1640.983
[41,]  95.93326  75.71095 15.67771 17.53982  82.34859 228.40412 1505.5648 1927.556
[42,]   0.00000  43.67916 21.53458 16.32758  59.49537 218.65650 1478.3194 2014.363
[43,] 287.79977 200.37832 25.86946 17.12740  91.71855 233.08921 1364.9549 1930.409
[44,]   0.00000  25.46978 20.16037 24.28961  60.99725 218.65650 1351.3322 1663.204
[45,]   0.00000  27.05408 13.24404 10.40977  29.51975 204.62912 1351.3322 1640.983
[46,]   0.00000  27.05408 15.87102 14.67806  74.00880 228.40412 1364.9549 1694.178
[47,]   0.00000  47.22897 21.00758 14.48931  31.25485 202.48924 1351.3322 1805.877
[48,]   0.00000  58.71993 27.96439 16.14451  72.51219 116.76474 1218.2568 1660.965
[49,]  95.93326  75.32975 15.95522 13.99787  30.27069  93.39506 1218.2568 1836.851
[50,]  95.93326  90.37052 26.70379 26.43862  34.67381 313.72329 1525.2759 1752.283
           [,9]     [,10]
 [1,] 144.43716 18.454952
 [2,] 399.99731 45.556131
 [3,] 399.56272 38.305690
 [4,] 502.48128 39.096923
 [5,] 427.65143 40.491209
 [6,] 337.72233 33.494031
 [7,] 193.28517 15.039078
 [8,] 317.40054 46.346090
 [9,] 213.60696 23.836897
[10,]  41.08109 24.846304
[11,] 655.99497 65.474725
[12,] 268.11502 28.078045
[13,] 531.44501 48.567150
[14,] 316.96303 24.662171
[15,] 593.28249 53.378583
[16,] 441.07840 48.752557
[17,] 144.43716 18.454952
[18,] 655.12287 58.190243
[19,] 296.20664 44.697042
[20,] 849.28014 73.297178
[21,] 214.04447 31.087564
[22,] 275.44735 21.431930
[23,] 427.65143 40.491209
[24,] 268.11502 20.861419
[25,] 766.68337 81.303763
[26,] 358.48163 42.325890
[27,] 449.28283 42.174299
[28,] 531.44501 48.567150
[29,] 275.44735 28.648556
[30,] 449.28283 49.390925
[31,] 490.36392 38.154099
[32,] 420.31911 32.704071
[33,] 490.36392 38.154099
[34,] 406.89213 38.875975
[35,] 510.68571 46.951917
[36,] 102.48397 22.407296
[37,] 337.72233 33.494031
[38,] 102.04646 15.156629
[39,] 102.48397 15.190670
[40,]  61.40288 19.210870
[41,] 172.96338 20.674512
[42,] 614.04178 47.777191
[43,] 559.53372 65.185921
[44,] 102.48397  7.974044
[45,] 164.75895 12.819518
[46,] 226.16183 17.597136
[47,] 572.96069 44.580765
[48,] 268.11502 20.861419
[49,] 489.92641 45.336683
[50,] 296.64124 30.297605

$Bdatesampinfo
       DATE JULIAN N       Mean      Stdev
1  08/02/11   2040 4   0.000000   0.000000
2  09/16/11   2085 5   5.557609  12.427192
3  10/23/11   2122 4  20.091704  15.927928
4  11/13/11   2143 7   4.604340   6.623074
5  12/12/11   2172 4   5.921857   4.613672
6  02/10/12   2232 5  12.849329  14.295543
7  03/27/12   2278 2  52.016702  31.980421
8  05/21/12   2333 3 335.877593 144.567862
9  06/19/12   2362 5  30.862921  49.959166
10 07/26/12   2399 3  40.606979  70.333350

$Ndatesampinfo
       DATE JULIAN N        Mean      Stdev
1  08/02/11   2040 4    0.000000   0.000000
2  09/16/11   2085 5   48.888889 109.318879
3  10/23/11   2122 4   30.555556  24.637286
4  11/13/11   2143 7   20.634921  21.686668
5  12/12/11   2172 4    8.333333   5.555556
6  02/10/12   2232 5   28.888889  35.659570
7  03/27/12   2278 2  388.888889 298.556197
8  05/21/12   2333 3 1274.074074 238.393112
9  06/19/12   2362 5   91.111111 140.193869
10 07/26/12   2399 3   29.629630  51.320024

$Bdateboots
      [,1]      [,2]      [,3]      [,4]     [,5]      [,6]     [,7]     [,8]      [,9]
 [1,]    0  5.557609 15.390905 2.5865366 4.792003  5.750404 52.01670 425.1348  2.506546
 [2,]    0 11.115218 11.958489 5.0956263 5.921857 16.887214 52.01670 411.9941 28.356375
 [3,]    0  5.557609 11.266398 3.9263391 8.317859 18.417734 52.01670 335.8776 31.224791
 [4,]    0  0.000000 11.266398 3.3941879 5.921857 10.932527 52.01670 233.4798 38.020690
 [5,]    0  5.557609 26.220565 8.8998254 4.792003  9.402008 52.01670 259.7611 59.219296
 [6,]    0  5.557609 13.270752 5.9075606 5.921857 13.993566 29.40313 233.4798 30.862921
 [7,]    0  0.000000 20.091704 0.1463276 7.051711  6.894642 29.40313 233.4798 28.356375
 [8,]    0 16.672828 24.216211 4.0522842 7.188005  8.811443 74.63027 349.0182 26.211699
 [9,]    0  5.557609 28.917010 3.4307698 7.188005 15.152412 74.63027 259.7611 33.007597
[10,]    0 16.672828 13.270752 6.3299661 3.389561 11.318809 74.63027 335.8776  2.506546
[11,]    0 11.115218 13.962843 5.0267455 4.655709 13.235610 52.01670 335.8776 47.410305
[12,]    0  5.557609 35.737962 2.2007130 7.188005 14.379848 29.40313 322.7369  7.157769
[13,]    0  5.557609 30.345072 5.3555048 8.317859 12.849329 52.01670 335.8776 52.423397
[14,]    0  0.000000 22.788149 7.5035363 9.584007  5.750404 52.01670 425.1348 33.007597
[15,]    0  5.557609 11.266398 6.3299661 8.317859  7.667205 29.40313 349.0182 56.712750
[16,]    0 11.115218 28.917010 8.3477696 7.188005  3.833603 29.40313 259.7611 30.862921
[17,]    0  5.557609  9.262044 6.2933842 5.921857  7.667205 29.40313 322.7369  2.506546
[18,]    0  5.557609 11.958489 9.9803272 3.525855  5.364122 52.01670 259.7611 57.074620
[19,]    0 16.672828 23.524120 5.9441426 5.921857 11.318809 29.40313 259.7611 31.224791
[20,]    0  5.557609 24.216211 5.0633274 7.188005 12.463047 29.40313 349.0182 75.766680
[21,]    0 11.115218 13.270752 2.1641311 5.785563 18.804015 52.01670 335.8776 26.211699
[22,]    0  0.000000 26.220565 8.7335931 5.921857  7.667205 74.63027 425.1348 33.369467
[23,]    0  5.557609  3.133183 3.2645375 8.317859 14.766130 74.63027 425.1348 59.219296
[24,]    0  0.000000 11.958489 1.4129663 5.921857 14.766130 52.01670 501.2513  7.157769
[25,]    0 16.672828 13.270752 2.2900762 7.188005 18.804015 52.01670 259.7611 73.622004
[26,]    0 11.115218 24.216211 2.2007130 4.655709 31.471345 52.01670 425.1348 28.718245
[27,]    0  5.557609 11.266398 5.9075606 3.525855 14.766130 29.40313 335.8776 47.410305
[28,]    0  5.557609 22.788149 5.1563959 5.785563 13.993566 52.01670 335.8776 52.423397
[29,]    0  5.557609 22.096058 5.7413283 8.317859 12.849329 74.63027 425.1348 33.369467
[30,]    0 11.115218  9.262044 4.6043400 8.317859 18.804015 52.01670 349.0182 47.410305
[31,]    0  0.000000 35.737962 2.0909673 9.584007 11.318809 52.01670 411.9941 49.916851
[32,]    0  0.000000 26.912656 4.1453527 4.792003 15.152412 52.01670 335.8776 33.007597
[33,]    0  0.000000 28.917010 7.2107813 8.317859  9.197725 74.63027 335.8776 49.916851
[34,]    0  5.557609 24.216211 1.4495482 9.584007 11.318809 52.01670 246.6204 61.363972
[35,]    0  5.557609 13.962843 6.5656569 4.792003  3.833603 52.01670 246.6204 54.568074
[36,]    0 11.115218  9.262044 1.4129663 8.317859  6.508360 74.63027 322.7369  9.664315
[37,]    0  5.557609 28.917010 4.1819346 5.921857 16.500932 52.01670 349.0182 30.862921
[38,]    0  5.557609  5.137537 7.5966048 8.317859 24.372420 52.01670 233.4798 16.460213
[39,]    0  5.557609 24.792503 4.9330993 4.655709  7.667205 74.63027 425.1348  9.664315
[40,]    0 11.115218 11.958489 3.3377013 3.525855  6.894642 29.40313 259.7611  7.157769
[41,]    0  5.557609  7.141890 4.0522842 7.051711 18.417734 52.01670 501.2513 23.705152
[42,]    0  0.000000 20.091704 4.6043400 4.655709 14.766130 52.01670 349.0182 54.568074
[43,]    0 16.672828 28.917010 2.2007130 8.317859 19.948253 52.01670 335.8776 80.417902
[44,]    0  0.000000  9.262044 9.0623524 7.188005 14.766130 52.01670 259.7611  9.664315
[45,]    0  0.000000 11.266398 3.2645375 3.525855  7.280924 52.01670 259.7611  7.157769
[46,]    0  0.000000 11.266398 3.5932968 4.792003 18.417734 52.01670 335.8776 14.315537
[47,]    0  0.000000 17.971550 3.3377013 7.188005  5.364122 52.01670 259.7611 52.061527
[48,]    0  0.000000 26.912656 4.6608266 3.525855 20.720817 29.40313 335.8776  7.157769
[49,]    0  5.557609 13.270752 4.5677581 4.792003  7.280924 29.40313 335.8776 56.712750
[50,]    0  5.557609 20.091704 7.7628371 7.051711  5.364122 74.63027 411.9941 28.356375
          [,10]
 [1,]  40.60698
 [2,]  81.21396
 [3,]  40.60698
 [4,]  81.21396
 [5,]   0.00000
 [6,]  40.60698
 [7,]   0.00000
 [8,]  40.60698
 [9,]   0.00000
[10,]   0.00000
[11,] 121.82094
[12,]  81.21396
[13,]  40.60698
[14,]  40.60698
[15,]  81.21396
[16,]  81.21396
[17,]  40.60698
[18,]  81.21396
[19,]   0.00000
[20,] 121.82094
[21,]   0.00000
[22,]   0.00000
[23,]   0.00000
[24,]  81.21396
[25,]  81.21396
[26,]  40.60698
[27,]  40.60698
[28,]  40.60698
[29,]   0.00000
[30,]  40.60698
[31,]  40.60698
[32,]  81.21396
[33,]  40.60698
[34,]   0.00000
[35,]  40.60698
[36,]   0.00000
[37,]  40.60698
[38,]   0.00000
[39,]   0.00000
[40,]   0.00000
[41,]   0.00000
[42,]  81.21396
[43,]   0.00000
[44,]   0.00000
[45,]  40.60698
[46,]  40.60698
[47,]  81.21396
[48,]  81.21396
[49,]  40.60698
[50,]  40.60698

$Ndateboots
      [,1]      [,2]     [,3]      [,4]      [,5]      [,6]     [,7]     [,8]      [,9]
 [1,]    0  48.88889 16.66667 12.698413  5.555556  6.666667 388.8889 1403.704  17.77778
 [2,]    0  97.77778 33.33333 23.809524  8.333333 37.777778 388.8889 1259.259  73.33333
 [3,]    0  48.88889 19.44444 20.634921 11.111111 44.444444 388.8889 1274.074 120.00000
 [4,]    0   0.00000 19.44444 17.460317  8.333333 26.666667 388.8889 1000.000 115.55556
 [5,]    0  48.88889 27.77778 36.507937  5.555556 20.000000 388.8889 1288.889 164.44444
 [6,]    0  48.88889 19.44444 26.984127  8.333333 40.000000 177.7778 1000.000  91.11111
 [7,]    0   0.00000 30.55556  6.349206 11.111111 17.777778 177.7778 1000.000  73.33333
 [8,]    0 146.66667 27.77778 17.460317  8.333333 20.000000 600.0000 1418.519  84.44444
 [9,]    0  48.88889 41.66667 19.047619  8.333333 26.666667 600.0000 1288.889  80.00000
[10,]    0 146.66667 19.44444 25.396825  8.333333 22.222222 600.0000 1274.074  17.77778
[11,]    0  97.77778 33.33333 19.047619  8.333333 24.444444 388.8889 1274.074 133.33333
[12,]    0  48.88889 52.77778 15.873016  8.333333 35.555556 177.7778 1129.630  24.44444
[13,]    0  48.88889 25.00000 23.809524 11.111111 28.888889 388.8889 1274.074 168.88889
[14,]    0   0.00000 44.44444 26.984127 11.111111  6.666667 388.8889 1403.704  80.00000
[15,]    0  48.88889 19.44444 25.396825 11.111111  8.888889 177.7778 1418.519 146.66667
[16,]    0  97.77778 41.66667 33.333333  8.333333  4.444444 177.7778 1288.889  91.11111
[17,]    0  48.88889 19.44444 23.809524  8.333333  8.888889 177.7778 1129.630  17.77778
[18,]    0  48.88889 33.33333 34.920635  5.555556 11.111111 388.8889 1288.889 175.55556
[19,]    0 146.66667 13.88889 28.571429  8.333333 22.222222 177.7778 1288.889 120.00000
[20,]    0  48.88889 27.77778 20.634921  8.333333 33.333333 177.7778 1418.519 206.66667
[21,]    0  97.77778 19.44444 14.285714 11.111111 40.000000 388.8889 1274.074  84.44444
[22,]    0   0.00000 27.77778 30.158730  8.333333  8.888889 600.0000 1403.704 108.88889
[23,]    0  48.88889 22.22222 12.698413 11.111111 31.111111 600.0000 1403.704 164.44444
[24,]    0   0.00000 33.33333 11.111111  8.333333 31.111111 388.8889 1388.889  24.44444
[25,]    0 146.66667 19.44444 11.111111  8.333333 40.000000 388.8889 1288.889 217.77778
[26,]    0  97.77778 27.77778 15.873016  8.333333 77.777778 388.8889 1403.704 102.22222
[27,]    0  48.88889 19.44444 26.984127  5.555556 31.111111 177.7778 1274.074 133.33333
[28,]    0  48.88889 44.44444 23.809524 11.111111 40.000000 388.8889 1274.074 168.88889
[29,]    0  48.88889 30.55556 20.634921 11.111111 28.888889 600.0000 1403.704 108.88889
[30,]    0  97.77778 19.44444 20.634921 11.111111 40.000000 388.8889 1418.519 133.33333
[31,]    0   0.00000 52.77778 11.111111 11.111111 22.222222 388.8889 1259.259 151.11111
[32,]    0   0.00000 41.66667 20.634921  5.555556 26.666667 388.8889 1274.074  80.00000
[33,]    0   0.00000 41.66667 33.333333 11.111111 15.555556 600.0000 1274.074 151.11111
[34,]    0  48.88889 27.77778 12.698413 11.111111 22.222222 388.8889 1144.444 153.33333
[35,]    0  48.88889 33.33333 26.984127  5.555556  4.444444 388.8889 1144.444 157.77778
[36,]    0  97.77778 19.44444 11.111111 11.111111 22.222222 600.0000 1129.630  42.22222
[37,]    0  48.88889 41.66667 22.222222  8.333333 42.222222 388.8889 1418.519  91.11111
[38,]    0  48.88889 22.22222 30.158730 11.111111 55.555556 388.8889 1000.000  37.77778
[39,]    0  48.88889 44.44444 25.396825  8.333333  8.888889 600.0000 1403.704  42.22222
[40,]    0  97.77778 33.33333 15.873016  5.555556 17.777778 177.7778 1288.889  24.44444
[41,]    0  48.88889 22.22222 17.460317 11.111111 44.444444 388.8889 1388.889  66.66667
[42,]    0   0.00000 30.55556 20.634921  8.333333 31.111111 388.8889 1418.519 157.77778
[43,]    0 146.66667 41.66667 15.873016 11.111111 51.111111 388.8889 1274.074 213.33333
[44,]    0   0.00000 19.44444 34.920635  8.333333 31.111111 388.8889 1288.889  42.22222
[45,]    0   0.00000 19.44444 12.698413  5.555556 13.333333 388.8889 1288.889  24.44444
[46,]    0   0.00000 19.44444 17.460317  5.555556 44.444444 388.8889 1274.074  48.88889
[47,]    0   0.00000 33.33333 15.873016  8.333333 11.111111 388.8889 1288.889 140.00000
[48,]    0   0.00000 41.66667 22.222222  5.555556 42.222222 177.7778 1274.074  24.44444
[49,]    0  48.88889 19.44444 19.047619  5.555556 13.333333 177.7778 1274.074 146.66667
[50,]    0  48.88889 30.55556 36.507937 11.111111 11.111111 600.0000 1259.259  73.33333
         [,10]
 [1,] 29.62963
 [2,] 59.25926
 [3,] 29.62963
 [4,] 59.25926
 [5,]  0.00000
 [6,] 29.62963
 [7,]  0.00000
 [8,] 29.62963
 [9,]  0.00000
[10,]  0.00000
[11,] 88.88889
[12,] 59.25926
[13,] 29.62963
[14,] 29.62963
[15,] 59.25926
[16,] 59.25926
[17,] 29.62963
[18,] 59.25926
[19,]  0.00000
[20,] 88.88889
[21,]  0.00000
[22,]  0.00000
[23,]  0.00000
[24,] 59.25926
[25,] 59.25926
[26,] 29.62963
[27,] 29.62963
[28,] 29.62963
[29,]  0.00000
[30,] 29.62963
[31,] 29.62963
[32,] 59.25926
[33,] 29.62963
[34,]  0.00000
[35,] 29.62963
[36,]  0.00000
[37,] 29.62963
[38,]  0.00000
[39,]  0.00000
[40,]  0.00000
[41,]  0.00000
[42,] 59.25926
[43,]  0.00000
[44,]  0.00000
[45,] 29.62963
[46,] 29.62963
[47,] 59.25926
[48,] 59.25926
[49,] 29.62963
[50,] 29.62963

