$totdays
[1] 365

$Psampest
[1] 2.187845

$Pbootest
    Mean     2.5%      50%    97.5% 
2.171453 1.178331 2.102035 3.594285 

$Pboots
 [1] 2.1250912 2.8604576 2.5717984 3.1881112 2.4656159 1.5419799 3.3729666 2.2374495
 [9] 1.5033393 4.3078914 2.5359639 2.1414143 1.3447412 2.0789782 2.4384696 1.5748857
[17] 2.3043542 2.9825209 3.2656534 1.3632253 1.6256803 2.4863143 2.4372736 2.1647128
[25] 1.7721244 1.4843765 1.9104594 2.7948143 1.6884842 0.8916888 2.6015562 2.6122782
[33] 1.4063655 2.0789274 2.0513776 1.1435034 2.4900773 1.2982921 1.8586252 2.2507888
[41] 1.6553461 1.7749820 2.8133222 1.6324891 1.9474425 1.6774755 1.3408411 3.6585381
[49] 3.1561267 1.6634760

$Bboots
 [1] 0.6932848 1.0207171 0.8389738 1.0206024 0.8367603 0.5393767 1.1236836 0.7984943
 [9] 0.5229595 1.4482213 0.8647978 0.7643131 0.4925794 0.7656265 0.8679504 0.5235668
[17] 0.7307776 1.0085351 1.1542217 0.4440068 0.5381209 0.9083653 0.7736375 0.6125131
[25] 0.5703641 0.4704774 0.6555048 0.9595608 0.5639490 0.3040988 0.8897628 0.8415321
[33] 0.4827959 0.6946907 0.7066562 0.3881090 0.8038377 0.4265641 0.6889561 0.7411817
[41] 0.5340086 0.5823700 1.0407052 0.5924661 0.6478607 0.5891893 0.4284079 1.3161559
[49] 1.0713481 0.5706327

$Nboots
 [1] 10.811287 23.112875 26.948854 13.897707 13.474427 16.719577 15.246914 20.158730
 [9] 16.984127 34.620811 28.148148 26.560847 16.190476 20.864198 20.776014 16.040564
[17] 18.668430 45.123457 16.225750 14.320988 23.941799 21.216931 18.315697 16.649030
[25] 16.569665 22.354497 33.121693 14.268078  8.333333 21.093474 35.502646 11.781305
[33] 16.613757 27.054674 25.837743 29.611993 11.869489  6.772487 17.777778 10.299824
[41] 17.275132  8.818342 38.430335 10.405644 18.377425  8.818342 15.776014 18.368607
[49] 31.481481 24.250441

$julians
 [1] 2040 2085 2122 2143 2172 2232 2278 2333 2362 2399

$intdays
 [1] 45 37 21 29 60 46 55 29 37  6

$Pintsampest
 [1] 0.000000000 0.847731729 0.684049563 0.340203081 0.198034729 0.067031226 0.000000000
 [8] 0.021262339 0.027318880 0.002213323

$Pintboots
      [,1]      [,2]      [,3]       [,4]       [,5]       [,6] [,7]       [,8]
 [1,]    0 1.0832328 0.6604522 0.07131282 0.17603087 0.13406245    0 0.00000000
 [2,]    0 1.0832328 1.0093799 0.60703103 0.11001929 0.00000000    0 0.02126234
 [3,]    0 0.9669881 0.7510833 0.28699796 0.26404631 0.20109368    0 0.04252468
 [4,]    0 1.5666764 0.9243826 0.16692028 0.39606946 0.13406245    0 0.00000000
 [5,]    0 0.7379050 0.7637023 0.58892333 0.30805402 0.06703123    0 0.00000000
 [6,]    0 0.8477317 0.5465694 0.09688423 0.00000000 0.00000000    0 0.02126234
 [7,]    0 1.2024892 1.0394299 0.55588822 0.37406560 0.20109368    0 0.00000000
 [8,]    0 1.0832328 0.8164242 0.28699796 0.00000000 0.00000000    0 0.02126234
 [9,]    0 0.8571614 0.5294719 0.06591143 0.00000000 0.00000000    0 0.02126234
[10,]    0 1.3311753 1.3086258 0.88132268 0.48408489 0.20109368    0 0.04252468
[11,]    0 0.9764178 0.7933674 0.44455102 0.22003859 0.00000000    0 0.04252468
[12,]    0 0.9669881 0.7656692 0.30716797 0.00000000 0.00000000    0 0.04252468
[13,]    0 0.4835446 0.4978327 0.31256937 0.00000000 0.00000000    0 0.02126234
[14,]    0 0.7379050 0.7821942 0.50808449 0.00000000 0.00000000    0 0.02126234
[15,]    0 1.2119189 0.8887583 0.28699796 0.00000000 0.00000000    0 0.02126234
[16,]    0 0.4835446 0.4608490 0.31463167 0.19803473 0.06703123    0 0.02126234
[17,]    0 1.0832328 0.6458663 0.10434794 0.28605016 0.13406245    0 0.02126234
[18,]    0 1.2024892 0.9204416 0.39134589 0.19803473 0.06703123    0 0.08504935
[19,]    0 1.8021775 1.2020493 0.26142655 0.00000000 0.00000000    0 0.00000000
[20,]    0 0.7409166 0.4164674 0.00000000 0.08801544 0.06703123    0 0.02126234
[21,]    0 0.4835446 0.4608490 0.31463167 0.19803473 0.06703123    0 0.04252468
[22,]    0 0.9764178 0.9308475 0.52825450 0.00000000 0.00000000    0 0.02126234
[23,]    0 1.2024892 0.6905021 0.07337513 0.28605016 0.13406245    0 0.02126234
[24,]    0 0.7190457 0.4226657 0.13198165 0.57210033 0.26812491    0 0.02126234
[25,]    0 0.8477317 0.5095857 0.09894654 0.19803473 0.06703123    0 0.02126234
[26,]    0 0.6028010 0.3904026 0.12451795 0.19803473 0.06703123    0 0.04252468
[27,]    0 0.7096161 0.6064151 0.28699796 0.08801544 0.06703123    0 0.06378702
[28,]    0 0.8477317 0.8915912 0.68040616 0.30805402 0.06703123    0 0.00000000
[29,]    0 0.9764178 0.5488420 0.05320512 0.11001929 0.00000000    0 0.00000000
[30,]    0 0.4835446 0.2863851 0.02017001 0.00000000 0.00000000    0 0.04252468
[31,]    0 1.2024892 0.8503801 0.24125654 0.08801544 0.06703123    0 0.06378702
[32,]    0 0.9764178 0.7378918 0.36783680 0.39606946 0.13406245    0 0.00000000
[33,]    0 0.5024039 0.4568639 0.24125654 0.08801544 0.06703123    0 0.02126234
[34,]    0 0.7284753 0.6316017 0.30716797 0.17603087 0.13406245    0 0.04252468
[35,]    0 0.8383021 0.6748432 0.28159656 0.08801544 0.06703123    0 0.04252468
[36,]    0 0.6122306 0.3587192 0.02017001 0.00000000 0.00000000    0 0.06378702
[37,]    0 0.8477317 0.6986354 0.41357821 0.39606946 0.13406245    0 0.00000000
[38,]    0 0.7096161 0.4134593 0.02017001 0.08801544 0.06703123    0 0.00000000
[39,]    0 0.6028010 0.7023466 0.50268309 0.00000000 0.00000000    0 0.02126234
[40,]    0 0.8383021 0.6641633 0.37323819 0.30805402 0.06703123    0 0.00000000
[41,]    0 0.7284753 0.4717237 0.13928656 0.19803473 0.06703123    0 0.02126234
[42,]    0 0.8383021 0.5295511 0.18709029 0.22003859 0.00000000    0 0.00000000
[43,]    0 0.8383021 1.0383568 0.78427966 0.00000000 0.00000000    0 0.06378702
[44,]    0 0.7284753 0.6170158 0.28699796 0.00000000 0.00000000    0 0.00000000
[45,]    0 1.0926625 0.6287688 0.02017001 0.08801544 0.06703123    0 0.02126234
[46,]    0 0.9669881 0.6136032 0.09688423 0.00000000 0.00000000    0 0.00000000
[47,]    0 0.4929742 0.3617470 0.17025936 0.19803473 0.06703123    0 0.02126234
[48,]    0 1.0738032 1.3014377 1.01823129 0.19803473 0.06703123    0 0.00000000
[49,]    0 1.0926625 0.9776965 0.60909334 0.30805402 0.06703123    0 0.04252468
[50,]    0 0.6122306 0.5331831 0.26142655 0.08801544 0.06703123    0 0.04252468
            [,9]       [,10]
 [1,] 0.00000000 0.000000000
 [2,] 0.02731888 0.002213323
 [3,] 0.05463776 0.004426646
 [4,] 0.00000000 0.000000000
 [5,] 0.00000000 0.000000000
 [6,] 0.02731888 0.002213323
 [7,] 0.00000000 0.000000000
 [8,] 0.02731888 0.002213323
 [9,] 0.02731888 0.002213323
[10,] 0.05463776 0.004426646
[11,] 0.05463776 0.004426646
[12,] 0.05463776 0.004426646
[13,] 0.02731888 0.002213323
[14,] 0.02731888 0.002213323
[15,] 0.02731888 0.002213323
[16,] 0.02731888 0.002213323
[17,] 0.02731888 0.002213323
[18,] 0.10927552 0.008853292
[19,] 0.00000000 0.000000000
[20,] 0.02731888 0.002213323
[21,] 0.05463776 0.004426646
[22,] 0.02731888 0.002213323
[23,] 0.02731888 0.002213323
[24,] 0.02731888 0.002213323
[25,] 0.02731888 0.002213323
[26,] 0.05463776 0.004426646
[27,] 0.08195664 0.006639969
[28,] 0.00000000 0.000000000
[29,] 0.00000000 0.000000000
[30,] 0.05463776 0.004426646
[31,] 0.08195664 0.006639969
[32,] 0.00000000 0.000000000
[33,] 0.02731888 0.002213323
[34,] 0.05463776 0.004426646
[35,] 0.05463776 0.004426646
[36,] 0.08195664 0.006639969
[37,] 0.00000000 0.000000000
[38,] 0.00000000 0.000000000
[39,] 0.02731888 0.002213323
[40,] 0.00000000 0.000000000
[41,] 0.02731888 0.002213323
[42,] 0.00000000 0.000000000
[43,] 0.08195664 0.006639969
[44,] 0.00000000 0.000000000
[45,] 0.02731888 0.002213323
[46,] 0.00000000 0.000000000
[47,] 0.02731888 0.002213323
[48,] 0.00000000 0.000000000
[49,] 0.05463776 0.004426646
[50,] 0.05463776 0.004426646

$Bdatesampinfo
       DATE JULIAN N      Mean     Stdev
1  08/02/11   2040 4 0.0000000 0.0000000
2  09/16/11   2085 5 0.0000000 0.0000000
3  10/23/11   2122 4 4.1179380 3.2937049
4  11/13/11   2143 7 1.7935566 3.8922353
5  12/12/11   2172 4 0.3324986 0.6649971
6  02/10/12   2232 5 0.2659988 0.5947915
7  03/27/12   2278 2 0.0000000 0.0000000
8  05/21/12   2333 3 0.0000000 0.0000000
9  06/19/12   2362 5 0.1309867 0.2928951
10 07/26/12   2399 3 0.0000000 0.0000000

$Ndatesampinfo
       DATE JULIAN N      Mean      Stdev
1  08/02/11   2040 4  0.000000   0.000000
2  09/16/11   2085 5  0.000000   0.000000
3  10/23/11   2122 4 66.666667  38.490018
4  11/13/11   2143 7 26.984127  52.843874
5  12/12/11   2172 4  2.777778   5.555556
6  02/10/12   2232 5  2.222222   4.969040
7  03/27/12   2278 2  0.000000   0.000000
8  05/21/12   2333 3  0.000000   0.000000
9  06/19/12   2362 5 71.111111 159.009278
10 07/26/12   2399 3  0.000000   0.000000

$Bdateboots
      [,1] [,2]     [,3]      [,4]      [,5]      [,6] [,7] [,8]      [,9] [,10]
 [1,]    0    0 5.261905 0.4456606 0.0000000 0.5319977    0    0 0.0000000     0
 [2,]    0    0 5.261905 3.4610632 0.3324986 0.0000000    0    0 0.1309867     0
 [3,]    0    0 4.697238 1.7935566 0.0000000 0.7979965    0    0 0.2619733     0
 [4,]    0    0 7.610277 0.3781499 0.6649971 0.5319977    0    0 0.0000000     0
 [5,]    0    0 3.584444 3.0154026 0.6649971 0.2659988    0    0 0.0000000     0
 [6,]    0    0 4.117938 0.6054659 0.0000000 0.0000000    0    0 0.1309867     0
 [7,]    0    0 5.841205 3.1414526 0.3324986 0.7979965    0    0 0.0000000     0
 [8,]    0    0 5.261905 1.7935566 0.0000000 0.0000000    0    0 0.1309867     0
 [9,]    0    0 4.163743 0.4119052 0.0000000 0.0000000    0    0 0.1309867     0
[10,]    0    0 6.466310 4.8427146 0.6649971 0.7979965    0    0 0.2619733     0
[11,]    0    0 4.743043 2.1131672 0.6649971 0.0000000    0    0 0.2619733     0
[12,]    0    0 4.697238 1.9196065 0.0000000 0.0000000    0    0 0.2619733     0
[13,]    0    0 2.348866 1.9533619 0.0000000 0.0000000    0    0 0.1309867     0
[14,]    0    0 3.584444 3.1752079 0.0000000 0.0000000    0    0 0.1309867     0
[15,]    0    0 5.887010 1.7935566 0.0000000 0.0000000    0    0 0.1309867     0
[16,]    0    0 2.348866 1.6337513 0.3324986 0.2659988    0    0 0.1309867     0
[17,]    0    0 5.261905 0.3196106 0.3324986 0.5319977    0    0 0.1309867     0
[18,]    0    0 5.841205 2.1131672 0.3324986 0.2659988    0    0 0.5239467     0
[19,]    0    0 8.754244 1.6337513 0.0000000 0.0000000    0    0 0.0000000     0
[20,]    0    0 3.599076 0.0000000 0.0000000 0.2659988    0    0 0.1309867     0
[21,]    0    0 2.348866 1.6337513 0.3324986 0.2659988    0    0 0.2619733     0
[22,]    0    0 4.743043 3.3012579 0.0000000 0.0000000    0    0 0.1309867     0
[23,]    0    0 5.841205 0.1260500 0.3324986 0.5319977    0    0 0.1309867     0
[24,]    0    0 3.492833 0.1598053 0.6649971 1.0639954    0    0 0.1309867     0
[25,]    0    0 4.117938 0.2858553 0.3324986 0.2659988    0    0 0.1309867     0
[26,]    0    0 2.928165 0.4456606 0.3324986 0.2659988    0    0 0.2619733     0
[27,]    0    0 3.447028 1.7935566 0.0000000 0.2659988    0    0 0.3929600     0
[28,]    0    0 4.117938 3.5871132 0.6649971 0.2659988    0    0 0.0000000     0
[29,]    0    0 4.743043 0.0000000 0.3324986 0.0000000    0    0 0.0000000     0
[30,]    0    0 2.348866 0.1260500 0.0000000 0.0000000    0    0 0.2619733     0
[31,]    0    0 5.841205 1.5077013 0.0000000 0.2659988    0    0 0.3929600     0
[32,]    0    0 4.743043 1.6337513 0.6649971 0.5319977    0    0 0.0000000     0
[33,]    0    0 2.440476 1.5077013 0.0000000 0.2659988    0    0 0.1309867     0
[34,]    0    0 3.538638 1.9196065 0.0000000 0.5319977    0    0 0.2619733     0
[35,]    0    0 4.072133 1.7598013 0.0000000 0.2659988    0    0 0.2619733     0
[36,]    0    0 2.973971 0.1260500 0.0000000 0.0000000    0    0 0.3929600     0
[37,]    0    0 4.117938 1.9196065 0.6649971 0.5319977    0    0 0.0000000     0
[38,]    0    0 3.447028 0.1260500 0.0000000 0.2659988    0    0 0.0000000     0
[39,]    0    0 2.928165 3.1414526 0.0000000 0.0000000    0    0 0.1309867     0
[40,]    0    0 4.072133 1.6675066 0.6649971 0.2659988    0    0 0.0000000     0
[41,]    0    0 3.538638 0.5379552 0.3324986 0.2659988    0    0 0.1309867     0
[42,]    0    0 4.072133 0.5041999 0.6649971 0.0000000    0    0 0.0000000     0
[43,]    0    0 4.072133 4.9012539 0.0000000 0.0000000    0    0 0.3929600     0
[44,]    0    0 3.538638 1.7935566 0.0000000 0.0000000    0    0 0.0000000     0
[45,]    0    0 5.307711 0.1260500 0.0000000 0.2659988    0    0 0.1309867     0
[46,]    0    0 4.697238 0.6054659 0.0000000 0.0000000    0    0 0.0000000     0
[47,]    0    0 2.394671 0.7315158 0.3324986 0.2659988    0    0 0.1309867     0
[48,]    0    0 5.216100 6.0308053 0.3324986 0.2659988    0    0 0.0000000     0
[49,]    0    0 5.307711 3.1414526 0.6649971 0.2659988    0    0 0.2619733     0
[50,]    0    0 2.973971 1.6337513 0.0000000 0.2659988    0    0 0.2619733     0

$Ndateboots
      [,1] [,2]      [,3]      [,4]     [,5]     [,6] [,7] [,8]      [,9] [,10]
 [1,]    0    0  83.33333  9.523810 0.000000 4.444444    0    0   0.00000     0
 [2,]    0    0  83.33333 50.793651 2.777778 0.000000    0    0  71.11111     0
 [3,]    0    0  66.66667 26.984127 0.000000 6.666667    0    0 142.22222     0
 [4,]    0    0 105.55556  9.523810 5.555556 4.444444    0    0   0.00000     0
 [5,]    0    0  72.22222 41.269841 5.555556 2.222222    0    0   0.00000     0
 [6,]    0    0  66.66667 12.698413 0.000000 0.000000    0    0  71.11111     0
 [7,]    0    0  83.33333 44.444444 2.777778 6.666667    0    0   0.00000     0
 [8,]    0    0  83.33333 26.984127 0.000000 0.000000    0    0  71.11111     0
 [9,]    0    0  72.22222  9.523810 0.000000 0.000000    0    0  71.11111     0
[10,]    0    0  88.88889 68.253968 5.555556 6.666667    0    0 142.22222     0
[11,]    0    0  72.22222 33.333333 5.555556 0.000000    0    0 142.22222     0
[12,]    0    0  66.66667 30.158730 0.000000 0.000000    0    0 142.22222     0
[13,]    0    0  44.44444 30.158730 0.000000 0.000000    0    0  71.11111     0
[14,]    0    0  72.22222 44.444444 0.000000 0.000000    0    0  71.11111     0
[15,]    0    0  88.88889 26.984127 0.000000 0.000000    0    0  71.11111     0
[16,]    0    0  44.44444 23.809524 2.777778 2.222222    0    0  71.11111     0
[17,]    0    0  83.33333  6.349206 2.777778 4.444444    0    0  71.11111     0
[18,]    0    0  83.33333 33.333333 2.777778 2.222222    0    0 284.44444     0
[19,]    0    0 122.22222 23.809524 0.000000 0.000000    0    0   0.00000     0
[20,]    0    0  55.55556  0.000000 0.000000 2.222222    0    0  71.11111     0
[21,]    0    0  44.44444 23.809524 2.777778 2.222222    0    0 142.22222     0
[22,]    0    0  72.22222 47.619048 0.000000 0.000000    0    0  71.11111     0
[23,]    0    0  83.33333  3.174603 2.777778 4.444444    0    0  71.11111     0
[24,]    0    0  61.11111  3.174603 5.555556 8.888889    0    0  71.11111     0
[25,]    0    0  66.66667  6.349206 2.777778 2.222222    0    0  71.11111     0
[26,]    0    0  44.44444  9.523810 2.777778 2.222222    0    0 142.22222     0
[27,]    0    0  55.55556 26.984127 0.000000 2.222222    0    0 213.33333     0
[28,]    0    0  66.66667 53.968254 5.555556 2.222222    0    0   0.00000     0
[29,]    0    0  72.22222  0.000000 2.777778 0.000000    0    0   0.00000     0
[30,]    0    0  44.44444  3.174603 0.000000 0.000000    0    0 142.22222     0
[31,]    0    0  83.33333 20.634921 0.000000 2.222222    0    0 213.33333     0
[32,]    0    0  72.22222 23.809524 5.555556 4.444444    0    0   0.00000     0
[33,]    0    0  55.55556 20.634921 0.000000 2.222222    0    0  71.11111     0
[34,]    0    0  66.66667 30.158730 0.000000 4.444444    0    0 142.22222     0
[35,]    0    0  61.11111 26.984127 0.000000 2.222222    0    0 142.22222     0
[36,]    0    0  50.00000  3.174603 0.000000 0.000000    0    0 213.33333     0
[37,]    0    0  66.66667 30.158730 5.555556 4.444444    0    0   0.00000     0
[38,]    0    0  55.55556  3.174603 0.000000 2.222222    0    0   0.00000     0
[39,]    0    0  44.44444 44.444444 0.000000 0.000000    0    0  71.11111     0
[40,]    0    0  61.11111 23.809524 5.555556 2.222222    0    0   0.00000     0
[41,]    0    0  66.66667 12.698413 2.777778 2.222222    0    0  71.11111     0
[42,]    0    0  61.11111 12.698413 5.555556 0.000000    0    0   0.00000     0
[43,]    0    0  61.11111 71.428571 0.000000 0.000000    0    0 213.33333     0
[44,]    0    0  66.66667 26.984127 0.000000 0.000000    0    0   0.00000     0
[45,]    0    0  88.88889  3.174603 0.000000 2.222222    0    0  71.11111     0
[46,]    0    0  66.66667 12.698413 0.000000 0.000000    0    0   0.00000     0
[47,]    0    0  50.00000 15.873016 2.777778 2.222222    0    0  71.11111     0
[48,]    0    0  77.77778 82.539683 2.777778 2.222222    0    0   0.00000     0
[49,]    0    0  88.88889 44.444444 5.555556 2.222222    0    0 142.22222     0
[50,]    0    0  50.00000 23.809524 0.000000 2.222222    0    0 142.22222     0

