$totdays
[1] 365

$Psampest
[1] 0.2231808

$Pbootest
     Mean      2.5%       50%     97.5% 
0.2231808 0.0000000 0.2231808 0.4463615 

$Pboots
 [1] 0.0000000 0.2231808 0.4463615 0.2231808 0.2231808 0.4463615 0.0000000 0.0000000
 [9] 0.2231808 0.2231808 0.2231808 0.2231808 0.0000000 0.2231808 0.0000000 0.4463615
[17] 0.4463615 0.2231808 0.4463615 0.0000000 0.0000000 0.2231808 0.6695423 0.2231808
[25] 0.2231808 0.4463615 0.4463615 0.4463615 0.0000000 0.2231808 0.2231808 0.0000000
[33] 0.2231808 0.4463615 0.0000000 0.0000000 0.0000000 0.2231808 0.0000000 0.4463615
[41] 0.0000000 0.0000000 0.2231808 0.2231808 0.4463615 0.2231808 0.2231808 0.4463615
[49] 0.4463615 0.2231808

$Bboots
 [1] 0.00000000 0.05499402 0.10998804 0.05499402 0.05499402 0.10998804 0.00000000
 [8] 0.00000000 0.05499402 0.05499402 0.05499402 0.05499402 0.00000000 0.05499402
[15] 0.00000000 0.10998804 0.10998804 0.05499402 0.10998804 0.00000000 0.00000000
[22] 0.05499402 0.16498206 0.05499402 0.05499402 0.10998804 0.10998804 0.10998804
[29] 0.00000000 0.05499402 0.05499402 0.00000000 0.05499402 0.10998804 0.00000000
[36] 0.00000000 0.00000000 0.05499402 0.00000000 0.10998804 0.00000000 0.00000000
[43] 0.05499402 0.05499402 0.10998804 0.05499402 0.05499402 0.10998804 0.10998804
[50] 0.05499402

$Nboots
 [1] 0.000000 3.292181 6.584362 3.292181 3.292181 6.584362 0.000000 0.000000 3.292181
[10] 3.292181 3.292181 3.292181 0.000000 3.292181 0.000000 6.584362 6.584362 3.292181
[19] 6.584362 0.000000 0.000000 3.292181 9.876543 3.292181 3.292181 6.584362 6.584362
[28] 6.584362 0.000000 3.292181 3.292181 0.000000 3.292181 6.584362 0.000000 0.000000
[37] 0.000000 3.292181 0.000000 6.584362 0.000000 0.000000 3.292181 3.292181 6.584362
[46] 3.292181 3.292181 6.584362 6.584362 3.292181

$julians
 [1] 2040 2085 2122 2143 2172 2232 2278 2333 2362 2399

$intdays
 [1] 45 37 21 29 60 46 55 29 37  6

$Pintsampest
 [1] 0.00000000 0.00000000 0.00000000 0.00000000 0.00000000 0.00000000 0.00000000
 [8] 0.00000000 0.20645425 0.01672652

$Pintboots
      [,1] [,2] [,3] [,4] [,5] [,6] [,7] [,8]      [,9]      [,10]
 [1,]    0    0    0    0    0    0    0    0 0.0000000 0.00000000
 [2,]    0    0    0    0    0    0    0    0 0.2064542 0.01672652
 [3,]    0    0    0    0    0    0    0    0 0.4129085 0.03345305
 [4,]    0    0    0    0    0    0    0    0 0.2064542 0.01672652
 [5,]    0    0    0    0    0    0    0    0 0.2064542 0.01672652
 [6,]    0    0    0    0    0    0    0    0 0.4129085 0.03345305
 [7,]    0    0    0    0    0    0    0    0 0.0000000 0.00000000
 [8,]    0    0    0    0    0    0    0    0 0.0000000 0.00000000
 [9,]    0    0    0    0    0    0    0    0 0.2064542 0.01672652
[10,]    0    0    0    0    0    0    0    0 0.2064542 0.01672652
[11,]    0    0    0    0    0    0    0    0 0.2064542 0.01672652
[12,]    0    0    0    0    0    0    0    0 0.2064542 0.01672652
[13,]    0    0    0    0    0    0    0    0 0.0000000 0.00000000
[14,]    0    0    0    0    0    0    0    0 0.2064542 0.01672652
[15,]    0    0    0    0    0    0    0    0 0.0000000 0.00000000
[16,]    0    0    0    0    0    0    0    0 0.4129085 0.03345305
[17,]    0    0    0    0    0    0    0    0 0.4129085 0.03345305
[18,]    0    0    0    0    0    0    0    0 0.2064542 0.01672652
[19,]    0    0    0    0    0    0    0    0 0.4129085 0.03345305
[20,]    0    0    0    0    0    0    0    0 0.0000000 0.00000000
[21,]    0    0    0    0    0    0    0    0 0.0000000 0.00000000
[22,]    0    0    0    0    0    0    0    0 0.2064542 0.01672652
[23,]    0    0    0    0    0    0    0    0 0.6193627 0.05017957
[24,]    0    0    0    0    0    0    0    0 0.2064542 0.01672652
[25,]    0    0    0    0    0    0    0    0 0.2064542 0.01672652
[26,]    0    0    0    0    0    0    0    0 0.4129085 0.03345305
[27,]    0    0    0    0    0    0    0    0 0.4129085 0.03345305
[28,]    0    0    0    0    0    0    0    0 0.4129085 0.03345305
[29,]    0    0    0    0    0    0    0    0 0.0000000 0.00000000
[30,]    0    0    0    0    0    0    0    0 0.2064542 0.01672652
[31,]    0    0    0    0    0    0    0    0 0.2064542 0.01672652
[32,]    0    0    0    0    0    0    0    0 0.0000000 0.00000000
[33,]    0    0    0    0    0    0    0    0 0.2064542 0.01672652
[34,]    0    0    0    0    0    0    0    0 0.4129085 0.03345305
[35,]    0    0    0    0    0    0    0    0 0.0000000 0.00000000
[36,]    0    0    0    0    0    0    0    0 0.0000000 0.00000000
[37,]    0    0    0    0    0    0    0    0 0.0000000 0.00000000
[38,]    0    0    0    0    0    0    0    0 0.2064542 0.01672652
[39,]    0    0    0    0    0    0    0    0 0.0000000 0.00000000
[40,]    0    0    0    0    0    0    0    0 0.4129085 0.03345305
[41,]    0    0    0    0    0    0    0    0 0.0000000 0.00000000
[42,]    0    0    0    0    0    0    0    0 0.0000000 0.00000000
[43,]    0    0    0    0    0    0    0    0 0.2064542 0.01672652
[44,]    0    0    0    0    0    0    0    0 0.2064542 0.01672652
[45,]    0    0    0    0    0    0    0    0 0.4129085 0.03345305
[46,]    0    0    0    0    0    0    0    0 0.2064542 0.01672652
[47,]    0    0    0    0    0    0    0    0 0.2064542 0.01672652
[48,]    0    0    0    0    0    0    0    0 0.4129085 0.03345305
[49,]    0    0    0    0    0    0    0    0 0.4129085 0.03345305
[50,]    0    0    0    0    0    0    0    0 0.2064542 0.01672652

$Bdatesampinfo
       DATE JULIAN N      Mean    Stdev
1  08/02/11   2040 4 0.0000000 0.000000
2  09/16/11   2085 5 0.0000000 0.000000
3  10/23/11   2122 4 0.0000000 0.000000
4  11/13/11   2143 7 0.0000000 0.000000
5  12/12/11   2172 4 0.0000000 0.000000
6  02/10/12   2232 5 0.0000000 0.000000
7  03/27/12   2278 2 0.0000000 0.000000
8  05/21/12   2333 3 0.0000000 0.000000
9  06/19/12   2362 5 0.0000000 0.000000
10 07/26/12   2399 3 0.9898923 1.714544

$Ndatesampinfo
       DATE JULIAN N     Mean  Stdev
1  08/02/11   2040 4  0.00000   0.00
2  09/16/11   2085 5  0.00000   0.00
3  10/23/11   2122 4  0.00000   0.00
4  11/13/11   2143 7  0.00000   0.00
5  12/12/11   2172 4  0.00000   0.00
6  02/10/12   2232 5  0.00000   0.00
7  03/27/12   2278 2  0.00000   0.00
8  05/21/12   2333 3  0.00000   0.00
9  06/19/12   2362 5  0.00000   0.00
10 07/26/12   2399 3 59.25926 102.64

$Bdateboots
      [,1] [,2] [,3] [,4] [,5] [,6] [,7] [,8] [,9]     [,10]
 [1,]    0    0    0    0    0    0    0    0    0 0.0000000
 [2,]    0    0    0    0    0    0    0    0    0 0.9898923
 [3,]    0    0    0    0    0    0    0    0    0 1.9797847
 [4,]    0    0    0    0    0    0    0    0    0 0.9898923
 [5,]    0    0    0    0    0    0    0    0    0 0.9898923
 [6,]    0    0    0    0    0    0    0    0    0 1.9797847
 [7,]    0    0    0    0    0    0    0    0    0 0.0000000
 [8,]    0    0    0    0    0    0    0    0    0 0.0000000
 [9,]    0    0    0    0    0    0    0    0    0 0.9898923
[10,]    0    0    0    0    0    0    0    0    0 0.9898923
[11,]    0    0    0    0    0    0    0    0    0 0.9898923
[12,]    0    0    0    0    0    0    0    0    0 0.9898923
[13,]    0    0    0    0    0    0    0    0    0 0.0000000
[14,]    0    0    0    0    0    0    0    0    0 0.9898923
[15,]    0    0    0    0    0    0    0    0    0 0.0000000
[16,]    0    0    0    0    0    0    0    0    0 1.9797847
[17,]    0    0    0    0    0    0    0    0    0 1.9797847
[18,]    0    0    0    0    0    0    0    0    0 0.9898923
[19,]    0    0    0    0    0    0    0    0    0 1.9797847
[20,]    0    0    0    0    0    0    0    0    0 0.0000000
[21,]    0    0    0    0    0    0    0    0    0 0.0000000
[22,]    0    0    0    0    0    0    0    0    0 0.9898923
[23,]    0    0    0    0    0    0    0    0    0 2.9696770
[24,]    0    0    0    0    0    0    0    0    0 0.9898923
[25,]    0    0    0    0    0    0    0    0    0 0.9898923
[26,]    0    0    0    0    0    0    0    0    0 1.9797847
[27,]    0    0    0    0    0    0    0    0    0 1.9797847
[28,]    0    0    0    0    0    0    0    0    0 1.9797847
[29,]    0    0    0    0    0    0    0    0    0 0.0000000
[30,]    0    0    0    0    0    0    0    0    0 0.9898923
[31,]    0    0    0    0    0    0    0    0    0 0.9898923
[32,]    0    0    0    0    0    0    0    0    0 0.0000000
[33,]    0    0    0    0    0    0    0    0    0 0.9898923
[34,]    0    0    0    0    0    0    0    0    0 1.9797847
[35,]    0    0    0    0    0    0    0    0    0 0.0000000
[36,]    0    0    0    0    0    0    0    0    0 0.0000000
[37,]    0    0    0    0    0    0    0    0    0 0.0000000
[38,]    0    0    0    0    0    0    0    0    0 0.9898923
[39,]    0    0    0    0    0    0    0    0    0 0.0000000
[40,]    0    0    0    0    0    0    0    0    0 1.9797847
[41,]    0    0    0    0    0    0    0    0    0 0.0000000
[42,]    0    0    0    0    0    0    0    0    0 0.0000000
[43,]    0    0    0    0    0    0    0    0    0 0.9898923
[44,]    0    0    0    0    0    0    0    0    0 0.9898923
[45,]    0    0    0    0    0    0    0    0    0 1.9797847
[46,]    0    0    0    0    0    0    0    0    0 0.9898923
[47,]    0    0    0    0    0    0    0    0    0 0.9898923
[48,]    0    0    0    0    0    0    0    0    0 1.9797847
[49,]    0    0    0    0    0    0    0    0    0 1.9797847
[50,]    0    0    0    0    0    0    0    0    0 0.9898923

$Ndateboots
      [,1] [,2] [,3] [,4] [,5] [,6] [,7] [,8] [,9]     [,10]
 [1,]    0    0    0    0    0    0    0    0    0   0.00000
 [2,]    0    0    0    0    0    0    0    0    0  59.25926
 [3,]    0    0    0    0    0    0    0    0    0 118.51852
 [4,]    0    0    0    0    0    0    0    0    0  59.25926
 [5,]    0    0    0    0    0    0    0    0    0  59.25926
 [6,]    0    0    0    0    0    0    0    0    0 118.51852
 [7,]    0    0    0    0    0    0    0    0    0   0.00000
 [8,]    0    0    0    0    0    0    0    0    0   0.00000
 [9,]    0    0    0    0    0    0    0    0    0  59.25926
[10,]    0    0    0    0    0    0    0    0    0  59.25926
[11,]    0    0    0    0    0    0    0    0    0  59.25926
[12,]    0    0    0    0    0    0    0    0    0  59.25926
[13,]    0    0    0    0    0    0    0    0    0   0.00000
[14,]    0    0    0    0    0    0    0    0    0  59.25926
[15,]    0    0    0    0    0    0    0    0    0   0.00000
[16,]    0    0    0    0    0    0    0    0    0 118.51852
[17,]    0    0    0    0    0    0    0    0    0 118.51852
[18,]    0    0    0    0    0    0    0    0    0  59.25926
[19,]    0    0    0    0    0    0    0    0    0 118.51852
[20,]    0    0    0    0    0    0    0    0    0   0.00000
[21,]    0    0    0    0    0    0    0    0    0   0.00000
[22,]    0    0    0    0    0    0    0    0    0  59.25926
[23,]    0    0    0    0    0    0    0    0    0 177.77778
[24,]    0    0    0    0    0    0    0    0    0  59.25926
[25,]    0    0    0    0    0    0    0    0    0  59.25926
[26,]    0    0    0    0    0    0    0    0    0 118.51852
[27,]    0    0    0    0    0    0    0    0    0 118.51852
[28,]    0    0    0    0    0    0    0    0    0 118.51852
[29,]    0    0    0    0    0    0    0    0    0   0.00000
[30,]    0    0    0    0    0    0    0    0    0  59.25926
[31,]    0    0    0    0    0    0    0    0    0  59.25926
[32,]    0    0    0    0    0    0    0    0    0   0.00000
[33,]    0    0    0    0    0    0    0    0    0  59.25926
[34,]    0    0    0    0    0    0    0    0    0 118.51852
[35,]    0    0    0    0    0    0    0    0    0   0.00000
[36,]    0    0    0    0    0    0    0    0    0   0.00000
[37,]    0    0    0    0    0    0    0    0    0   0.00000
[38,]    0    0    0    0    0    0    0    0    0  59.25926
[39,]    0    0    0    0    0    0    0    0    0   0.00000
[40,]    0    0    0    0    0    0    0    0    0 118.51852
[41,]    0    0    0    0    0    0    0    0    0   0.00000
[42,]    0    0    0    0    0    0    0    0    0   0.00000
[43,]    0    0    0    0    0    0    0    0    0  59.25926
[44,]    0    0    0    0    0    0    0    0    0  59.25926
[45,]    0    0    0    0    0    0    0    0    0 118.51852
[46,]    0    0    0    0    0    0    0    0    0  59.25926
[47,]    0    0    0    0    0    0    0    0    0  59.25926
[48,]    0    0    0    0    0    0    0    0    0 118.51852
[49,]    0    0    0    0    0    0    0    0    0 118.51852
[50,]    0    0    0    0    0    0    0    0    0  59.25926

