$totdays
[1] 365

$Psampest
[1] 0.6941603

$Pbootest
     Mean      2.5%       50%     97.5% 
0.7635763 0.0000000 0.6941603 1.9262948 

$Pboots
 [1] 0.6941603 0.6941603 1.3883205 0.0000000 1.3883205 1.3883205 0.6941603 0.6941603
 [9] 2.0824808 0.6941603 0.6941603 0.0000000 0.6941603 0.0000000 2.0824808 1.3883205
[17] 1.3883205 1.3883205 0.6941603 0.0000000 0.6941603 1.3883205 0.6941603 0.0000000
[25] 1.3883205 1.3883205 0.0000000 0.0000000 1.3883205 0.6941603 0.6941603 0.6941603
[33] 0.0000000 0.6941603 0.6941603 0.6941603 0.6941603 0.6941603 0.0000000 1.3883205
[41] 0.0000000 1.3883205 1.3883205 0.0000000 0.6941603 0.6941603 0.6941603 0.6941603
[49] 0.0000000 0.6941603

$Bboots
 [1] 0.1323223 0.1323223 0.2646447 0.0000000 0.2646447 0.2646447 0.1323223 0.1323223
 [9] 0.3969670 0.1323223 0.1323223 0.0000000 0.1323223 0.0000000 0.3969670 0.2646447
[17] 0.2646447 0.2646447 0.1323223 0.0000000 0.1323223 0.2646447 0.1323223 0.0000000
[25] 0.2646447 0.2646447 0.0000000 0.0000000 0.2646447 0.1323223 0.1323223 0.1323223
[33] 0.0000000 0.1323223 0.1323223 0.1323223 0.1323223 0.1323223 0.0000000 0.2646447
[41] 0.0000000 0.2646447 0.2646447 0.0000000 0.1323223 0.1323223 0.1323223 0.1323223
[49] 0.0000000 0.1323223

$Nboots
 [1] 0.2469136 0.2469136 0.4938272 0.0000000 0.4938272 0.4938272 0.2469136 0.2469136
 [9] 0.7407407 0.2469136 0.2469136 0.0000000 0.2469136 0.0000000 0.7407407 0.4938272
[17] 0.4938272 0.4938272 0.2469136 0.0000000 0.2469136 0.4938272 0.2469136 0.0000000
[25] 0.4938272 0.4938272 0.0000000 0.0000000 0.4938272 0.2469136 0.2469136 0.2469136
[33] 0.0000000 0.2469136 0.2469136 0.2469136 0.2469136 0.2469136 0.0000000 0.4938272
[41] 0.0000000 0.4938272 0.4938272 0.0000000 0.2469136 0.2469136 0.2469136 0.2469136
[49] 0.0000000 0.2469136

$julians
 [1] 2040 2085 2122 2143 2172 2232 2278 2333 2362 2399

$intdays
 [1] 45 37 21 29 60 46 55 29 37  6

$Pintsampest
 [1] 0.0000000 0.0000000 0.0000000 0.0000000 0.3940544 0.3001059 0.0000000 0.0000000
 [9] 0.0000000 0.0000000

$Pintboots
      [,1] [,2] [,3] [,4]      [,5]      [,6] [,7] [,8] [,9] [,10]
 [1,]    0    0    0    0 0.3940544 0.3001059    0    0    0     0
 [2,]    0    0    0    0 0.3940544 0.3001059    0    0    0     0
 [3,]    0    0    0    0 0.7881088 0.6002118    0    0    0     0
 [4,]    0    0    0    0 0.0000000 0.0000000    0    0    0     0
 [5,]    0    0    0    0 0.7881088 0.6002118    0    0    0     0
 [6,]    0    0    0    0 0.7881088 0.6002118    0    0    0     0
 [7,]    0    0    0    0 0.3940544 0.3001059    0    0    0     0
 [8,]    0    0    0    0 0.3940544 0.3001059    0    0    0     0
 [9,]    0    0    0    0 1.1821632 0.9003176    0    0    0     0
[10,]    0    0    0    0 0.3940544 0.3001059    0    0    0     0
[11,]    0    0    0    0 0.3940544 0.3001059    0    0    0     0
[12,]    0    0    0    0 0.0000000 0.0000000    0    0    0     0
[13,]    0    0    0    0 0.3940544 0.3001059    0    0    0     0
[14,]    0    0    0    0 0.0000000 0.0000000    0    0    0     0
[15,]    0    0    0    0 1.1821632 0.9003176    0    0    0     0
[16,]    0    0    0    0 0.7881088 0.6002118    0    0    0     0
[17,]    0    0    0    0 0.7881088 0.6002118    0    0    0     0
[18,]    0    0    0    0 0.7881088 0.6002118    0    0    0     0
[19,]    0    0    0    0 0.3940544 0.3001059    0    0    0     0
[20,]    0    0    0    0 0.0000000 0.0000000    0    0    0     0
[21,]    0    0    0    0 0.3940544 0.3001059    0    0    0     0
[22,]    0    0    0    0 0.7881088 0.6002118    0    0    0     0
[23,]    0    0    0    0 0.3940544 0.3001059    0    0    0     0
[24,]    0    0    0    0 0.0000000 0.0000000    0    0    0     0
[25,]    0    0    0    0 0.7881088 0.6002118    0    0    0     0
[26,]    0    0    0    0 0.7881088 0.6002118    0    0    0     0
[27,]    0    0    0    0 0.0000000 0.0000000    0    0    0     0
[28,]    0    0    0    0 0.0000000 0.0000000    0    0    0     0
[29,]    0    0    0    0 0.7881088 0.6002118    0    0    0     0
[30,]    0    0    0    0 0.3940544 0.3001059    0    0    0     0
[31,]    0    0    0    0 0.3940544 0.3001059    0    0    0     0
[32,]    0    0    0    0 0.3940544 0.3001059    0    0    0     0
[33,]    0    0    0    0 0.0000000 0.0000000    0    0    0     0
[34,]    0    0    0    0 0.3940544 0.3001059    0    0    0     0
[35,]    0    0    0    0 0.3940544 0.3001059    0    0    0     0
[36,]    0    0    0    0 0.3940544 0.3001059    0    0    0     0
[37,]    0    0    0    0 0.3940544 0.3001059    0    0    0     0
[38,]    0    0    0    0 0.3940544 0.3001059    0    0    0     0
[39,]    0    0    0    0 0.0000000 0.0000000    0    0    0     0
[40,]    0    0    0    0 0.7881088 0.6002118    0    0    0     0
[41,]    0    0    0    0 0.0000000 0.0000000    0    0    0     0
[42,]    0    0    0    0 0.7881088 0.6002118    0    0    0     0
[43,]    0    0    0    0 0.7881088 0.6002118    0    0    0     0
[44,]    0    0    0    0 0.0000000 0.0000000    0    0    0     0
[45,]    0    0    0    0 0.3940544 0.3001059    0    0    0     0
[46,]    0    0    0    0 0.3940544 0.3001059    0    0    0     0
[47,]    0    0    0    0 0.3940544 0.3001059    0    0    0     0
[48,]    0    0    0    0 0.3940544 0.3001059    0    0    0     0
[49,]    0    0    0    0 0.0000000 0.0000000    0    0    0     0
[50,]    0    0    0    0 0.3940544 0.3001059    0    0    0     0

$Bdatesampinfo
       DATE JULIAN N     Mean    Stdev
1  08/02/11   2040 4 0.000000 0.000000
2  09/16/11   2085 5 0.000000 0.000000
3  10/23/11   2122 4 0.000000 0.000000
4  11/13/11   2143 7 0.000000 0.000000
5  12/12/11   2172 4 0.000000 0.000000
6  02/10/12   2232 5 1.190901 2.662936
7  03/27/12   2278 2 0.000000 0.000000
8  05/21/12   2333 3 0.000000 0.000000
9  06/19/12   2362 5 0.000000 0.000000
10 07/26/12   2399 3 0.000000 0.000000

$Ndatesampinfo
       DATE JULIAN N     Mean   Stdev
1  08/02/11   2040 4 0.000000 0.00000
2  09/16/11   2085 5 0.000000 0.00000
3  10/23/11   2122 4 0.000000 0.00000
4  11/13/11   2143 7 0.000000 0.00000
5  12/12/11   2172 4 0.000000 0.00000
6  02/10/12   2232 5 2.222222 4.96904
7  03/27/12   2278 2 0.000000 0.00000
8  05/21/12   2333 3 0.000000 0.00000
9  06/19/12   2362 5 0.000000 0.00000
10 07/26/12   2399 3 0.000000 0.00000

$Bdateboots
      [,1] [,2] [,3] [,4] [,5]     [,6] [,7] [,8] [,9] [,10]
 [1,]    0    0    0    0    0 1.190901    0    0    0     0
 [2,]    0    0    0    0    0 1.190901    0    0    0     0
 [3,]    0    0    0    0    0 2.381802    0    0    0     0
 [4,]    0    0    0    0    0 0.000000    0    0    0     0
 [5,]    0    0    0    0    0 2.381802    0    0    0     0
 [6,]    0    0    0    0    0 2.381802    0    0    0     0
 [7,]    0    0    0    0    0 1.190901    0    0    0     0
 [8,]    0    0    0    0    0 1.190901    0    0    0     0
 [9,]    0    0    0    0    0 3.572703    0    0    0     0
[10,]    0    0    0    0    0 1.190901    0    0    0     0
[11,]    0    0    0    0    0 1.190901    0    0    0     0
[12,]    0    0    0    0    0 0.000000    0    0    0     0
[13,]    0    0    0    0    0 1.190901    0    0    0     0
[14,]    0    0    0    0    0 0.000000    0    0    0     0
[15,]    0    0    0    0    0 3.572703    0    0    0     0
[16,]    0    0    0    0    0 2.381802    0    0    0     0
[17,]    0    0    0    0    0 2.381802    0    0    0     0
[18,]    0    0    0    0    0 2.381802    0    0    0     0
[19,]    0    0    0    0    0 1.190901    0    0    0     0
[20,]    0    0    0    0    0 0.000000    0    0    0     0
[21,]    0    0    0    0    0 1.190901    0    0    0     0
[22,]    0    0    0    0    0 2.381802    0    0    0     0
[23,]    0    0    0    0    0 1.190901    0    0    0     0
[24,]    0    0    0    0    0 0.000000    0    0    0     0
[25,]    0    0    0    0    0 2.381802    0    0    0     0
[26,]    0    0    0    0    0 2.381802    0    0    0     0
[27,]    0    0    0    0    0 0.000000    0    0    0     0
[28,]    0    0    0    0    0 0.000000    0    0    0     0
[29,]    0    0    0    0    0 2.381802    0    0    0     0
[30,]    0    0    0    0    0 1.190901    0    0    0     0
[31,]    0    0    0    0    0 1.190901    0    0    0     0
[32,]    0    0    0    0    0 1.190901    0    0    0     0
[33,]    0    0    0    0    0 0.000000    0    0    0     0
[34,]    0    0    0    0    0 1.190901    0    0    0     0
[35,]    0    0    0    0    0 1.190901    0    0    0     0
[36,]    0    0    0    0    0 1.190901    0    0    0     0
[37,]    0    0    0    0    0 1.190901    0    0    0     0
[38,]    0    0    0    0    0 1.190901    0    0    0     0
[39,]    0    0    0    0    0 0.000000    0    0    0     0
[40,]    0    0    0    0    0 2.381802    0    0    0     0
[41,]    0    0    0    0    0 0.000000    0    0    0     0
[42,]    0    0    0    0    0 2.381802    0    0    0     0
[43,]    0    0    0    0    0 2.381802    0    0    0     0
[44,]    0    0    0    0    0 0.000000    0    0    0     0
[45,]    0    0    0    0    0 1.190901    0    0    0     0
[46,]    0    0    0    0    0 1.190901    0    0    0     0
[47,]    0    0    0    0    0 1.190901    0    0    0     0
[48,]    0    0    0    0    0 1.190901    0    0    0     0
[49,]    0    0    0    0    0 0.000000    0    0    0     0
[50,]    0    0    0    0    0 1.190901    0    0    0     0

$Ndateboots
      [,1] [,2] [,3] [,4] [,5]     [,6] [,7] [,8] [,9] [,10]
 [1,]    0    0    0    0    0 2.222222    0    0    0     0
 [2,]    0    0    0    0    0 2.222222    0    0    0     0
 [3,]    0    0    0    0    0 4.444444    0    0    0     0
 [4,]    0    0    0    0    0 0.000000    0    0    0     0
 [5,]    0    0    0    0    0 4.444444    0    0    0     0
 [6,]    0    0    0    0    0 4.444444    0    0    0     0
 [7,]    0    0    0    0    0 2.222222    0    0    0     0
 [8,]    0    0    0    0    0 2.222222    0    0    0     0
 [9,]    0    0    0    0    0 6.666667    0    0    0     0
[10,]    0    0    0    0    0 2.222222    0    0    0     0
[11,]    0    0    0    0    0 2.222222    0    0    0     0
[12,]    0    0    0    0    0 0.000000    0    0    0     0
[13,]    0    0    0    0    0 2.222222    0    0    0     0
[14,]    0    0    0    0    0 0.000000    0    0    0     0
[15,]    0    0    0    0    0 6.666667    0    0    0     0
[16,]    0    0    0    0    0 4.444444    0    0    0     0
[17,]    0    0    0    0    0 4.444444    0    0    0     0
[18,]    0    0    0    0    0 4.444444    0    0    0     0
[19,]    0    0    0    0    0 2.222222    0    0    0     0
[20,]    0    0    0    0    0 0.000000    0    0    0     0
[21,]    0    0    0    0    0 2.222222    0    0    0     0
[22,]    0    0    0    0    0 4.444444    0    0    0     0
[23,]    0    0    0    0    0 2.222222    0    0    0     0
[24,]    0    0    0    0    0 0.000000    0    0    0     0
[25,]    0    0    0    0    0 4.444444    0    0    0     0
[26,]    0    0    0    0    0 4.444444    0    0    0     0
[27,]    0    0    0    0    0 0.000000    0    0    0     0
[28,]    0    0    0    0    0 0.000000    0    0    0     0
[29,]    0    0    0    0    0 4.444444    0    0    0     0
[30,]    0    0    0    0    0 2.222222    0    0    0     0
[31,]    0    0    0    0    0 2.222222    0    0    0     0
[32,]    0    0    0    0    0 2.222222    0    0    0     0
[33,]    0    0    0    0    0 0.000000    0    0    0     0
[34,]    0    0    0    0    0 2.222222    0    0    0     0
[35,]    0    0    0    0    0 2.222222    0    0    0     0
[36,]    0    0    0    0    0 2.222222    0    0    0     0
[37,]    0    0    0    0    0 2.222222    0    0    0     0
[38,]    0    0    0    0    0 2.222222    0    0    0     0
[39,]    0    0    0    0    0 0.000000    0    0    0     0
[40,]    0    0    0    0    0 4.444444    0    0    0     0
[41,]    0    0    0    0    0 0.000000    0    0    0     0
[42,]    0    0    0    0    0 4.444444    0    0    0     0
[43,]    0    0    0    0    0 4.444444    0    0    0     0
[44,]    0    0    0    0    0 0.000000    0    0    0     0
[45,]    0    0    0    0    0 2.222222    0    0    0     0
[46,]    0    0    0    0    0 2.222222    0    0    0     0
[47,]    0    0    0    0    0 2.222222    0    0    0     0
[48,]    0    0    0    0    0 2.222222    0    0    0     0
[49,]    0    0    0    0    0 0.000000    0    0    0     0
[50,]    0    0    0    0    0 2.222222    0    0    0     0

