$totdays
[1] 365

$Psampest
[1] 9.664276

$Pbootest
     Mean      2.5%       50%     97.5% 
 9.449090  6.838392  9.595458 11.640593 

$Pboots
 [1]  8.902592  9.915488 11.619590 10.931700  9.288350  9.422478 10.784637  8.331850
 [9]  9.905430  8.432081 10.107391  7.519843  5.852027  9.425529  8.371751  9.769655
[17] 10.492989  9.929374 11.831240  9.765386  8.148454  8.113604  9.044033 11.320651
[25]  8.062877  8.274067  8.381906  9.924939 11.026844  9.281982  9.372414 10.166213
[33] 10.500403  9.244310 10.500729  7.549614 11.231650  8.320921  8.736842 10.098435
[41] 11.646690 10.616892  7.547393  6.640551  9.198754  9.795159  8.838267  9.815150
[49]  9.946714 10.508672

$Bboots
 [1] 2.306686 2.552859 3.038557 2.893918 2.426501 2.431338 2.835263 2.166415 2.549257
[10] 2.230723 2.674438 1.985922 1.474884 2.429028 2.171969 2.558188 2.776455 2.602846
[19] 3.118516 2.566765 2.139165 2.140850 2.403135 2.950175 2.088141 2.121833 2.213029
[28] 2.607581 2.896612 2.402193 2.426466 2.637994 2.734118 2.429287 2.709983 1.927694
[37] 2.904358 2.138387 2.226892 2.650828 3.065560 2.834558 1.944919 1.706301 2.392035
[46] 2.540689 2.283652 2.646899 2.597415 2.756524

$Nboots
 [1] 1778.821 1968.660 2343.210 2231.670 1871.217 1874.947 2186.437 1670.650 1965.882
[10] 1720.241 2062.416 1531.461 1137.369 1873.166 1674.932 1972.769 2141.088 2007.208
[19] 2404.871 1979.383 1649.636 1650.935 1853.198 2275.053 1610.288 1636.270 1706.596
[28] 2010.858 2233.748 1852.472 1871.190 2034.312 2108.439 1873.366 2089.827 1486.558
[37] 2239.721 1649.036 1717.287 2044.209 2364.033 2185.894 1499.841 1315.829 1844.638
[46] 1959.274 1761.058 2041.179 2003.019 2125.717

$julians
 [1] 2040 2085 2122 2143 2172 2232 2278 2333 2362 2399

$intdays
 [1] 45 37 21 29 60 46 55 29 37  6

$Pintsampest
 [1] 0.23792758 0.09728943 0.01047992 0.01679767 0.10011790 0.13252677 1.14029852
 [8] 2.41756521 5.08351772 0.42775488

$Pintboots
           [,1]       [,2]        [,3]        [,4]        [,5]       [,6]      [,7]
 [1,] 0.2576031 0.10737431 0.010718104 0.012515914 0.167816671 0.18226970 0.7655151
 [2,] 0.2506802 0.09728943 0.007859943 0.013174647 0.100117900 0.14160395 1.5150820
 [3,] 0.1909250 0.07089077 0.007502672 0.009222253 0.164002656 0.17936500 1.4933344
 [4,] 0.2543238 0.10173864 0.009646293 0.019103238 0.036233145 0.07661137 1.2765834
 [5,] 0.2368345 0.10678108 0.015481705 0.014492111 0.164002656 0.17936500 0.6292302
 [6,] 0.2874806 0.10055218 0.008931753 0.020420702 0.100117900 0.14160395 1.1511723
 [7,] 0.2707200 0.12620930 0.009110388 0.022396899 0.036233145 0.06753419 1.4933344
 [8,] 0.2889381 0.13584926 0.011909004 0.018773872 0.184979740 0.19715627 0.6401040
 [9,] 0.2699913 0.11004383 0.008693573 0.010869084 0.090582862 0.14160395 1.5150820
[10,] 0.2736349 0.11820072 0.012802179 0.017127041 0.173537694 0.18844218 0.6401040
[11,] 0.2408425 0.10930230 0.008514938 0.011198450 0.086768847 0.12962208 1.1402985
[12,] 0.2627041 0.10559462 0.008336303 0.018444505 0.030512122 0.07043889 0.2653206
[13,] 0.2113292 0.07786120 0.004227696 0.007575422 0.102024908 0.14124086 0.6401040
[14,] 0.2204383 0.08305195 0.009527203 0.010869084 0.017163069 0.08568854 1.5150820
[15,] 0.2379276 0.09209868 0.012802179 0.024043730 0.022884091 0.06462949 1.6296192
[16,] 0.2102362 0.08438671 0.015660340 0.030301687 0.036233145 0.06753419 1.6296192
[17,] 0.1843665 0.05813636 0.007859943 0.013174647 0.030512122 0.07951606 1.1402985
[18,] 0.2572387 0.10856076 0.007621763 0.017456407 0.183072732 0.18844218 1.1402985
[19,] 0.2871163 0.13362465 0.016136700 0.030960420 0.115373961 0.12054490 1.4933344
[20,] 0.2248106 0.08290364 0.007919488 0.006916690 0.077233809 0.12054490 1.2657096
[21,] 0.1872814 0.07237384 0.010956284 0.008234154 0.000000000 0.07080197 0.7763889
[22,] 0.2167947 0.10159033 0.015183980 0.015809576 0.090582862 0.14160395 0.6509778
[23,] 0.2539594 0.12442962 0.009348568 0.018115139 0.036233145 0.08568854 0.7872627
[24,] 0.2605179 0.08601809 0.006907222 0.007246056 0.167816671 0.19134688 1.6404930
[25,] 0.2375632 0.08661132 0.011670824 0.018444505 0.103931915 0.13543147 0.6401040
[26,] 0.2131510 0.08453502 0.009884473 0.014821478 0.022884091 0.07370667 1.2765834
[27,] 0.2474010 0.10870907 0.007324037 0.023384998 0.041954168 0.06462949 0.7655151
[28,] 0.2477653 0.09195037 0.012385364 0.014821478 0.026698107 0.07661137 1.2765834
[29,] 0.3166295 0.14207816 0.012980814 0.021408801 0.096303885 0.12054490 1.6296192
[30,] 0.2200739 0.07163231 0.010063108 0.019103238 0.019070076 0.06172480 1.3570495
[31,] 0.2703557 0.12591269 0.009944018 0.008563520 0.090582862 0.13252677 1.2765834
[32,] 0.1982123 0.07904766 0.013993080 0.014162745 0.090582862 0.14160395 1.6513668
[33,] 0.2809221 0.11597611 0.014648075 0.021408801 0.022884091 0.07370667 1.5042082
[34,] 0.2091431 0.06866617 0.014826710 0.018773872 0.009535038 0.07080197 1.1402985
[35,] 0.2871163 0.13214158 0.008157668 0.004940493 0.154467618 0.18844218 1.6404930
[36,] 0.2820152 0.11167521 0.011134919 0.014821478 0.096303885 0.12962208 1.2765834
[37,] 0.2138798 0.08364518 0.009765383 0.015809576 0.250771503 0.24726228 1.6404930
[38,] 0.2328265 0.10129372 0.010063108 0.019103238 0.173537694 0.19751936 1.2874572
[39,] 0.2637972 0.11464135 0.010896739 0.019103238 0.032419130 0.08278385 1.7876517
[40,] 0.2386563 0.09417498 0.006490407 0.009551619 0.164002656 0.18844218 0.6401040
[41,] 0.2572387 0.11449304 0.010003563 0.025361195 0.196421785 0.19134688 1.3679233
[42,] 0.2222601 0.08824270 0.011015829 0.015809576 0.103931915 0.12635429 0.6292302
[43,] 0.2193452 0.08512825 0.015124435 0.024373096 0.019070076 0.06172480 1.2657096
[44,] 0.2754567 0.10485309 0.007204947 0.015150844 0.019070076 0.07080197 0.6401040
[45,] 0.2667121 0.12368808 0.007264492 0.013504013 0.096303885 0.12054490 1.1294247
[46,] 0.2699913 0.11745919 0.014052625 0.007904788 0.158281633 0.19134688 1.2765834
[47,] 0.2474010 0.10129372 0.009348568 0.013504013 0.164002656 0.18844218 1.2765834
[48,] 0.2339196 0.07993750 0.012206729 0.019761970 0.022884091 0.07370667 0.2761944
[49,] 0.2306404 0.09135714 0.009050843 0.024043730 0.105838923 0.12054490 1.3570495
[50,] 0.2412068 0.12442962 0.009110388 0.003952394 0.000000000 0.07080197 1.5042082
          [,8]     [,9]     [,10]
 [1,] 1.914562 5.057274 0.4269433
 [2,] 2.305925 5.057274 0.4264808
 [3,] 3.025348 5.981623 0.4973769
 [4,] 3.016616 5.664892 0.4759523
 [5,] 2.057386 5.429097 0.4556800
 [6,] 2.074226 5.105154 0.4328189
 [7,] 2.920568 5.384222 0.4543085
 [8,] 1.852505 4.608923 0.3927126
 [9,] 2.292360 5.039845 0.4263590
[10,] 2.251041 4.383745 0.3734466
[11,] 2.816101 5.132800 0.4319424
[12,] 1.656823 4.703080 0.3985881
[13,] 0.939428 3.435757 0.2924792
[14,] 2.178693 4.893800 0.4112157
[15,] 2.263203 3.708213 0.3163304
[16,] 2.686530 4.620742 0.3884114
[17,] 2.816101 5.689733 0.4732904
[18,] 2.624785 4.981146 0.4207513
[19,] 3.243794 5.893675 0.4966790
[20,] 2.648485 4.917439 0.4134231
[21,] 1.925788 4.703080 0.3935485
[22,] 2.032595 4.471693 0.3767739
[23,] 2.429103 4.886988 0.4129037
[24,] 3.005078 5.492804 0.4624239
[25,] 1.634059 4.791028 0.4040336
[26,] 1.771426 4.433629 0.3734466
[27,] 2.133008 4.600709 0.3892716
[28,] 2.606854 5.138410 0.4328595
[29,] 3.098631 5.150229 0.4384185
[30,] 2.152654 4.954502 0.4161093
[31,] 2.219545 4.829091 0.4093086
[32,] 2.595316 4.966321 0.4156061
[33,] 2.588455 5.420282 0.4579117
[34,] 2.370321 4.928658 0.4132851
[35,] 2.595316 5.060479 0.4291751
[36,] 1.705003 3.611051 0.3114043
[37,] 2.802536 5.507027 0.4604600
[38,] 1.987533 3.974059 0.3375278
[39,] 2.029164 4.050587 0.3457974
[40,] 2.355820 5.906697 0.4944960
[41,] 3.181737 5.813942 0.4882228
[42,] 2.843231 6.070171 0.5066447
[43,] 1.760200 3.776127 0.3205910
[44,] 1.246750 3.924776 0.3363835
[45,] 2.212684 4.820277 0.4083509
[46,] 2.388408 4.951897 0.4192337
[47,] 2.169962 4.302609 0.3651202
[48,] 2.636323 5.961589 0.4986267
[49,] 2.564755 5.021213 0.4222202
[50,] 2.793336 5.314905 0.4467206

$Bdatesampinfo
       DATE JULIAN N        Mean      Stdev
1  08/02/11   2040 4  0.51149583 0.14575461
2  09/16/11   2085 5  0.42936833 0.21622103
3  10/23/11   2122 4  0.04322500 0.03529306
4  11/13/11   2143 7  0.04734167 0.06374190
5  12/12/11   2172 4  0.05763333 0.06654924
6  02/10/12   2232 5  0.24494167 0.51609194
7  03/27/12   2278 2  0.28096250 0.05094115
8  05/21/12   2333 3  3.49642222 2.56979132
9  06/19/12   2362 5 11.39699167 6.79406010
10 07/26/12   2399 3 12.97710556 3.51803390

$Ndatesampinfo
       DATE JULIAN N        Mean      Stdev
1  08/02/11   2040 4   394.44444  112.39993
2  09/16/11   2085 5   331.11111  166.74072
3  10/23/11   2122 4    33.33333   27.21655
4  11/13/11   2143 7    36.50794   49.15512
5  12/12/11   2172 4    44.44444   51.32002
6  02/10/12   2232 5   188.88889  397.98877
7  03/27/12   2278 2   216.66667   39.28371
8  05/21/12   2333 3  2696.29630 1981.71684
9  06/19/12   2362 5  8788.88889 5239.29832
10 07/26/12   2399 3 10007.40741 2712.96233

$Bdateboots
           [,1]      [,2]        [,3]       [,4]       [,5]       [,6]      [,7]
 [1,] 0.5403125 0.4783567 0.043225000 0.04940000 0.02881667 0.47835667 0.2449417
 [2,] 0.5619250 0.4293683 0.043225000 0.02470000 0.05763333 0.24494167 0.3169833
 [3,] 0.4466583 0.3083383 0.036020833 0.02881667 0.02881667 0.46683000 0.2449417
 [4,] 0.5619250 0.4437767 0.050429167 0.03293333 0.08645000 0.02305333 0.2809625
 [5,] 0.4898833 0.4466583 0.072041667 0.06175000 0.02881667 0.46683000 0.2449417
 [6,] 0.6555792 0.4812383 0.007204167 0.06998333 0.05763333 0.24494167 0.3169833
 [7,] 0.4826792 0.5878600 0.025214583 0.05351667 0.08645000 0.02305333 0.2449417
 [8,] 0.5259042 0.6166767 0.043225000 0.05969167 0.05763333 0.50141000 0.2809625
 [9,] 0.5691292 0.4985283 0.036020833 0.03910833 0.02881667 0.24494167 0.3169833
[10,] 0.5691292 0.5129367 0.061235417 0.04940000 0.05763333 0.46683000 0.2809625
[11,] 0.4538625 0.4985283 0.032418750 0.04116667 0.02881667 0.23341500 0.2809625
[12,] 0.5403125 0.4985283 0.014408333 0.05763333 0.05763333 0.03458000 0.2449417
[13,] 0.4754750 0.3602083 0.018010417 0.01852500 0.02881667 0.27952167 0.2809625
[14,] 0.5114958 0.3602083 0.043225000 0.03910833 0.02881667 0.02305333 0.3169833
[15,] 0.5114958 0.4293683 0.018010417 0.09262500 0.05763333 0.01152667 0.2449417
[16,] 0.4538625 0.3774983 0.032418750 0.10291667 0.08645000 0.02305333 0.2449417
[17,] 0.4898833 0.2391783 0.043225000 0.02470000 0.05763333 0.03458000 0.2809625
[18,] 0.5331083 0.4841200 0.043225000 0.02264167 0.08645000 0.46683000 0.2809625
[19,] 0.5475167 0.5878600 0.061235417 0.07821667 0.11526667 0.23341500 0.2449417
[20,] 0.5114958 0.3774983 0.025214583 0.04322500 0.00000000 0.23341500 0.2449417
[21,] 0.4322500 0.3083383 0.043225000 0.05145833 0.00000000 0.00000000 0.2809625
[22,] 0.4250458 0.4322500 0.061235417 0.06998333 0.02881667 0.24494167 0.3169833
[23,] 0.4538625 0.5503983 0.054031250 0.02675833 0.08645000 0.02305333 0.3169833
[24,] 0.6555792 0.3746167 0.043225000 0.01646667 0.02881667 0.47835667 0.2809625
[25,] 0.5619250 0.3774983 0.043225000 0.05763333 0.05763333 0.25646833 0.2809625
[26,] 0.4826792 0.3602083 0.050429167 0.03499167 0.05763333 0.01152667 0.2809625
[27,] 0.4826792 0.4956467 0.032418750 0.03087500 0.11526667 0.01152667 0.2449417
[28,] 0.6051500 0.3746167 0.072041667 0.03499167 0.05763333 0.02305333 0.2809625
[29,] 0.5979458 0.6541383 0.036020833 0.07615833 0.05763333 0.23341500 0.2449417
[30,] 0.5475167 0.3227467 0.025214583 0.06175000 0.05763333 0.00000000 0.2449417
[31,] 0.5187000 0.5503983 0.061235417 0.02470000 0.02881667 0.24494167 0.2809625
[32,] 0.4610667 0.3227467 0.061235417 0.05969167 0.02881667 0.24494167 0.3169833
[33,] 0.5979458 0.5129367 0.050429167 0.07615833 0.05763333 0.01152667 0.2809625
[34,] 0.5331083 0.2939300 0.039622917 0.08850833 0.02881667 0.00000000 0.2809625
[35,] 0.5331083 0.6022683 0.039622917 0.03087500 0.00000000 0.46683000 0.2809625
[36,] 0.6339667 0.4812383 0.061235417 0.03499167 0.05763333 0.23341500 0.2809625
[37,] 0.4826792 0.3630900 0.043225000 0.04116667 0.05763333 0.70024500 0.2809625
[38,] 0.4538625 0.4668300 0.025214583 0.06175000 0.05763333 0.46683000 0.3169833
[39,] 0.5475167 0.4956467 0.061235417 0.03293333 0.08645000 0.01152667 0.3169833
[40,] 0.5114958 0.4322500 0.025214583 0.03087500 0.02881667 0.46683000 0.2809625
[41,] 0.5042917 0.5129367 0.043225000 0.04322500 0.11526667 0.47835667 0.2809625
[42,] 0.5042917 0.3746167 0.054031250 0.04116667 0.05763333 0.25646833 0.2449417
[43,] 0.4898833 0.3774983 0.036020833 0.09468333 0.05763333 0.00000000 0.2449417
[44,] 0.6051500 0.4841200 0.025214583 0.03705000 0.05763333 0.00000000 0.2809625
[45,] 0.4898833 0.5648067 0.036020833 0.02675833 0.05763333 0.23341500 0.2449417
[46,] 0.5691292 0.4985283 0.072041667 0.04940000 0.00000000 0.47835667 0.2809625
[47,] 0.5114958 0.4668300 0.025214583 0.05557500 0.02881667 0.46683000 0.2809625
[48,] 0.5763333 0.3486817 0.039622917 0.06586667 0.05763333 0.01152667 0.2809625
[49,] 0.4826792 0.4293683 0.014408333 0.06380833 0.08645000 0.23341500 0.2449417
[50,] 0.4034333 0.5503983 0.054031250 0.02470000 0.00000000 0.00000000 0.2809625
           [,8]      [,9]    [,10]
 [1,] 2.2909250  9.503737 14.74453
 [2,] 4.7019194  9.503737 14.74453
 [3,] 4.7019194 13.935740 14.74453
 [4,] 3.9478833 14.635985 12.52564
 [5,] 1.8394639 10.835067 15.19599
 [6,] 3.4964222  9.281848 15.19599
 [7,] 4.7019194 13.290247 12.52564
 [8,] 1.8394639  9.572897 12.52564
 [9,] 4.7019194  9.420168 14.74453
[10,] 1.8394639 12.028077  8.99080
[11,] 3.4964222 13.852172 10.75822
[12,] 0.6339667  9.572897 12.97711
[13,] 1.8394639  3.947883 12.52564
[14,] 4.7019194  8.719923 14.74453
[15,] 5.1533806  8.789083  8.99080
[16,] 5.1533806 11.396992 10.75822
[17,] 3.4964222 13.852172 13.42857
[18,] 3.4964222 12.673570 11.20968
[19,] 4.7019194 15.281478 12.97711
[20,] 3.9478833 12.368113 11.20968
[21,] 2.2909250  9.572897 12.97711
[22,] 1.8394639 10.682338 10.75822
[23,] 2.2909250 12.673570 10.75822
[24,] 5.1533806 13.359407 12.97711
[25,] 1.8394639  8.227158 14.74453
[26,] 3.9478833  6.964988 14.29307
[27,] 2.2909250 10.849475 11.20968
[28,] 3.9478833 12.111645 12.52564
[29,] 5.1533806 13.935740 10.75822
[30,] 4.2504583  9.010972 14.74453
[31,] 3.9478833  9.725625 13.42857
[32,] 5.1533806 10.835067 12.97711
[33,] 4.7019194 11.244263 14.74453
[34,] 3.4964222 11.105943 12.52564
[35,] 5.1533806 10.835067 13.42857
[36,] 3.9478833  6.555792 10.75822
[37,] 5.1533806 12.111645 14.29307
[38,] 3.9478833  8.296318 10.75822
[39,] 5.6048417  6.895828 12.52564
[40,] 1.8394639 12.673570 15.64745
[41,] 4.2504583 15.350638 12.52564
[42,] 1.8394639 15.676267 13.42857
[43,] 3.9478833  6.895828 11.20968
[44,] 1.8394639  5.841138 12.97711
[45,] 3.4964222 10.134822 12.97711
[46,] 3.9478833 10.765907 12.97711
[47,] 3.9478833  9.420168 11.20968
[48,] 0.6339667 15.607107 12.97711
[49,] 4.2504583 11.549720 12.52564
[50,] 4.7019194 12.506433 12.97711

$Ndateboots
          [,1]     [,2]      [,3]     [,4]     [,5]       [,6]     [,7]      [,8]
 [1,] 416.6667 368.8889 33.333333 38.09524 22.22222 368.888889 188.8889 1766.6667
 [2,] 433.3333 331.1111 33.333333 19.04762 44.44444 188.888889 244.4444 3625.9259
 [3,] 344.4444 237.7778 27.777778 22.22222 22.22222 360.000000 188.8889 3625.9259
 [4,] 433.3333 342.2222 38.888889 25.39683 66.66667  17.777778 216.6667 3044.4444
 [5,] 377.7778 344.4444 55.555556 47.61905 22.22222 360.000000 188.8889 1418.5185
 [6,] 505.5556 371.1111  5.555556 53.96825 44.44444 188.888889 244.4444 2696.2963
 [7,] 372.2222 453.3333 19.444444 41.26984 66.66667  17.777778 188.8889 3625.9259
 [8,] 405.5556 475.5556 33.333333 46.03175 44.44444 386.666667 216.6667 1418.5185
 [9,] 438.8889 384.4444 27.777778 30.15873 22.22222 188.888889 244.4444 3625.9259
[10,] 438.8889 395.5556 47.222222 38.09524 44.44444 360.000000 216.6667 1418.5185
[11,] 350.0000 384.4444 25.000000 31.74603 22.22222 180.000000 216.6667 2696.2963
[12,] 416.6667 384.4444 11.111111 44.44444 44.44444  26.666667 188.8889  488.8889
[13,] 366.6667 277.7778 13.888889 14.28571 22.22222 215.555556 216.6667 1418.5185
[14,] 394.4444 277.7778 33.333333 30.15873 22.22222  17.777778 244.4444 3625.9259
[15,] 394.4444 331.1111 13.888889 71.42857 44.44444   8.888889 188.8889 3974.0741
[16,] 350.0000 291.1111 25.000000 79.36508 66.66667  17.777778 188.8889 3974.0741
[17,] 377.7778 184.4444 33.333333 19.04762 44.44444  26.666667 216.6667 2696.2963
[18,] 411.1111 373.3333 33.333333 17.46032 66.66667 360.000000 216.6667 2696.2963
[19,] 422.2222 453.3333 47.222222 60.31746 88.88889 180.000000 188.8889 3625.9259
[20,] 394.4444 291.1111 19.444444 33.33333  0.00000 180.000000 188.8889 3044.4444
[21,] 333.3333 237.7778 33.333333 39.68254  0.00000   0.000000 216.6667 1766.6667
[22,] 327.7778 333.3333 47.222222 53.96825 22.22222 188.888889 244.4444 1418.5185
[23,] 350.0000 424.4444 41.666667 20.63492 66.66667  17.777778 244.4444 1766.6667
[24,] 505.5556 288.8889 33.333333 12.69841 22.22222 368.888889 216.6667 3974.0741
[25,] 433.3333 291.1111 33.333333 44.44444 44.44444 197.777778 216.6667 1418.5185
[26,] 372.2222 277.7778 38.888889 26.98413 44.44444   8.888889 216.6667 3044.4444
[27,] 372.2222 382.2222 25.000000 23.80952 88.88889   8.888889 188.8889 1766.6667
[28,] 466.6667 288.8889 55.555556 26.98413 44.44444  17.777778 216.6667 3044.4444
[29,] 461.1111 504.4444 27.777778 58.73016 44.44444 180.000000 188.8889 3974.0741
[30,] 422.2222 248.8889 19.444444 47.61905 44.44444   0.000000 188.8889 3277.7778
[31,] 400.0000 424.4444 47.222222 19.04762 22.22222 188.888889 216.6667 3044.4444
[32,] 355.5556 248.8889 47.222222 46.03175 22.22222 188.888889 244.4444 3974.0741
[33,] 461.1111 395.5556 38.888889 58.73016 44.44444   8.888889 216.6667 3625.9259
[34,] 411.1111 226.6667 30.555556 68.25397 22.22222   0.000000 216.6667 2696.2963
[35,] 411.1111 464.4444 30.555556 23.80952  0.00000 360.000000 216.6667 3974.0741
[36,] 488.8889 371.1111 47.222222 26.98413 44.44444 180.000000 216.6667 3044.4444
[37,] 372.2222 280.0000 33.333333 31.74603 44.44444 540.000000 216.6667 3974.0741
[38,] 350.0000 360.0000 19.444444 47.61905 44.44444 360.000000 244.4444 3044.4444
[39,] 422.2222 382.2222 47.222222 25.39683 66.66667   8.888889 244.4444 4322.2222
[40,] 394.4444 333.3333 19.444444 23.80952 22.22222 360.000000 216.6667 1418.5185
[41,] 388.8889 395.5556 33.333333 33.33333 88.88889 368.888889 216.6667 3277.7778
[42,] 388.8889 288.8889 41.666667 31.74603 44.44444 197.777778 188.8889 1418.5185
[43,] 377.7778 291.1111 27.777778 73.01587 44.44444   0.000000 188.8889 3044.4444
[44,] 466.6667 373.3333 19.444444 28.57143 44.44444   0.000000 216.6667 1418.5185
[45,] 377.7778 435.5556 27.777778 20.63492 44.44444 180.000000 188.8889 2696.2963
[46,] 438.8889 384.4444 55.555556 38.09524  0.00000 368.888889 216.6667 3044.4444
[47,] 394.4444 360.0000 19.444444 42.85714 22.22222 360.000000 216.6667 3044.4444
[48,] 444.4444 268.8889 30.555556 50.79365 44.44444   8.888889 216.6667  488.8889
[49,] 372.2222 331.1111 11.111111 49.20635 66.66667 180.000000 188.8889 3277.7778
[50,] 311.1111 424.4444 41.666667 19.04762  0.00000   0.000000 216.6667 3625.9259
           [,9]     [,10]
 [1,]  7328.889 11370.370
 [2,]  7328.889 11370.370
 [3,] 10746.667 11370.370
 [4,] 11286.667  9659.259
 [5,]  8355.556 11718.519
 [6,]  7157.778 11718.519
 [7,] 10248.889  9659.259
 [8,]  7382.222  9659.259
 [9,]  7264.444 11370.370
[10,]  9275.556  6933.333
[11,] 10682.222  8296.296
[12,]  7382.222 10007.407
[13,]  3044.444  9659.259
[14,]  6724.444 11370.370
[15,]  6777.778  6933.333
[16,]  8788.889  8296.296
[17,] 10682.222 10355.556
[18,]  9773.333  8644.444
[19,] 11784.444 10007.407
[20,]  9537.778  8644.444
[21,]  7382.222 10007.407
[22,]  8237.778  8296.296
[23,]  9773.333  8296.296
[24,] 10302.222 10007.407
[25,]  6344.444 11370.370
[26,]  5371.111 11022.222
[27,]  8366.667  8644.444
[28,]  9340.000  9659.259
[29,] 10746.667  8296.296
[30,]  6948.889 11370.370
[31,]  7500.000 10355.556
[32,]  8355.556 10007.407
[33,]  8671.111 11370.370
[34,]  8564.444  9659.259
[35,]  8355.556 10355.556
[36,]  5055.556  8296.296
[37,]  9340.000 11022.222
[38,]  6397.778  8296.296
[39,]  5317.778  9659.259
[40,]  9773.333 12066.667
[41,] 11837.778  9659.259
[42,] 12088.889 10355.556
[43,]  5317.778  8644.444
[44,]  4504.444 10007.407
[45,]  7815.556 10007.407
[46,]  8302.222 10007.407
[47,]  7264.444  8644.444
[48,] 12035.556 10007.407
[49,]  8906.667  9659.259
[50,]  9644.444 10007.407

