$totdays
[1] 391

$Psampest
[1] 656.3922

$Pbootest
     Mean      2.5%       50%     97.5% 
1920.6593  193.3479  865.0015 8266.2287 

$Pboots
 [1]  723.3466  634.8433  904.9341 4910.9991  290.3942  680.2933 2701.1598 1500.0071
 [9] 1784.1281 8328.8197 2048.6527 2836.2622  596.4924  817.4683  743.9443 2579.8556
[17] 8050.6377 8821.4011  595.5168  791.6264 5675.4458  194.2792  193.0776 4134.2314
[25]  141.1667  525.0061 2086.0073 4757.9818  850.6047  484.8384 1146.9741  648.9796
[33] 1298.9363 2347.7705  247.3249  662.9245  652.7153 3066.4061 1596.6847  421.3344
[41]  648.9566  704.1357 4646.4422  378.5286 1325.0674 2172.6680 2666.1194  533.2857
[49]  604.8897  879.3982

$Bboots
 [1]  203.77637  175.82474  206.52744 1339.77730   81.34435  183.81374  489.25218
 [8]  412.50021  450.54848 1378.98885  670.01859  784.88339  167.54039  222.50491
[15]  201.26570  457.13840 1297.80138 1519.43238  180.56125  218.21145 1652.82645
[22]   52.34651   50.97594  773.98389   37.06669  142.41383  709.26163 1304.68142
[29]  229.33460  126.42424  323.10273  176.98808  312.55484  747.82804   62.56920
[36]  186.33272  184.19899  843.25439  536.68117  118.09483  180.66638  190.13500
[43] 1273.70915  104.84180  367.39407  597.63283  475.54779  140.00619  119.67113
[50]  241.20269

$Nboots
 [1]  4.967666  7.392710 33.641975 24.368019  3.115814 14.476778  7.774838  5.717225
 [9] 25.778954 20.326279  8.671370 13.227513  4.350382  9.861846 10.714286  7.392710
[17] 27.939447 20.164609 23.339212  7.260435 23.515579  3.527337  3.659612 10.346855
[25]  2.807172 13.433275 11.890065 18.136390 11.845973  8.524397  6.407995  8.318636
[33] 27.865961 23.794827  6.746032  6.128748  3.497942 11.243386 10.993533 10.111699
[41]  5.070547 23.883010 17.181070 18.033510 11.948854  5.893592 11.845973 12.669018
[49] 22.001764 22.486772

$julians
 [1] 2008 2040 2085 2141 2232 2278 2283 2333 2362 2399

$intdays
[1] 32 45 56 91 46  5 50 29 37

$Pintsampest
[1]   0.000000  22.211285  27.357061   0.000000   0.000000   0.000000   0.000000
[8]   3.781872 603.042020

$Pintboots
             [,1]        [,2]      [,3]        [,4]        [,5]        [,6]        [,7]
 [1,]    3.450148    8.950572  5.088084    0.000000    0.000000   0.0000000    0.000000
 [2,]    0.000000   26.342318 32.445145    0.000000    0.000000   0.0000000    0.000000
 [3,]   90.601355  126.561764  0.000000  252.638247  127.610284   0.0000000    0.000000
 [4,] 1835.811370 2618.761340 66.806929    0.000000    0.000000   0.0000000    0.000000
 [5,]   13.258042   22.651300  5.088084    0.000000    0.000000   0.0000000    0.000000
 [6,]    3.450148   71.453394 82.071182    0.000000    0.000000   2.0307588   20.351483
 [7,]    0.000000   22.211285 27.357061 1425.532196  720.052789   0.0000000    0.000000
 [8,]  511.203599  722.376882 10.176169    0.000000    0.000000   0.0000000    0.000000
 [9,]    0.000000   36.160504 44.537952  252.638247  127.610284   0.0000000    0.000000
[10,]    0.000000    8.262066 10.176169 5119.446648 2585.894428   0.0000000    0.000000
[11,]    0.000000    4.131033  5.088084    0.000000    0.000000  78.3054050  784.742882
[12,]  511.203599  750.275320 44.537952    0.000000    0.000000   0.0000000    0.000000
[13,]   13.258042   22.651300  5.088084    0.000000    0.000000   0.0000000    0.000000
[14,]    0.000000   40.291537 49.626037    9.620594    4.859465   0.0000000    0.000000
[15,]    0.000000   58.371789 71.895013    0.000000    0.000000   0.0000000    0.000000
[16,]    0.000000   12.393099 15.264253 1425.532196  720.052789   0.0000000    0.000000
[17,]   20.700888   51.128517 27.357061 5119.446648 2585.894428   0.0000000    0.000000
[18,]    0.000000    0.000000  0.000000 5119.446648 2585.894428   0.0000000    0.000000
[19,]   13.258042   44.862585 32.445145    0.000000    0.000000  13.8775741  139.075708
[20,]    0.000000   36.160504 44.537952    0.000000    0.000000   0.0000000    0.000000
[21,] 1835.811370 2586.731869 27.357061    0.000000    0.000000  78.3054050  784.742882
[22,]    0.000000   18.080252 22.268976    0.000000    0.000000   0.0000000    0.000000
[23,]    0.000000   22.211285 27.357061    0.000000    0.000000   0.0000000    0.000000
[24,]    3.450148   13.081605 10.176169 2065.771868 1043.445947   0.0000000    0.000000
[25,]    0.000000   18.080252 22.268976    0.000000    0.000000   0.0000000    0.000000
[26,]   20.700888   65.077736 44.537952    0.000000    0.000000   0.0000000    0.000000
[27,]    0.000000   36.160504 44.537952   36.969527   18.673704 113.4742103 1137.187265
[28,] 1835.811370 2568.651617  5.088084    0.000000    0.000000   0.0000000    0.000000
[29,]    0.000000   58.371789 71.895013    9.620594    4.859465   0.0000000    0.000000
[30,]    3.450148   31.161857 32.445145   36.969527   18.673704   0.0000000    0.000000
[31,]   13.258042   22.651300  5.088084    0.000000    0.000000   0.0000000    0.000000
[32,]    0.000000   40.291537 49.626037    0.000000    0.000000   0.0000000    0.000000
[33,]   13.258042   72.761023 66.806929  252.638247  127.610284   2.0307588   20.351483
[34,]    0.000000    4.131033  5.088084  252.638247  127.610284 113.4742103 1137.187265
[35,]    0.000000   36.160504 44.537952    9.620594    4.859465   0.0000000    0.000000
[36,]    0.000000   22.211285 27.357061    0.000000    0.000000   2.0307588   20.351483
[37,]    3.450148    4.819539  0.000000    0.000000    0.000000   0.0000000    0.000000
[38,]  740.784321 1038.959663  5.088084   36.969527   18.673704   0.0000000    0.000000
[39,]    3.450148   45.111076 49.626037    0.000000    0.000000  78.3054050  784.742882
[40,]   20.700888   33.048265  5.088084    0.000000    0.000000   0.0000000    0.000000
[41,]    0.000000   18.080252 22.268976    0.000000    0.000000   0.0000000    0.000000
[42,]   90.601355  170.984334 54.714121    0.000000    0.000000   0.0000000    0.000000
[43,] 1835.811370 2564.520584  0.000000    0.000000    0.000000   0.0000000    0.000000
[44,]   90.601355  130.692797  5.088084    0.000000    0.000000   0.0000000    0.000000
[45,]    0.000000   44.422570 54.714121    0.000000    0.000000   0.0000000    0.000000
[46,]  740.784321 1038.959663  5.088084    0.000000    0.000000   0.0000000    0.000000
[47,]   13.258042   62.942837 54.714121 1425.532196  720.052789   0.0000000    0.000000
[48,]    0.000000   72.321008 89.075905    0.000000    0.000000   0.5284651    5.296074
[49,]    0.000000   26.342318 32.445145  252.638247  127.610284   0.0000000    0.000000
[50,]   90.601355  148.773049 27.357061    9.620594    4.859465   0.0000000    0.000000
           [,8]      [,9]
 [1,] 3.7818723  702.0759
 [2,] 9.7837459  566.2721
 [3,] 4.5628078  302.9596
 [4,] 1.5618710  388.0576
 [5,] 3.0009368  246.3959
 [6,] 0.7809355  500.1554
 [7,] 3.0009368  503.0055
 [8,] 6.0018736  250.2486
 [9,] 6.0018736 1317.1793
[10,] 3.0009368  602.0394
[11,] 4.5628078 1171.8225
[12,] 3.7818723 1526.4635
[13,] 0.7809355  554.7140
[14,] 0.7809355  712.2897
[15,] 6.7828091  606.8947
[16,] 9.0028104  397.6105
[17,] 1.5618710  244.5483
[18,] 3.7818723 1112.2781
[19,] 4.5628078  347.4350
[20,] 6.0018736  704.9260
[21,] 3.0009368  359.4963
[22,] 4.5628078  149.3671
[23,] 0.0000000  143.5092
[24,] 0.0000000  998.3056
[25,] 0.7809355  100.0365
[26,] 3.7818723  390.9077
[27,] 0.7809355  698.2232
[28,] 3.0009368  345.4298
[29,] 3.7818723  702.0759
[30,] 9.0028104  353.1352
[31,] 3.7818723 1102.1948
[32,] 2.3428065  556.7192
[33,] 0.7809355  742.6986
[34,] 4.5628078  703.0785
[35,] 3.7818723  148.3645
[36,] 3.0009368  587.9729
[37,] 0.7809355  643.6646
[38,] 6.7828091 1219.1479
[39,] 3.0009368  632.4482
[40,] 3.0009368  359.4963
[41,] 4.5628078  604.0446
[42,] 0.7809355  387.0550
[43,] 1.5618710  244.5483
[44,] 3.7818723  148.3645
[45,] 6.7828091 1219.1479
[46,] 0.7809355  387.0550
[47,] 1.5618710  388.0576
[48,] 4.5628078  361.5015
[49,] 9.7837459  156.0699
[50,] 0.0000000  598.1867

$Bdatesampinfo
       DATE JULIAN N       Mean     Stdev
1  07/01/11   2008 3    0.00000    0.0000
2  08/02/11   2040 1    0.00000        NA
3  09/16/11   2085 7   94.19409  200.4175
4  11/11/11   2141 5    0.00000    0.0000
5  02/10/12   2232 1    0.00000        NA
6  03/27/12   2278 3    0.00000    0.0000
7  04/01/12   2283 1    0.00000        NA
8  05/21/12   2333 2    0.00000    0.0000
9  06/19/12   2362 4   24.74478   37.1351
10 07/26/12   2399 6 3038.93628 4249.6346

$Ndatesampinfo
       DATE JULIAN N      Mean     Stdev
1  07/01/11   2008 3  0.000000  0.000000
2  08/02/11   2040 1  0.000000        NA
3  09/16/11   2085 7 30.158730 56.186889
4  11/11/11   2141 5  0.000000  0.000000
5  02/10/12   2232 1  0.000000        NA
6  03/27/12   2278 3  0.000000  0.000000
7  04/01/12   2283 1  0.000000        NA
8  05/21/12   2333 2  0.000000  0.000000
9  06/19/12   2362 4  5.555556  6.415003
10 07/26/12   2399 6 33.333333 56.218270

$Bdateboots
      [,1]        [,2]      [,3] [,4]        [,5] [,6]       [,7] [,8]      [,9]
 [1,]    0    20.43933  17.51943    0     0.00000    0    0.00000    0 24.744778
 [2,]    0     0.00000 111.71352    0     0.00000    0    0.00000    0 64.014668
 [3,]    0   536.72267   0.00000    0   536.72267    0    0.00000    0 29.854611
 [4,]    0 10836.75769 230.02400    0     0.00000    0    0.00000    0 10.219666
 [5,]    0    78.53978  17.51943    0     0.00000    0    0.00000    0 19.634945
 [6,]    0    20.43933 282.58228    0     0.00000    0   78.53978    0  5.109833
 [7,]    0     0.00000  94.19409    0  3021.78814    0    0.00000    0 19.634945
 [8,]    0  3021.78814  35.03886    0     0.00000    0    0.00000    0 39.269890
 [9,]    0     0.00000 153.34933    0   536.72267    0    0.00000    0 39.269890
[10,]    0     0.00000  35.03886    0 10836.75769    0    0.00000    0 19.634945
[11,]    0     0.00000  17.51943    0     0.00000    0 3021.78814    0 29.854611
[12,]    0  3021.78814 153.34933    0     0.00000    0    0.00000    0 24.744778
[13,]    0    78.53978  17.51943    0     0.00000    0    0.00000    0  5.109833
[14,]    0     0.00000 170.86876    0    20.43933    0    0.00000    0  5.109833
[15,]    0     0.00000 247.54343    0     0.00000    0    0.00000    0 44.379723
[16,]    0     0.00000  52.55828    0  3021.78814    0    0.00000    0 58.904835
[17,]    0   122.63599  94.19409    0 10836.75769    0    0.00000    0 10.219666
[18,]    0     0.00000   0.00000    0 10836.75769    0    0.00000    0 24.744778
[19,]    0    78.53978 111.71352    0     0.00000    0  536.72267    0 29.854611
[20,]    0     0.00000 153.34933    0     0.00000    0    0.00000    0 39.269890
[21,]    0 10836.75769  94.19409    0     0.00000    0 3021.78814    0 19.634945
[22,]    0     0.00000  76.67467    0     0.00000    0    0.00000    0 29.854611
[23,]    0     0.00000  94.19409    0     0.00000    0    0.00000    0  0.000000
[24,]    0    20.43933  35.03886    0  4375.07186    0    0.00000    0  0.000000
[25,]    0     0.00000  76.67467    0     0.00000    0    0.00000    0  5.109833
[26,]    0   122.63599 153.34933    0     0.00000    0    0.00000    0 24.744778
[27,]    0     0.00000 153.34933    0    78.53978    0 4375.07186    0  5.109833
[28,]    0 10836.75769  17.51943    0     0.00000    0    0.00000    0 19.634945
[29,]    0     0.00000 247.54343    0    20.43933    0    0.00000    0 24.744778
[30,]    0    20.43933 111.71352    0    78.53978    0    0.00000    0 58.904835
[31,]    0    78.53978  17.51943    0     0.00000    0    0.00000    0 24.744778
[32,]    0     0.00000 170.86876    0     0.00000    0    0.00000    0 15.329499
[33,]    0    78.53978 230.02400    0   536.72267    0   78.53978    0  5.109833
[34,]    0     0.00000  17.51943    0   536.72267    0 4375.07186    0 29.854611
[35,]    0     0.00000 153.34933    0    20.43933    0    0.00000    0 24.744778
[36,]    0     0.00000  94.19409    0     0.00000    0   78.53978    0 19.634945
[37,]    0    20.43933   0.00000    0     0.00000    0    0.00000    0  5.109833
[38,]    0  4375.07186  17.51943    0    78.53978    0    0.00000    0 44.379723
[39,]    0    20.43933 170.86876    0     0.00000    0 3021.78814    0 19.634945
[40,]    0   122.63599  17.51943    0     0.00000    0    0.00000    0 19.634945
[41,]    0     0.00000  76.67467    0     0.00000    0    0.00000    0 29.854611
[42,]    0   536.72267 188.38819    0     0.00000    0    0.00000    0  5.109833
[43,]    0 10836.75769   0.00000    0     0.00000    0    0.00000    0 10.219666
[44,]    0   536.72267  17.51943    0     0.00000    0    0.00000    0 24.744778
[45,]    0     0.00000 188.38819    0     0.00000    0    0.00000    0 44.379723
[46,]    0  4375.07186  17.51943    0     0.00000    0    0.00000    0  5.109833
[47,]    0    78.53978 188.38819    0  3021.78814    0    0.00000    0 10.219666
[48,]    0     0.00000 306.69867    0     0.00000    0   20.43933    0 29.854611
[49,]    0     0.00000 111.71352    0   536.72267    0    0.00000    0 64.014668
[50,]    0   536.72267  94.19409    0    20.43933    0    0.00000    0  0.000000
          [,10]
 [1,] 3542.5676
 [2,] 2813.3890
 [3,] 1510.8941
 [4,] 1961.9886
 [5,] 1232.8100
 [6,] 2535.3049
 [7,] 2535.3049
 [8,] 1232.8100
 [9,] 6651.1888
[10,] 3038.9363
[11,] 5922.0102
[12,] 7728.1365
[13,] 2813.3890
[14,] 3612.2526
[15,] 3038.9363
[16,] 1961.9886
[17,] 1232.8100
[18,] 5626.7780
[19,] 1736.4414
[20,] 3542.5676
[21,] 1806.1263
[22,]  729.1786
[23,]  729.1786
[24,] 5070.6098
[25,]  503.6314
[26,] 1961.9886
[27,] 3542.5676
[28,] 1736.4414
[29,] 3542.5676
[30,] 1736.4414
[31,] 5574.2412
[32,] 2813.3890
[33,] 3768.1149
[34,] 3542.5676
[35,]  729.1786
[36,] 2969.2514
[37,] 3264.4836
[38,] 6147.5575
[39,] 3194.7986
[40,] 1806.1263
[41,] 3038.9363
[42,] 1961.9886
[43,] 1232.8100
[44,]  729.1786
[45,] 6147.5575
[46,] 1961.9886
[47,] 1961.9886
[48,] 1806.1263
[49,]  729.1786
[50,] 3038.9363

$Ndateboots
      [,1]      [,2]     [,3] [,4]      [,5] [,6]      [,7] [,8]      [,9]      [,10]
 [1,]    0  11.11111  9.52381    0   0.00000    0   0.00000    0  5.555556  37.037037
 [2,]    0   0.00000 39.68254    0   0.00000    0   0.00000    0 11.111111  31.481481
 [3,]    0 144.44444  0.00000    0 144.44444    0   0.00000    0  8.333333  11.111111
 [4,]    0 144.44444 61.90476    0   0.00000    0   0.00000    0  5.555556  14.814815
 [5,]    0  11.11111  9.52381    0   0.00000    0   0.00000    0  2.777778   9.259259
 [6,]    0  11.11111 90.47619    0   0.00000    0  11.11111    0  2.777778  29.629630
 [7,]    0   0.00000 30.15873    0  22.22222    0   0.00000    0  2.777778  29.629630
 [8,]    0  22.22222 19.04762    0   0.00000    0   0.00000    0  5.555556   9.259259
 [9,]    0   0.00000 41.26984    0 144.44444    0   0.00000    0  5.555556  81.481481
[10,]    0   0.00000 19.04762    0 144.44444    0   0.00000    0  2.777778  33.333333
[11,]    0   0.00000  9.52381    0   0.00000    0  22.22222    0  8.333333  75.925926
[12,]    0  22.22222 41.26984    0   0.00000    0   0.00000    0  5.555556 100.000000
[13,]    0  11.11111  9.52381    0   0.00000    0   0.00000    0  2.777778  31.481481
[14,]    0   0.00000 50.79365    0  11.11111    0   0.00000    0  2.777778  48.148148
[15,]    0   0.00000 71.42857    0   0.00000    0   0.00000    0  8.333333  33.333333
[16,]    0   0.00000 28.57143    0  22.22222    0   0.00000    0  8.333333  14.814815
[17,]    0  66.66667 30.15873    0 144.44444    0   0.00000    0  5.555556   9.259259
[18,]    0   0.00000  0.00000    0 144.44444    0   0.00000    0  5.555556  62.962963
[19,]    0  11.11111 39.68254    0   0.00000    0 144.44444    0  8.333333  12.962963
[20,]    0   0.00000 41.26984    0   0.00000    0   0.00000    0  5.555556  37.037037
[21,]    0 144.44444 30.15873    0   0.00000    0  22.22222    0  2.777778  24.074074
[22,]    0   0.00000 20.63492    0   0.00000    0   0.00000    0  8.333333   5.555556
[23,]    0   0.00000 30.15873    0   0.00000    0   0.00000    0  0.000000   5.555556
[24,]    0  11.11111 19.04762    0  33.33333    0   0.00000    0  0.000000  59.259259
[25,]    0   0.00000 20.63492    0   0.00000    0   0.00000    0  2.777778   3.703704
[26,]    0  66.66667 41.26984    0   0.00000    0   0.00000    0  5.555556  14.814815
[27,]    0   0.00000 41.26984    0  11.11111    0  33.33333    0  2.777778  37.037037
[28,]    0 144.44444  9.52381    0   0.00000    0   0.00000    0  2.777778  12.962963
[29,]    0   0.00000 71.42857    0  11.11111    0   0.00000    0  5.555556  37.037037
[30,]    0  11.11111 39.68254    0  11.11111    0   0.00000    0  8.333333  12.962963
[31,]    0  11.11111  9.52381    0   0.00000    0   0.00000    0  5.555556  62.962963
[32,]    0   0.00000 50.79365    0   0.00000    0   0.00000    0  8.333333  31.481481
[33,]    0  11.11111 61.90476    0 144.44444    0  11.11111    0  2.777778  38.888889
[34,]    0   0.00000  9.52381    0 144.44444    0  33.33333    0  8.333333  37.037037
[35,]    0   0.00000 41.26984    0  11.11111    0   0.00000    0  5.555556   5.555556
[36,]    0   0.00000 30.15873    0   0.00000    0  11.11111    0  2.777778  22.222222
[37,]    0  11.11111  0.00000    0   0.00000    0   0.00000    0  2.777778  35.185185
[38,]    0  33.33333  9.52381    0  11.11111    0   0.00000    0  8.333333  77.777778
[39,]    0  11.11111 50.79365    0   0.00000    0  22.22222    0  2.777778  24.074074
[40,]    0  66.66667  9.52381    0   0.00000    0   0.00000    0  2.777778  24.074074
[41,]    0   0.00000 20.63492    0   0.00000    0   0.00000    0  8.333333  33.333333
[42,]    0 144.44444 60.31746    0   0.00000    0   0.00000    0  2.777778  14.814815
[43,]    0 144.44444  0.00000    0   0.00000    0   0.00000    0  5.555556   9.259259
[44,]    0 144.44444  9.52381    0   0.00000    0   0.00000    0  5.555556   5.555556
[45,]    0   0.00000 60.31746    0   0.00000    0   0.00000    0  8.333333  77.777778
[46,]    0  33.33333  9.52381    0   0.00000    0   0.00000    0  2.777778  14.814815
[47,]    0  11.11111 60.31746    0  22.22222    0   0.00000    0  5.555556  14.814815
[48,]    0   0.00000 82.53968    0   0.00000    0  11.11111    0  8.333333  24.074074
[49,]    0   0.00000 39.68254    0 144.44444    0   0.00000    0 11.111111   5.555556
[50,]    0 144.44444 30.15873    0  11.11111    0   0.00000    0  0.000000  33.333333

