$totdays
[1] 391

$Psampest
[1] NA

$Pbootest
        Mean         2.5%          50%        97.5% 
0.0005155011 0.0000000000 0.0000000000 0.0050212359 

$Pboots
 [1] 0.005066837 0.000000000 0.000000000 0.000000000 0.002264929 0.000000000 0.000000000
 [8] 0.000000000 0.000000000 0.000000000 0.000000000 0.000000000 0.000000000 0.000000000
[15] 0.000000000 0.000000000 0.000000000 0.000000000 0.000000000 0.000000000 0.000000000
[22] 0.000000000 0.000000000 0.000000000 0.000000000 0.000000000 0.000000000 0.000000000
[29] 0.000000000 0.000000000 0.000000000 0.000000000 0.000000000 0.000000000 0.000000000
[36] 0.000000000 0.000000000 0.010336348 0.000000000 0.004864164 0.003242776 0.000000000
[43] 0.000000000 0.000000000 0.000000000 0.000000000 0.000000000 0.000000000 0.000000000
[50] 0.000000000

$Bboots
 [1] 0.001667631 0.000000000 0.000000000 0.000000000 0.000533642 0.000000000 0.000000000
 [8] 0.000000000 0.000000000 0.000000000 0.000000000 0.000000000 0.000000000 0.000000000
[15] 0.000000000 0.000000000 0.000000000 0.000000000 0.000000000 0.000000000 0.000000000
[22] 0.000000000 0.000000000 0.000000000 0.000000000 0.000000000 0.000000000 0.000000000
[29] 0.000000000 0.000000000 0.000000000 0.000000000 0.000000000 0.000000000 0.000000000
[36] 0.000000000 0.000000000 0.003401968 0.000000000 0.001600926 0.001067284 0.000000000
[43] 0.000000000 0.000000000 0.000000000 0.000000000 0.000000000 0.000000000 0.000000000
[50] 0.000000000

$Nboots
 [1] 1.1316872 0.0000000 0.0000000 0.0000000 0.4115226 0.0000000 0.0000000 0.0000000
 [9] 0.0000000 0.0000000 0.0000000 0.0000000 0.0000000 0.0000000 0.0000000 0.0000000
[17] 0.0000000 0.0000000 0.0000000 0.0000000 0.0000000 0.0000000 0.0000000 0.0000000
[25] 0.0000000 0.0000000 0.0000000 0.0000000 0.0000000 0.0000000 0.0000000 0.0000000
[33] 0.0000000 0.0000000 0.0000000 0.0000000 0.0000000 2.1604938 0.0000000 1.2345679
[41] 0.8230453 0.0000000 0.0000000 0.0000000 0.0000000 0.0000000 0.0000000 0.0000000
[49] 0.0000000 0.0000000

$julians
 [1] 2008 2040 2085 2141 2232 2278 2283 2333 2362 2399

$intdays
[1] 32 45 56 91 46  5 50 29 37

$Pintsampest
[1] NA NA NA NA NA NA NA NA NA

$Pintboots
             [,1]        [,2] [,3] [,4] [,5] [,6] [,7] [,8] [,9]
 [1,] 0.005066837          NA   NA   NA   NA   NA   NA   NA    0
 [2,]          NA          NA   NA   NA   NA   NA   NA    0   NA
 [3,]          NA 0.000000000   NA   NA   NA   NA    0    0   NA
 [4,]          NA          NA    0   NA   NA   NA   NA   NA   NA
 [5,]          NA 0.002264929   NA   NA   NA   NA   NA   NA   NA
 [6,]          NA          NA   NA   NA   NA   NA   NA   NA   NA
 [7,]          NA          NA   NA   NA   NA   NA   NA   NA   NA
 [8,]          NA          NA   NA   NA   NA   NA   NA   NA    0
 [9,]          NA          NA   NA   NA   NA   NA   NA   NA   NA
[10,]          NA          NA   NA   NA   NA   NA   NA   NA   NA
[11,]          NA          NA   NA   NA   NA   NA   NA   NA    0
[12,]          NA          NA   NA   NA   NA    0    0   NA   NA
[13,]          NA          NA   NA   NA   NA   NA   NA   NA    0
[14,]          NA          NA   NA   NA   NA   NA   NA   NA   NA
[15,]          NA          NA   NA   NA   NA   NA   NA   NA    0
[16,]          NA          NA   NA   NA   NA   NA   NA   NA   NA
[17,]          NA          NA   NA   NA   NA    0    0   NA   NA
[18,]          NA          NA   NA   NA   NA   NA   NA   NA   NA
[19,]          NA          NA   NA   NA   NA   NA   NA   NA   NA
[20,]          NA          NA   NA   NA   NA   NA   NA   NA   NA
[21,]          NA          NA    0    0   NA   NA   NA   NA   NA
[22,]          NA          NA   NA   NA   NA   NA   NA   NA   NA
[23,]          NA          NA   NA   NA   NA   NA   NA    0   NA
[24,]          NA          NA   NA   NA   NA   NA   NA   NA   NA
[25,]          NA          NA   NA   NA   NA   NA   NA   NA   NA
[26,]          NA          NA   NA   NA   NA   NA   NA   NA   NA
[27,]          NA          NA   NA   NA   NA   NA   NA   NA   NA
[28,]          NA          NA   NA   NA   NA   NA   NA   NA   NA
[29,]          NA          NA   NA   NA   NA   NA    0   NA   NA
[30,]          NA          NA   NA   NA   NA   NA   NA   NA   NA
[31,]          NA          NA   NA   NA   NA   NA   NA   NA   NA
[32,]          NA          NA   NA   NA   NA   NA   NA   NA   NA
[33,]          NA          NA   NA   NA   NA   NA   NA   NA   NA
[34,]          NA          NA   NA   NA   NA   NA   NA   NA   NA
[35,]          NA          NA   NA   NA   NA   NA   NA   NA   NA
[36,]          NA          NA   NA   NA   NA   NA   NA   NA   NA
[37,]          NA          NA   NA   NA   NA    0    0   NA   NA
[38,] 0.010336348          NA   NA   NA   NA   NA    0    0   NA
[39,]          NA          NA    0    0   NA   NA   NA   NA   NA
[40,] 0.004864164          NA   NA   NA   NA   NA   NA   NA   NA
[41,] 0.003242776          NA   NA   NA   NA   NA   NA   NA   NA
[42,]          NA          NA   NA   NA   NA   NA   NA   NA   NA
[43,]          NA          NA   NA   NA   NA   NA   NA   NA   NA
[44,]          NA          NA   NA    0   NA   NA   NA   NA   NA
[45,]          NA          NA   NA   NA   NA   NA    0   NA   NA
[46,]          NA          NA    0   NA   NA   NA   NA    0    0
[47,]          NA          NA   NA   NA   NA   NA   NA   NA   NA
[48,]          NA          NA    0   NA   NA   NA   NA   NA   NA
[49,]          NA          NA   NA   NA   NA   NA   NA   NA   NA
[50,]          NA          NA   NA   NA   NA   NA   NA    0   NA

$Bdatesampinfo
       DATE JULIAN N Mean Stdev
1  07/01/11   2008 4   NA    NA
2  08/02/11   2040 3   NA    NA
3  09/16/11   2085 8   NA    NA
4  11/11/11   2141 6   NA    NA
5  02/10/12   2232 2   NA    NA
6  03/27/12   2278 4   NA    NA
7  04/01/12   2283 2   NA    NA
8  05/21/12   2333 3   NA    NA
9  06/19/12   2362 5   NA    NA
10 07/26/12   2399 7   NA    NA

$Ndatesampinfo
       DATE JULIAN N Mean Stdev
1  07/01/11   2008 4   NA    NA
2  08/02/11   2040 3   NA    NA
3  09/16/11   2085 8   NA    NA
4  11/11/11   2141 6   NA    NA
5  02/10/12   2232 2   NA    NA
6  03/27/12   2278 4   NA    NA
7  04/01/12   2283 2   NA    NA
8  05/21/12   2333 3   NA    NA
9  06/19/12   2362 5   NA    NA
10 07/26/12   2399 7   NA    NA

$Bdateboots
            [,1]        [,2] [,3] [,4] [,5] [,6] [,7] [,8] [,9] [,10]
 [1,] 0.01080625 0.019211111    0    0    0    0    0    0    0     0
 [2,] 0.01080625 0.000000000    0    0    0    0    0    0    0     0
 [3,] 0.00000000 0.000000000    0    0    0    0    0    0    0     0
 [4,] 0.00000000 0.000000000    0    0    0    0    0    0    0     0
 [5,] 0.00000000 0.009605556    0    0    0    0    0    0    0     0
 [6,] 0.00000000 0.000000000    0    0    0    0    0    0    0     0
 [7,] 0.00000000 0.000000000    0    0    0    0    0    0    0     0
 [8,] 0.00000000 0.000000000    0    0    0    0    0    0    0     0
 [9,] 0.00000000 0.000000000    0    0    0    0    0    0    0     0
[10,] 0.00000000 0.000000000    0    0    0    0    0    0    0     0
[11,] 0.01080625 0.000000000    0    0    0    0    0    0    0     0
[12,] 0.00000000 0.000000000    0    0    0    0    0    0    0     0
[13,] 0.01080625 0.000000000    0    0    0    0    0    0    0     0
[14,] 0.00000000 0.009605556    0    0    0    0    0    0    0     0
[15,] 0.00000000 0.000000000    0    0    0    0    0    0    0     0
[16,] 0.01080625 0.000000000    0    0    0    0    0    0    0     0
[17,] 0.00000000 0.000000000    0    0    0    0    0    0    0     0
[18,] 0.00000000 0.009605556    0    0    0    0    0    0    0     0
[19,] 0.01080625 0.000000000    0    0    0    0    0    0    0     0
[20,] 0.00000000 0.000000000    0    0    0    0    0    0    0     0
[21,] 0.00000000 0.000000000    0    0    0    0    0    0    0     0
[22,] 0.03241875 0.000000000    0    0    0    0    0    0    0     0
[23,] 0.00000000 0.000000000    0    0    0    0    0    0    0     0
[24,] 0.01080625 0.000000000    0    0    0    0    0    0    0     0
[25,] 0.00000000 0.000000000    0    0    0    0    0    0    0     0
[26,] 0.02161250 0.000000000    0    0    0    0    0    0    0     0
[27,] 0.00000000 0.000000000    0    0    0    0    0    0    0     0
[28,] 0.00000000 0.000000000    0    0    0    0    0    0    0     0
[29,] 0.00000000 0.000000000    0    0    0    0    0    0    0     0
[30,] 0.00000000 0.000000000    0    0    0    0    0    0    0     0
[31,] 0.00000000 0.000000000    0    0    0    0    0    0    0     0
[32,] 0.00000000 0.000000000    0    0    0    0    0    0    0     0
[33,] 0.00000000 0.009605556    0    0    0    0    0    0    0     0
[34,] 0.00000000 0.019211111    0    0    0    0    0    0    0     0
[35,] 0.00000000 0.000000000    0    0    0    0    0    0    0     0
[36,] 0.00000000 0.000000000    0    0    0    0    0    0    0     0
[37,] 0.01080625 0.000000000    0    0    0    0    0    0    0     0
[38,] 0.03241875 0.028816667    0    0    0    0    0    0    0     0
[39,] 0.00000000 0.000000000    0    0    0    0    0    0    0     0
[40,] 0.00000000 0.028816667    0    0    0    0    0    0    0     0
[41,] 0.00000000 0.019211111    0    0    0    0    0    0    0     0
[42,] 0.00000000 0.000000000    0    0    0    0    0    0    0     0
[43,] 0.00000000 0.000000000    0    0    0    0    0    0    0     0
[44,] 0.02161250 0.000000000    0    0    0    0    0    0    0     0
[45,] 0.00000000 0.000000000    0    0    0    0    0    0    0     0
[46,] 0.00000000 0.000000000    0    0    0    0    0    0    0     0
[47,] 0.02161250 0.000000000    0    0    0    0    0    0    0     0
[48,] 0.00000000 0.000000000    0    0    0    0    0    0    0     0
[49,] 0.00000000 0.019211111    0    0    0    0    0    0    0     0
[50,] 0.00000000 0.000000000    0    0    0    0    0    0    0     0

$Ndateboots
           [,1]      [,2] [,3] [,4] [,5] [,6] [,7] [,8] [,9] [,10]
 [1,]  5.555556 14.814815    0    0    0    0    0    0    0     0
 [2,]  5.555556  0.000000    0    0    0    0    0    0    0     0
 [3,]  0.000000  0.000000    0    0    0    0    0    0    0     0
 [4,]  0.000000  0.000000    0    0    0    0    0    0    0     0
 [5,]  0.000000  7.407407    0    0    0    0    0    0    0     0
 [6,]  0.000000  0.000000    0    0    0    0    0    0    0     0
 [7,]  0.000000  0.000000    0    0    0    0    0    0    0     0
 [8,]  0.000000  0.000000    0    0    0    0    0    0    0     0
 [9,]  0.000000  0.000000    0    0    0    0    0    0    0     0
[10,]  0.000000  0.000000    0    0    0    0    0    0    0     0
[11,]  5.555556  0.000000    0    0    0    0    0    0    0     0
[12,]  0.000000  0.000000    0    0    0    0    0    0    0     0
[13,]  5.555556  0.000000    0    0    0    0    0    0    0     0
[14,]  0.000000  7.407407    0    0    0    0    0    0    0     0
[15,]  0.000000  0.000000    0    0    0    0    0    0    0     0
[16,]  5.555556  0.000000    0    0    0    0    0    0    0     0
[17,]  0.000000  0.000000    0    0    0    0    0    0    0     0
[18,]  0.000000  7.407407    0    0    0    0    0    0    0     0
[19,]  5.555556  0.000000    0    0    0    0    0    0    0     0
[20,]  0.000000  0.000000    0    0    0    0    0    0    0     0
[21,]  0.000000  0.000000    0    0    0    0    0    0    0     0
[22,] 16.666667  0.000000    0    0    0    0    0    0    0     0
[23,]  0.000000  0.000000    0    0    0    0    0    0    0     0
[24,]  5.555556  0.000000    0    0    0    0    0    0    0     0
[25,]  0.000000  0.000000    0    0    0    0    0    0    0     0
[26,] 11.111111  0.000000    0    0    0    0    0    0    0     0
[27,]  0.000000  0.000000    0    0    0    0    0    0    0     0
[28,]  0.000000  0.000000    0    0    0    0    0    0    0     0
[29,]  0.000000  0.000000    0    0    0    0    0    0    0     0
[30,]  0.000000  0.000000    0    0    0    0    0    0    0     0
[31,]  0.000000  0.000000    0    0    0    0    0    0    0     0
[32,]  0.000000  0.000000    0    0    0    0    0    0    0     0
[33,]  0.000000  7.407407    0    0    0    0    0    0    0     0
[34,]  0.000000 14.814815    0    0    0    0    0    0    0     0
[35,]  0.000000  0.000000    0    0    0    0    0    0    0     0
[36,]  0.000000  0.000000    0    0    0    0    0    0    0     0
[37,]  5.555556  0.000000    0    0    0    0    0    0    0     0
[38,] 16.666667 22.222222    0    0    0    0    0    0    0     0
[39,]  0.000000  0.000000    0    0    0    0    0    0    0     0
[40,]  0.000000 22.222222    0    0    0    0    0    0    0     0
[41,]  0.000000 14.814815    0    0    0    0    0    0    0     0
[42,]  0.000000  0.000000    0    0    0    0    0    0    0     0
[43,]  0.000000  0.000000    0    0    0    0    0    0    0     0
[44,] 11.111111  0.000000    0    0    0    0    0    0    0     0
[45,]  0.000000  0.000000    0    0    0    0    0    0    0     0
[46,]  0.000000  0.000000    0    0    0    0    0    0    0     0
[47,] 11.111111  0.000000    0    0    0    0    0    0    0     0
[48,]  0.000000  0.000000    0    0    0    0    0    0    0     0
[49,]  0.000000 14.814815    0    0    0    0    0    0    0     0
[50,]  0.000000  0.000000    0    0    0    0    0    0    0     0

