$totdays
[1] 391

$Psampest
[1] NA

$Pbootest
     Mean      2.5%       50%     97.5% 
0.1585982 0.0000000 0.0000000 1.9324595 

$Pboots
 [1] 0.00000000 0.00000000 0.00000000 0.00000000 1.55703421 0.00000000 0.00000000
 [8] 0.00000000 0.00000000 0.00000000 0.00000000 0.00000000 0.00000000 0.00000000
[15] 0.00000000 0.00000000 0.00000000 0.00000000 0.08782337 0.00000000 0.00000000
[22] 0.00000000 0.00000000 0.00000000 0.00000000 0.00000000 0.00000000 0.00000000
[29] 0.00000000 0.00000000 3.29311352 2.04145393 0.00000000 0.00000000 0.00000000
[36] 0.00000000 0.00000000 0.00000000 0.07430856 0.00000000 0.00000000 0.00000000
[43] 0.00000000 0.00000000 0.00000000 0.07430856 0.05611927 0.74574702 0.00000000
[50] 0.00000000

$Bboots
 [1] 0.0000000 0.0000000 0.0000000 0.0000000 0.9086717 0.0000000 0.0000000 0.0000000
 [9] 0.0000000 0.0000000 0.0000000 0.0000000 0.0000000 0.0000000 0.0000000 0.0000000
[17] 0.0000000 0.0000000 0.4517416 0.0000000 0.0000000 0.0000000 0.0000000 0.0000000
[25] 0.0000000 0.0000000 0.0000000 0.0000000 0.0000000 0.0000000 1.1376709 0.4404554
[33] 0.0000000 0.0000000 0.0000000 0.0000000 0.0000000 0.0000000 0.3270112 0.0000000
[41] 0.0000000 0.0000000 0.0000000 0.0000000 0.0000000 0.3270112 0.2529538 0.2122825
[49] 0.0000000 0.0000000

$Nboots
 [1]  0.000000  0.000000  0.000000  0.000000 27.160494  0.000000  0.000000  0.000000
 [9]  0.000000  0.000000  0.000000  0.000000  0.000000  0.000000  0.000000  0.000000
[17]  0.000000  0.000000 12.191358  0.000000  0.000000  0.000000  0.000000  0.000000
[25]  0.000000  0.000000  0.000000  0.000000  0.000000  0.000000 34.814815 14.444444
[33]  0.000000  0.000000  0.000000  0.000000  0.000000  0.000000  8.641975  0.000000
[41]  0.000000  0.000000  0.000000  0.000000  0.000000  8.641975  7.021605  5.802469
[49]  0.000000  0.000000

$julians
 [1] 2008 2040 2085 2141 2232 2278 2283 2333 2362 2399

$intdays
[1] 32 45 56 91 46  5 50 29 37

$Pintsampest
[1] NA NA NA NA NA NA NA NA NA

$Pintboots
          [,1]     [,2]       [,3] [,4] [,5] [,6] [,7] [,8] [,9]
 [1,]       NA       NA         NA   NA   NA   NA   NA   NA   NA
 [2,]       NA       NA         NA   NA   NA   NA   NA   NA   NA
 [3,]       NA       NA         NA   NA   NA   NA   NA   NA   NA
 [4,]       NA       NA         NA   NA    0   NA   NA   NA    0
 [5,]       NA 1.495465 0.06156945   NA   NA   NA   NA   NA   NA
 [6,]       NA       NA         NA   NA   NA   NA   NA   NA   NA
 [7,]       NA       NA         NA   NA   NA   NA   NA   NA   NA
 [8,]       NA       NA         NA   NA   NA   NA   NA    0   NA
 [9,]       NA       NA         NA   NA   NA   NA   NA   NA   NA
[10,]       NA       NA         NA   NA   NA   NA   NA   NA   NA
[11,]       NA       NA         NA   NA   NA   NA   NA   NA   NA
[12,]       NA       NA         NA   NA    0   NA   NA   NA   NA
[13,]       NA       NA         NA   NA   NA   NA   NA   NA   NA
[14,]       NA       NA         NA   NA   NA   NA   NA   NA   NA
[15,]       NA       NA         NA   NA   NA    0   NA   NA   NA
[16,]       NA       NA         NA   NA   NA   NA   NA   NA   NA
[17,]       NA       NA         NA   NA   NA   NA   NA   NA   NA
[18,]       NA       NA         NA   NA   NA   NA   NA   NA   NA
[19,]       NA       NA 0.08782337    0   NA   NA   NA   NA   NA
[20,]       NA       NA         NA   NA   NA   NA   NA   NA   NA
[21,]       NA       NA         NA   NA   NA    0    0   NA   NA
[22,]       NA       NA         NA   NA   NA   NA   NA   NA   NA
[23,]       NA       NA         NA   NA   NA    0   NA   NA   NA
[24,]       NA       NA         NA   NA   NA   NA   NA   NA   NA
[25,]       NA       NA         NA   NA   NA   NA    0   NA   NA
[26,]       NA       NA         NA   NA   NA   NA   NA   NA    0
[27,]       NA       NA         NA   NA   NA   NA   NA    0    0
[28,]       NA       NA         NA   NA   NA   NA   NA   NA   NA
[29,]       NA       NA         NA   NA   NA   NA    0   NA   NA
[30,]       NA       NA         NA    0   NA   NA   NA   NA   NA
[31,] 1.828978 1.464136         NA   NA   NA   NA   NA   NA   NA
[32,] 2.041454       NA         NA    0   NA   NA   NA    0    0
[33,]       NA       NA         NA   NA   NA   NA   NA    0    0
[34,]       NA       NA         NA   NA   NA   NA   NA   NA   NA
[35,]       NA       NA         NA   NA   NA   NA   NA   NA   NA
[36,]       NA       NA         NA   NA   NA   NA   NA   NA   NA
[37,]       NA       NA         NA   NA   NA   NA   NA   NA   NA
[38,]       NA       NA         NA   NA   NA   NA   NA   NA   NA
[39,]       NA       NA 0.07430856   NA   NA   NA    0    0   NA
[40,]       NA       NA         NA   NA   NA   NA   NA   NA   NA
[41,]       NA       NA         NA   NA   NA   NA   NA   NA   NA
[42,]       NA       NA         NA   NA   NA   NA   NA   NA   NA
[43,]       NA       NA         NA   NA   NA   NA   NA   NA   NA
[44,]       NA       NA         NA   NA   NA   NA   NA   NA   NA
[45,]       NA       NA         NA   NA   NA   NA    0    0   NA
[46,]       NA       NA 0.07430856   NA   NA   NA   NA   NA   NA
[47,]       NA       NA 0.05611927   NA   NA   NA   NA   NA    0
[48,] 0.745747       NA         NA   NA   NA    0    0   NA   NA
[49,]       NA       NA         NA   NA   NA   NA   NA   NA   NA
[50,]       NA       NA         NA   NA    0   NA   NA   NA   NA

$Bdatesampinfo
       DATE JULIAN N Mean Stdev
1  07/01/11   2008 5   NA    NA
2  08/02/11   2040 5   NA    NA
3  09/16/11   2085 8   NA    NA
4  11/11/11   2141 6   NA    NA
5  02/10/12   2232 2   NA    NA
6  03/27/12   2278 4   NA    NA
7  04/01/12   2283 2   NA    NA
8  05/21/12   2333 3   NA    NA
9  06/19/12   2362 5   NA    NA
10 07/26/12   2399 7   NA    NA

$Ndatesampinfo
       DATE JULIAN N Mean Stdev
1  07/01/11   2008 5   NA    NA
2  08/02/11   2040 5   NA    NA
3  09/16/11   2085 8   NA    NA
4  11/11/11   2141 6   NA    NA
5  02/10/12   2232 2   NA    NA
6  03/27/12   2278 4   NA    NA
7  04/01/12   2283 2   NA    NA
8  05/21/12   2333 3   NA    NA
9  06/19/12   2362 5   NA    NA
10 07/26/12   2399 7   NA    NA

$Bdateboots
           [,1]      [,2]       [,3] [,4] [,5] [,6] [,7] [,8] [,9] [,10]
 [1,] 0.0000000  0.000000  0.0000000    0    0    0    0    0    0     0
 [2,] 0.0000000  0.000000  0.0000000    0    0    0    0    0    0     0
 [3,] 0.0000000  7.114373  0.0000000    0    0    0    0    0    0     0
 [4,] 0.0000000 13.631225  0.0000000    0    0    0    0    0    0     0
 [5,] 0.0000000  8.519912  3.9180892    0    0    0    0    0    0     0
 [6,] 0.0000000  0.000000  0.0000000    0    0    0    0    0    0     0
 [7,] 0.0000000  0.000000  0.9600755    0    0    0    0    0    0     0
 [8,] 0.9575291  0.000000  0.3249960    0    0    0    0    0    0     0
 [9,] 0.0000000  0.000000  0.9749880    0    0    0    0    0    0     0
[10,] 1.0301260  0.000000  2.2451470    0    0    0    0    0    0     0
[11,] 0.0000000  0.000000  5.8233276    0    0    0    0    0    0     0
[12,] 0.0000000 13.631225  0.0000000    0    0    0    0    0    0     0
[13,] 0.9044331  0.000000  0.0000000    0    0    0    0    0    0     0
[14,] 0.0000000  0.000000  0.0000000    0    0    0    0    0    0     0
[15,] 0.9575291  0.000000  2.8802265    0    0    0    0    0    0     0
[16,] 0.0000000  7.413134  0.0000000    0    0    0    0    0    0     0
[17,] 0.5630557  0.000000  0.0000000    0    0    0    0    0    0     0
[18,] 0.0000000  0.000000  9.0914248    0    0    0    0    0    0     0
[19,] 1.0832220  0.000000  8.1313493    0    0    0    0    0    0     0
[20,] 0.9575291  0.000000 10.7494544    0    0    0    0    0    0     0
[21,] 0.8594373  0.000000  5.8382402    0    0    0    0    0    0     0
[22,] 0.0000000  7.114373  0.0000000    0    0    0    0    0    0     0
[23,] 0.0000000  0.000000  0.0000000    0    0    0    0    0    0     0
[24,] 0.0000000  0.000000  0.0000000    0    0    0    0    0    0     0
[25,] 0.0000000  0.000000  0.0000000    0    0    0    0    0    0     0
[26,] 0.0000000  0.000000  0.0000000    0    0    0    0    0    0     0
[27,] 0.0000000  0.000000  0.0000000    0    0    0    0    0    0     0
[28,] 0.0000000  0.000000  0.0000000    0    0    0    0    0    0     0
[29,] 0.0000000  0.000000  4.1652980    0    0    0    0    0    0     0
[30,] 0.0000000  0.000000  0.0000000    0    0    0    0    0    0     0
[31,] 0.6356527  6.815612  6.2111983    0    0    0    0    0    0     0
[32,] 0.5150630  7.413134  0.0000000    0    0    0    0    0    0     0
[33,] 0.0000000  7.711894  0.0000000    0    0    0    0    0    0     0
[34,] 0.0000000  5.410073  0.0000000    0    0    0    0    0    0     0
[35,] 0.0000000  0.000000  0.0000000    0    0    0    0    0    0     0
[36,] 0.0000000  0.000000  0.0000000    0    0    0    0    0    0     0
[37,] 0.0000000  0.000000  0.0000000    0    0    0    0    0    0     0
[38,] 0.0000000  0.000000  0.0000000    0    0    0    0    0    0     0
[39,] 0.0000000  0.000000  5.8862022    0    0    0    0    0    0     0
[40,] 0.0000000  0.000000  0.0000000    0    0    0    0    0    0     0
[41,] 0.0000000  0.000000  4.2281726    0    0    0    0    0    0     0
[42,] 1.1282178  0.000000  0.6499920    0    0    0    0    0    0     0
[43,] 0.7112465  0.000000  0.0000000    0    0    0    0    0    0     0
[44,] 0.0000000  0.000000  6.8462777    0    0    0    0    0    0     0
[45,] 0.0000000  2.301821  0.0000000    0    0    0    0    0    0     0
[46,] 1.0025249  0.000000  5.8862022    0    0    0    0    0    0     0
[47,] 0.8063414  0.000000  4.5531687    0    0    0    0    0    0     0
[48,] 0.7112465  3.109839  0.0000000    0    0    0    0    0    0     0
[49,] 0.0000000  2.301821  0.0000000    0    0    0    0    0    0     0
[50,] 0.9350311  0.000000  3.5930931    0    0    0    0    0    0     0

$Ndateboots
          [,1]      [,2]      [,3] [,4] [,5] [,6] [,7] [,8] [,9] [,10]
 [1,]  0.00000   0.00000   0.00000    0    0    0    0    0    0     0
 [2,]  0.00000   0.00000   0.00000    0    0    0    0    0    0     0
 [3,]  0.00000 231.11111   0.00000    0    0    0    0    0    0     0
 [4,]  0.00000 444.44444   0.00000    0    0    0    0    0    0     0
 [5,]  0.00000 266.66667 111.11111    0    0    0    0    0    0     0
 [6,]  0.00000   0.00000   0.00000    0    0    0    0    0    0     0
 [7,]  0.00000   0.00000  26.38889    0    0    0    0    0    0     0
 [8,] 37.77778   0.00000  11.11111    0    0    0    0    0    0     0
 [9,]  0.00000   0.00000  33.33333    0    0    0    0    0    0     0
[10,] 40.00000   0.00000  63.88889    0    0    0    0    0    0     0
[11,]  0.00000   0.00000 156.94444    0    0    0    0    0    0     0
[12,]  0.00000 444.44444   0.00000    0    0    0    0    0    0     0
[13,] 22.22222   0.00000   0.00000    0    0    0    0    0    0     0
[14,]  0.00000   0.00000   0.00000    0    0    0    0    0    0     0
[15,] 37.77778   0.00000  79.16667    0    0    0    0    0    0     0
[16,]  0.00000 240.00000   0.00000    0    0    0    0    0    0     0
[17,] 13.33333   0.00000   0.00000    0    0    0    0    0    0     0
[18,]  0.00000   0.00000 245.83333    0    0    0    0    0    0     0
[19,] 55.55556   0.00000 219.44444    0    0    0    0    0    0     0
[20,] 37.77778   0.00000 286.11111    0    0    0    0    0    0     0
[21,] 35.55556   0.00000 163.88889    0    0    0    0    0    0     0
[22,]  0.00000 231.11111   0.00000    0    0    0    0    0    0     0
[23,]  0.00000   0.00000   0.00000    0    0    0    0    0    0     0
[24,]  0.00000   0.00000   0.00000    0    0    0    0    0    0     0
[25,]  0.00000   0.00000   0.00000    0    0    0    0    0    0     0
[26,]  0.00000   0.00000   0.00000    0    0    0    0    0    0     0
[27,]  0.00000   0.00000   0.00000    0    0    0    0    0    0     0
[28,]  0.00000   0.00000   0.00000    0    0    0    0    0    0     0
[29,]  0.00000   0.00000 116.66667    0    0    0    0    0    0     0
[30,]  0.00000   0.00000   0.00000    0    0    0    0    0    0     0
[31,] 15.55556 222.22222 166.66667    0    0    0    0    0    0     0
[32,] 20.00000 240.00000   0.00000    0    0    0    0    0    0     0
[33,]  0.00000 248.88889   0.00000    0    0    0    0    0    0     0
[34,]  0.00000 186.66667   0.00000    0    0    0    0    0    0     0
[35,]  0.00000   0.00000   0.00000    0    0    0    0    0    0     0
[36,]  0.00000   0.00000   0.00000    0    0    0    0    0    0     0
[37,]  0.00000   0.00000   0.00000    0    0    0    0    0    0     0
[38,]  0.00000   0.00000   0.00000    0    0    0    0    0    0     0
[39,]  0.00000   0.00000 155.55556    0    0    0    0    0    0     0
[40,]  0.00000   0.00000   0.00000    0    0    0    0    0    0     0
[41,]  0.00000   0.00000 115.27778    0    0    0    0    0    0     0
[42,] 42.22222   0.00000  22.22222    0    0    0    0    0    0     0
[43,] 24.44444   0.00000   0.00000    0    0    0    0    0    0     0
[44,]  0.00000   0.00000 181.94444    0    0    0    0    0    0     0
[45,]  0.00000  62.22222   0.00000    0    0    0    0    0    0     0
[46,] 24.44444   0.00000 155.55556    0    0    0    0    0    0     0
[47,] 20.00000   0.00000 126.38889    0    0    0    0    0    0     0
[48,] 24.44444  80.00000   0.00000    0    0    0    0    0    0     0
[49,]  0.00000  62.22222   0.00000    0    0    0    0    0    0     0
[50,] 44.44444   0.00000 100.00000    0    0    0    0    0    0     0

