$totdays
[1] 391

$Psampest
[1] NA

$Pbootest
     Mean      2.5%       50%     97.5% 
0.1071956 0.0000000 0.0000000 1.4266810 

$Pboots
 [1] 0.00017951 0.00000000 0.00000000 0.25199190 0.00000000 0.00000000 0.00000000
 [8] 0.00000000 0.00000000 0.00000000 0.85496560 0.00000000 0.16918995 0.00000000
[15] 0.00000000 0.00000000 0.00000000 0.00000000 0.00000000 0.00000000 0.00000000
[22] 0.00000000 0.00000000 0.00000000 0.00000000 0.00000000 0.00000000 2.12532179
[29] 0.12701425 1.59266285 0.00000000 0.00000000 0.00000000 0.00000000 0.00000000
[36] 0.00000000 0.00000000 0.00000000 0.00000000 0.00000000 0.07844799 0.00000000
[43] 0.00000000 0.15982513 0.00000000 0.00000000 0.00017951 0.00000000 0.00000000
[50] 0.00000000

$Bboots
 [1] 0.003561706 0.000000000 0.000000000 0.015759832 0.000000000 0.000000000 0.000000000
 [8] 0.000000000 0.000000000 0.000000000 0.111632030 0.000000000 0.014404736 0.000000000
[15] 0.000000000 0.000000000 0.000000000 0.000000000 0.000000000 0.000000000 0.000000000
[22] 0.000000000 0.000000000 0.000000000 0.000000000 0.000000000 0.000000000 0.300558780
[29] 0.027403447 0.223901609 0.000000000 0.000000000 0.000000000 0.000000000 0.000000000
[36] 0.000000000 0.000000000 0.000000000 0.000000000 0.000000000 0.021449852 0.000000000
[43] 0.000000000 0.009593595 0.000000000 0.000000000 0.003561706 0.000000000 0.000000000
[50] 0.000000000

$Nboots
 [1]  0.1543210  0.0000000  0.0000000  2.2530864  0.0000000  0.0000000  0.0000000
 [8]  0.0000000  0.0000000  0.0000000  6.4197531  0.0000000  1.4814815  0.0000000
[15]  0.0000000  0.0000000  0.0000000  0.0000000  0.0000000  0.0000000  0.0000000
[22]  0.0000000  0.0000000  0.0000000  0.0000000  0.0000000  0.0000000 15.3086420
[29]  1.2191358 11.6666667  0.0000000  0.0000000  0.0000000  0.0000000  0.0000000
[36]  0.0000000  0.0000000  0.0000000  0.0000000  0.0000000  0.9259259  0.0000000
[43]  0.0000000  1.3117284  0.0000000  0.0000000  0.1543210  0.0000000  0.0000000
[50]  0.0000000

$julians
 [1] 2008 2040 2085 2141 2232 2278 2283 2333 2362 2399

$intdays
[1] 32 45 56 91 46  5 50 29 37

$Pintsampest
[1] NA NA NA NA NA NA NA NA NA

$Pintboots
           [,1]       [,2]         [,3] [,4] [,5] [,6] [,7] [,8] [,9]
 [1,]        NA         NA 1.795100e-04   NA   NA   NA   NA   NA   NA
 [2,]        NA         NA           NA   NA   NA   NA   NA   NA   NA
 [3,]        NA         NA           NA   NA   NA   NA   NA   NA   NA
 [4,]        NA 0.25190215 8.975498e-05   NA   NA   NA   NA    0   NA
 [5,]        NA         NA           NA   NA   NA   NA   NA   NA   NA
 [6,]        NA         NA           NA   NA   NA   NA   NA   NA   NA
 [7,]        NA         NA           NA   NA   NA   NA   NA   NA   NA
 [8,]        NA         NA           NA   NA   NA   NA   NA   NA    0
 [9,]        NA         NA           NA   NA   NA   NA    0   NA   NA
[10,]        NA         NA           NA   NA   NA   NA   NA   NA   NA
[11,] 0.8549656         NA           NA   NA   NA   NA    0   NA   NA
[12,]        NA         NA           NA   NA   NA   NA   NA    0    0
[13,]        NA 0.16918995           NA   NA   NA   NA   NA   NA   NA
[14,]        NA         NA           NA   NA   NA   NA   NA    0   NA
[15,]        NA         NA           NA   NA    0   NA   NA   NA   NA
[16,]        NA         NA           NA   NA   NA   NA   NA   NA   NA
[17,]        NA         NA           NA   NA   NA   NA   NA   NA   NA
[18,]        NA         NA           NA   NA   NA   NA   NA   NA   NA
[19,]        NA         NA           NA   NA   NA   NA   NA   NA   NA
[20,]        NA         NA           NA   NA   NA   NA   NA   NA   NA
[21,]        NA         NA           NA   NA   NA   NA   NA   NA   NA
[22,]        NA         NA           NA   NA   NA   NA   NA   NA   NA
[23,]        NA         NA           NA   NA   NA   NA   NA   NA   NA
[24,]        NA         NA           NA   NA   NA    0   NA   NA   NA
[25,]        NA         NA           NA    0   NA   NA   NA   NA   NA
[26,]        NA         NA           NA   NA   NA   NA   NA   NA   NA
[27,]        NA         NA           NA   NA    0   NA   NA   NA   NA
[28,] 2.1253218         NA           NA   NA   NA   NA   NA   NA   NA
[29,]        NA 0.12701425           NA   NA   NA   NA   NA   NA    0
[30,] 1.4759895 0.11649389 1.795100e-04    0   NA   NA   NA   NA   NA
[31,]        NA         NA           NA   NA   NA   NA   NA    0    0
[32,]        NA         NA           NA   NA   NA   NA   NA    0   NA
[33,]        NA         NA           NA   NA   NA   NA   NA    0   NA
[34,]        NA         NA           NA   NA   NA   NA   NA   NA   NA
[35,]        NA         NA           NA   NA   NA   NA   NA   NA   NA
[36,]        NA         NA           NA   NA   NA   NA   NA   NA   NA
[37,]        NA         NA           NA   NA   NA   NA   NA   NA   NA
[38,]        NA         NA           NA    0    0   NA   NA   NA   NA
[39,]        NA         NA           NA   NA   NA   NA   NA   NA   NA
[40,]        NA         NA           NA   NA    0   NA   NA    0   NA
[41,]        NA 0.07826848 1.795100e-04   NA   NA   NA   NA   NA   NA
[42,]        NA         NA           NA   NA   NA   NA   NA    0    0
[43,]        NA         NA 0.000000e+00   NA   NA   NA   NA   NA   NA
[44,]        NA 0.15982513           NA   NA   NA   NA   NA   NA   NA
[45,]        NA         NA           NA   NA   NA   NA   NA   NA   NA
[46,]        NA         NA           NA   NA   NA   NA   NA   NA   NA
[47,]        NA         NA 1.795100e-04   NA   NA   NA   NA   NA   NA
[48,]        NA         NA           NA   NA   NA   NA   NA   NA    0
[49,]        NA         NA           NA   NA    0   NA   NA    0    0
[50,]        NA         NA           NA   NA   NA   NA   NA    0   NA

$Bdatesampinfo
       DATE JULIAN N Mean Stdev
1  07/01/11   2008 4   NA    NA
2  08/02/11   2040 5   NA    NA
3  09/16/11   2085 8   NA    NA
4  11/11/11   2141 6   NA    NA
5  02/10/12   2232 2   NA    NA
6  03/27/12   2278 4   NA    NA
7  04/01/12   2283 2   NA    NA
8  05/21/12   2333 3   NA    NA
9  06/19/12   2362 5   NA    NA
10 07/26/12   2399 7   NA    NA

$Ndatesampinfo
       DATE JULIAN N Mean Stdev
1  07/01/11   2008 4   NA    NA
2  08/02/11   2040 5   NA    NA
3  09/16/11   2085 8   NA    NA
4  11/11/11   2141 6   NA    NA
5  02/10/12   2232 2   NA    NA
6  03/27/12   2278 4   NA    NA
7  04/01/12   2283 2   NA    NA
8  05/21/12   2333 3   NA    NA
9  06/19/12   2362 5   NA    NA
10 07/26/12   2399 7   NA    NA

$Bdateboots
          [,1]      [,2]       [,3] [,4] [,5] [,6] [,7] [,8] [,9] [,10]
 [1,] 1.750091 0.0000000 0.06411070    0    0    0    0    0    0     0
 [2,] 0.000000 0.0000000 0.00000000    0    0    0    0    0    0     0
 [3,] 0.000000 0.0000000 0.12822141    0    0    0    0    0    0     0
 [4,] 0.000000 0.2195663 0.03205535    0    0    0    0    0    0     0
 [5,] 0.000000 0.0000000 0.03205535    0    0    0    0    0    0     0
 [6,] 0.000000 0.0000000 0.00000000    0    0    0    0    0    0     0
 [7,] 0.000000 0.4363139 0.00000000    0    0    0    0    0    0     0
 [8,] 0.000000 0.2387211 0.00000000    0    0    0    0    0    0     0
 [9,] 1.750091 0.0000000 0.00000000    0    0    0    0    0    0     0
[10,] 3.500183 0.0000000 0.00000000    0    0    0    0    0    0     0
[11,] 1.750091 0.2592853 0.00000000    0    0    0    0    0    0     0
[12,] 0.000000 0.2387211 0.00000000    0    0    0    0    0    0     0
[13,] 0.000000 0.2592853 0.00000000    0    0    0    0    0    0     0
[14,] 0.000000 0.0000000 0.00000000    0    0    0    0    0    0     0
[15,] 3.500183 0.0000000 0.03205535    0    0    0    0    0    0     0
[16,] 1.750091 0.0000000 0.00000000    0    0    0    0    0    0     0
[17,] 0.000000 0.0000000 0.00000000    0    0    0    0    0    0     0
[18,] 0.000000 0.1406294 0.00000000    0    0    0    0    0    0     0
[19,] 0.000000 0.3382222 0.00000000    0    0    0    0    0    0     0
[20,] 0.000000 0.3573770 0.00000000    0    0    0    0    0    0     0
[21,] 0.000000 0.0000000 0.00000000    0    0    0    0    0    0     0
[22,] 0.000000 0.2401304 0.00000000    0    0    0    0    0    0     0
[23,] 0.000000 0.0000000 0.00000000    0    0    0    0    0    0     0
[24,] 0.000000 0.0000000 0.00000000    0    0    0    0    0    0     0
[25,] 0.000000 0.3573770 0.00000000    0    0    0    0    0    0     0
[26,] 0.000000 0.0000000 0.00000000    0    0    0    0    0    0     0
[27,] 0.000000 0.0000000 0.00000000    0    0    0    0    0    0     0
[28,] 5.250274 0.1597842 0.00000000    0    0    0    0    0    0     0
[29,] 0.000000 0.3970960 0.09616605    0    0    0    0    0    0     0
[30,] 3.500183 0.2009125 0.06411070    0    0    0    0    0    0     0
[31,] 3.500183 0.0000000 0.00000000    0    0    0    0    0    0     0
[32,] 0.000000 0.0000000 0.00000000    0    0    0    0    0    0     0
[33,] 0.000000 0.0000000 0.00000000    0    0    0    0    0    0     0
[34,] 0.000000 0.1597842 0.00000000    0    0    0    0    0    0     0
[35,] 0.000000 0.0000000 0.00000000    0    0    0    0    0    0     0
[36,] 0.000000 0.0000000 0.06411070    0    0    0    0    0    0     0
[37,] 5.250274 0.0000000 0.00000000    0    0    0    0    0    0     0
[38,] 0.000000 0.0000000 0.00000000    0    0    0    0    0    0     0
[39,] 0.000000 0.3980042 0.00000000    0    0    0    0    0    0     0
[40,] 0.000000 0.2387211 0.00000000    0    0    0    0    0    0     0
[41,] 0.000000 0.2578759 0.06411070    0    0    0    0    0    0     0
[42,] 0.000000 0.0000000 0.00000000    0    0    0    0    0    0     0
[43,] 1.750091 0.0000000 0.00000000    0    0    0    0    0    0     0
[44,] 0.000000 0.1406294 0.03205535    0    0    0    0    0    0     0
[45,] 0.000000 0.0000000 0.00000000    0    0    0    0    0    0     0
[46,] 3.500183 0.0000000 0.00000000    0    0    0    0    0    0     0
[47,] 5.250274 0.0000000 0.06411070    0    0    0    0    0    0     0
[48,] 0.000000 0.0000000 0.00000000    0    0    0    0    0    0     0
[49,] 0.000000 0.0000000 0.06411070    0    0    0    0    0    0     0
[50,] 0.000000 0.0000000 0.00000000    0    0    0    0    0    0     0

$Ndateboots
           [,1]      [,2]     [,3] [,4] [,5] [,6] [,7] [,8] [,9] [,10]
 [1,]  88.88889  0.000000 2.777778    0    0    0    0    0    0     0
 [2,]   0.00000  0.000000 0.000000    0    0    0    0    0    0     0
 [3,]   0.00000  0.000000 5.555556    0    0    0    0    0    0     0
 [4,]   0.00000 37.777778 1.388889    0    0    0    0    0    0     0
 [5,]   0.00000  0.000000 1.388889    0    0    0    0    0    0     0
 [6,]   0.00000  0.000000 0.000000    0    0    0    0    0    0     0
 [7,]   0.00000 44.444444 0.000000    0    0    0    0    0    0     0
 [8,]   0.00000 24.444444 0.000000    0    0    0    0    0    0     0
 [9,]  88.88889  0.000000 0.000000    0    0    0    0    0    0     0
[10,] 177.77778  0.000000 0.000000    0    0    0    0    0    0     0
[11,]  88.88889 26.666667 0.000000    0    0    0    0    0    0     0
[12,]   0.00000 24.444444 0.000000    0    0    0    0    0    0     0
[13,]   0.00000 26.666667 0.000000    0    0    0    0    0    0     0
[14,]   0.00000  0.000000 0.000000    0    0    0    0    0    0     0
[15,] 177.77778  0.000000 1.388889    0    0    0    0    0    0     0
[16,]  88.88889  0.000000 0.000000    0    0    0    0    0    0     0
[17,]   0.00000  0.000000 0.000000    0    0    0    0    0    0     0
[18,]   0.00000 22.222222 0.000000    0    0    0    0    0    0     0
[19,]   0.00000 42.222222 0.000000    0    0    0    0    0    0     0
[20,]   0.00000 28.888889 0.000000    0    0    0    0    0    0     0
[21,]   0.00000  0.000000 0.000000    0    0    0    0    0    0     0
[22,]   0.00000 40.000000 0.000000    0    0    0    0    0    0     0
[23,]   0.00000  0.000000 0.000000    0    0    0    0    0    0     0
[24,]   0.00000  0.000000 0.000000    0    0    0    0    0    0     0
[25,]   0.00000 28.888889 0.000000    0    0    0    0    0    0     0
[26,]   0.00000  0.000000 0.000000    0    0    0    0    0    0     0
[27,]   0.00000  0.000000 0.000000    0    0    0    0    0    0     0
[28,] 266.66667  8.888889 0.000000    0    0    0    0    0    0     0
[29,]   0.00000 17.777778 4.166667    0    0    0    0    0    0     0
[30,] 177.77778 13.333333 2.777778    0    0    0    0    0    0     0
[31,] 177.77778  0.000000 0.000000    0    0    0    0    0    0     0
[32,]   0.00000  0.000000 0.000000    0    0    0    0    0    0     0
[33,]   0.00000  0.000000 0.000000    0    0    0    0    0    0     0
[34,]   0.00000  8.888889 0.000000    0    0    0    0    0    0     0
[35,]   0.00000  0.000000 0.000000    0    0    0    0    0    0     0
[36,]   0.00000  0.000000 2.777778    0    0    0    0    0    0     0
[37,] 266.66667  0.000000 0.000000    0    0    0    0    0    0     0
[38,]   0.00000  0.000000 0.000000    0    0    0    0    0    0     0
[39,]   0.00000 71.111111 0.000000    0    0    0    0    0    0     0
[40,]   0.00000 24.444444 0.000000    0    0    0    0    0    0     0
[41,]   0.00000 11.111111 2.777778    0    0    0    0    0    0     0
[42,]   0.00000  0.000000 0.000000    0    0    0    0    0    0     0
[43,]  88.88889  0.000000 0.000000    0    0    0    0    0    0     0
[44,]   0.00000 22.222222 1.388889    0    0    0    0    0    0     0
[45,]   0.00000  0.000000 0.000000    0    0    0    0    0    0     0
[46,] 177.77778  0.000000 0.000000    0    0    0    0    0    0     0
[47,] 266.66667  0.000000 2.777778    0    0    0    0    0    0     0
[48,]   0.00000  0.000000 0.000000    0    0    0    0    0    0     0
[49,]   0.00000  0.000000 2.777778    0    0    0    0    0    0     0
[50,]   0.00000  0.000000 0.000000    0    0    0    0    0    0     0

