$totdays
[1] 391

$Psampest
[1] 8.678617

$Pbootest
      Mean       2.5%        50%      97.5% 
19.4123126  0.8368666 13.0179251 58.9610731 

$Pboots
 [1]  7.438814 48.941326 22.204997 14.877629 12.398024  7.438814 43.359704 71.146323
 [9]  9.918419 32.912803  0.000000  3.719407 13.637826 17.245788  8.678617 25.924404
[17] 30.883614 18.597036 41.790434  3.719407 31.673000  7.438814 61.870032 35.156241
[25]  8.678617  3.719407 24.684602 17.357233  3.719407  0.000000  7.438814 36.632210
[33]  8.678617  8.678617  4.959210 13.637826 38.875648 37.635846  7.438814 48.941326
[41] 30.197032  4.959210 31.673000  8.678617  9.918419 17.105832  8.678617  9.918419
[49]  3.719407  3.719407

$Bboots
 [1]  2.368046  9.077511  6.314790  4.736093  3.946744  2.368046 14.208278 15.392301
 [9]  3.157395  9.472185  0.000000  1.184023  4.341418  4.736093  2.762721  7.498813
[17]  9.077511  5.920116 13.418929  1.184023  9.077511  2.368046 13.813603  6.314790
[25]  2.762721  1.184023  7.104139  5.525441  1.184023  0.000000  2.368046 10.656208
[33]  2.762721  2.762721  1.578698  4.341418  7.498813  7.104139  2.368046  9.077511
[41]  4.736093  1.578698  9.077511  2.762721  3.157395  6.314790  2.762721  3.157395
[49]  1.184023  1.184023

$Nboots
 [1]  1.8518519  7.0987654  4.9382716  3.7037037  3.0864198  1.8518519 11.1111111
 [8] 12.0370370  2.4691358  7.4074074  0.0000000  0.9259259  3.3950617  3.7037037
[15]  2.1604938  5.8641975  7.0987654  4.6296296 10.4938272  0.9259259  7.0987654
[22]  1.8518519 10.8024691  4.9382716  2.1604938  0.9259259  5.5555556  4.3209877
[29]  0.9259259  0.0000000  1.8518519  8.3333333  2.1604938  2.1604938  1.2345679
[36]  3.3950617  5.8641975  5.5555556  1.8518519  7.0987654  3.7037037  1.2345679
[43]  7.0987654  2.1604938  2.4691358  4.9382716  2.1604938  2.4691358  0.9259259
[50]  0.9259259

$julians
 [1] 2008 2040 2085 2141 2232 2278 2283 2333 2362 2399

$intdays
[1] 32 45 56 91 46  5 50 29 37

$Pintsampest
[1] 0.000000 0.000000 0.000000 0.000000 0.000000 0.000000 0.000000 3.800021 4.878596

$Pintboots
          [,1]     [,2] [,3]     [,4]     [,5]     [,6]     [,7]     [,8]      [,9]
 [1,] 0.000000  0.00000    0  0.00000  0.00000 0.000000  0.00000 3.257160  4.181654
 [2,] 0.000000  0.00000    0 26.75066 13.51205 0.000000  0.00000 3.800021  4.878596
 [3,] 7.195015 10.05077    0  0.00000  0.00000 0.000000  0.00000 2.171440  2.787769
 [4,] 0.000000  0.00000    0  0.00000  0.00000 0.000000  0.00000 6.514321  8.363308
 [5,] 0.000000  0.00000    0  0.00000  0.00000 0.000000  0.00000 5.428601  6.969423
 [6,] 0.000000  0.00000    0  0.00000  0.00000 0.000000  0.00000 3.257160  4.181654
 [7,] 7.195015 10.05077    0  0.00000  0.00000 1.469430 14.72607 4.342881  5.575539
 [8,] 7.195015 10.05077    0 26.75066 13.51205 0.000000  0.00000 5.971461  7.666365
 [9,] 0.000000  0.00000    0  0.00000  0.00000 0.000000  0.00000 4.342881  5.575539
[10,] 9.593354 13.40103    0  0.00000  0.00000 0.000000  0.00000 4.342881  5.575539
[11,] 0.000000  0.00000    0  0.00000  0.00000 0.000000  0.00000 0.000000  0.000000
[12,] 0.000000  0.00000    0  0.00000  0.00000 0.000000  0.00000 1.628580  2.090827
[13,] 0.000000  0.00000    0  0.00000  0.00000 0.000000  0.00000 5.971461  7.666365
[14,] 7.195015 10.05077    0  0.00000  0.00000 0.000000  0.00000 0.000000  0.000000
[15,] 0.000000  0.00000    0  0.00000  0.00000 0.000000  0.00000 3.800021  4.878596
[16,] 7.195015 10.05077    0  0.00000  0.00000 0.000000  0.00000 3.800021  4.878596
[17,] 7.195015 10.05077    0  0.00000  0.00000 0.000000  0.00000 5.971461  7.666365
[18,] 0.000000  0.00000    0  0.00000  0.00000 0.000000  0.00000 8.142901 10.454135
[19,] 7.195015 10.05077    0  0.00000  0.00000 1.102073 11.04455 5.428601  6.969423
[20,] 0.000000  0.00000    0  0.00000  0.00000 0.000000  0.00000 1.628580  2.090827
[21,] 9.593354 13.40103    0  0.00000  0.00000 0.000000  0.00000 3.800021  4.878596
[22,] 0.000000  0.00000    0  0.00000  0.00000 0.000000  0.00000 3.257160  4.181654
[23,] 9.593354 13.40103    0 20.06300 10.13403 0.000000  0.00000 3.800021  4.878596
[24,] 0.000000  0.00000    0 20.06300 10.13403 0.000000  0.00000 2.171440  2.787769
[25,] 0.000000  0.00000    0  0.00000  0.00000 0.000000  0.00000 3.800021  4.878596
[26,] 0.000000  0.00000    0  0.00000  0.00000 0.000000  0.00000 1.628580  2.090827
[27,] 7.195015 10.05077    0  0.00000  0.00000 0.000000  0.00000 3.257160  4.181654
[28,] 0.000000  0.00000    0  0.00000  0.00000 0.000000  0.00000 7.600041  9.757192
[29,] 0.000000  0.00000    0  0.00000  0.00000 0.000000  0.00000 1.628580  2.090827
[30,] 0.000000  0.00000    0  0.00000  0.00000 0.000000  0.00000 0.000000  0.000000
[31,] 0.000000  0.00000    0  0.00000  0.00000 0.000000  0.00000 3.257160  4.181654
[32,] 9.593354 13.40103    0  0.00000  0.00000 0.000000  0.00000 5.971461  7.666365
[33,] 0.000000  0.00000    0  0.00000  0.00000 0.000000  0.00000 3.800021  4.878596
[34,] 0.000000  0.00000    0  0.00000  0.00000 0.000000  0.00000 3.800021  4.878596
[35,] 0.000000  0.00000    0  0.00000  0.00000 0.000000  0.00000 2.171440  2.787769
[36,] 0.000000  0.00000    0  0.00000  0.00000 0.000000  0.00000 5.971461  7.666365
[37,] 0.000000  0.00000    0 20.06300 10.13403 0.000000  0.00000 3.800021  4.878596
[38,] 0.000000  0.00000    0 20.06300 10.13403 0.000000  0.00000 3.257160  4.181654
[39,] 0.000000  0.00000    0  0.00000  0.00000 0.000000  0.00000 3.257160  4.181654
[40,] 0.000000  0.00000    0 26.75066 13.51205 0.000000  0.00000 3.800021  4.878596
[41,] 0.000000  0.00000    0 20.06300 10.13403 0.000000  0.00000 0.000000  0.000000
[42,] 0.000000  0.00000    0  0.00000  0.00000 0.000000  0.00000 2.171440  2.787769
[43,] 9.593354 13.40103    0  0.00000  0.00000 0.000000  0.00000 3.800021  4.878596
[44,] 0.000000  0.00000    0  0.00000  0.00000 0.000000  0.00000 3.800021  4.878596
[45,] 0.000000  0.00000    0  0.00000  0.00000 0.000000  0.00000 4.342881  5.575539
[46,] 0.000000  0.00000    0  0.00000  0.00000 1.102073 11.04455 2.171440  2.787769
[47,] 0.000000  0.00000    0  0.00000  0.00000 0.000000  0.00000 3.800021  4.878596
[48,] 0.000000  0.00000    0  0.00000  0.00000 0.000000  0.00000 4.342881  5.575539
[49,] 0.000000  0.00000    0  0.00000  0.00000 0.000000  0.00000 1.628580  2.090827
[50,] 0.000000  0.00000    0  0.00000  0.00000 0.000000  0.00000 1.628580  2.090827

$Bdatesampinfo
       DATE JULIAN N     Mean    Stdev
1  07/01/11   2008 3  0.00000  0.00000
2  08/02/11   2040 1  0.00000       NA
3  09/16/11   2085 7  0.00000  0.00000
4  11/11/11   2141 5  0.00000  0.00000
5  02/10/12   2232 1  0.00000       NA
6  03/27/12   2278 3  0.00000  0.00000
7  04/01/12   2283 1  0.00000       NA
8  05/21/12   2333 2  0.00000  0.00000
9  06/19/12   2362 4 24.86449 29.29112
10 07/26/12   2399 6  0.00000  0.00000

$Ndatesampinfo
       DATE JULIAN N     Mean    Stdev
1  07/01/11   2008 3  0.00000  0.00000
2  08/02/11   2040 1  0.00000       NA
3  09/16/11   2085 7  0.00000  0.00000
4  11/11/11   2141 5  0.00000  0.00000
5  02/10/12   2232 1  0.00000       NA
6  03/27/12   2278 3  0.00000  0.00000
7  04/01/12   2283 1  0.00000       NA
8  05/21/12   2333 2  0.00000  0.00000
9  06/19/12   2362 4 19.44444 22.90614
10 07/26/12   2399 6  0.00000  0.00000

$Bdateboots
      [,1]     [,2] [,3] [,4]     [,5] [,6]     [,7] [,8]     [,9] [,10]
 [1,]    0  0.00000    0    0  0.00000    0  0.00000    0 21.31242     0
 [2,]    0  0.00000    0    0 56.83311    0  0.00000    0 24.86449     0
 [3,]    0 42.62483    0    0  0.00000    0  0.00000    0 14.20828     0
 [4,]    0  0.00000    0    0  0.00000    0  0.00000    0 42.62483     0
 [5,]    0  0.00000    0    0  0.00000    0  0.00000    0 35.52069     0
 [6,]    0  0.00000    0    0  0.00000    0  0.00000    0 21.31242     0
 [7,]    0 42.62483    0    0  0.00000    0 56.83311    0 28.41656     0
 [8,]    0 42.62483    0    0 56.83311    0  0.00000    0 39.07276     0
 [9,]    0  0.00000    0    0  0.00000    0  0.00000    0 28.41656     0
[10,]    0 56.83311    0    0  0.00000    0  0.00000    0 28.41656     0
[11,]    0  0.00000    0    0  0.00000    0  0.00000    0  0.00000     0
[12,]    0  0.00000    0    0  0.00000    0  0.00000    0 10.65621     0
[13,]    0  0.00000    0    0  0.00000    0  0.00000    0 39.07276     0
[14,]    0 42.62483    0    0  0.00000    0  0.00000    0  0.00000     0
[15,]    0  0.00000    0    0  0.00000    0  0.00000    0 24.86449     0
[16,]    0 42.62483    0    0  0.00000    0  0.00000    0 24.86449     0
[17,]    0 42.62483    0    0  0.00000    0  0.00000    0 39.07276     0
[18,]    0  0.00000    0    0  0.00000    0  0.00000    0 53.28104     0
[19,]    0 42.62483    0    0  0.00000    0 42.62483    0 35.52069     0
[20,]    0  0.00000    0    0  0.00000    0  0.00000    0 10.65621     0
[21,]    0 56.83311    0    0  0.00000    0  0.00000    0 24.86449     0
[22,]    0  0.00000    0    0  0.00000    0  0.00000    0 21.31242     0
[23,]    0 56.83311    0    0 42.62483    0  0.00000    0 24.86449     0
[24,]    0  0.00000    0    0 42.62483    0  0.00000    0 14.20828     0
[25,]    0  0.00000    0    0  0.00000    0  0.00000    0 24.86449     0
[26,]    0  0.00000    0    0  0.00000    0  0.00000    0 10.65621     0
[27,]    0 42.62483    0    0  0.00000    0  0.00000    0 21.31242     0
[28,]    0  0.00000    0    0  0.00000    0  0.00000    0 49.72897     0
[29,]    0  0.00000    0    0  0.00000    0  0.00000    0 10.65621     0
[30,]    0  0.00000    0    0  0.00000    0  0.00000    0  0.00000     0
[31,]    0  0.00000    0    0  0.00000    0  0.00000    0 21.31242     0
[32,]    0 56.83311    0    0  0.00000    0  0.00000    0 39.07276     0
[33,]    0  0.00000    0    0  0.00000    0  0.00000    0 24.86449     0
[34,]    0  0.00000    0    0  0.00000    0  0.00000    0 24.86449     0
[35,]    0  0.00000    0    0  0.00000    0  0.00000    0 14.20828     0
[36,]    0  0.00000    0    0  0.00000    0  0.00000    0 39.07276     0
[37,]    0  0.00000    0    0 42.62483    0  0.00000    0 24.86449     0
[38,]    0  0.00000    0    0 42.62483    0  0.00000    0 21.31242     0
[39,]    0  0.00000    0    0  0.00000    0  0.00000    0 21.31242     0
[40,]    0  0.00000    0    0 56.83311    0  0.00000    0 24.86449     0
[41,]    0  0.00000    0    0 42.62483    0  0.00000    0  0.00000     0
[42,]    0  0.00000    0    0  0.00000    0  0.00000    0 14.20828     0
[43,]    0 56.83311    0    0  0.00000    0  0.00000    0 24.86449     0
[44,]    0  0.00000    0    0  0.00000    0  0.00000    0 24.86449     0
[45,]    0  0.00000    0    0  0.00000    0  0.00000    0 28.41656     0
[46,]    0  0.00000    0    0  0.00000    0 42.62483    0 14.20828     0
[47,]    0  0.00000    0    0  0.00000    0  0.00000    0 24.86449     0
[48,]    0  0.00000    0    0  0.00000    0  0.00000    0 28.41656     0
[49,]    0  0.00000    0    0  0.00000    0  0.00000    0 10.65621     0
[50,]    0  0.00000    0    0  0.00000    0  0.00000    0 10.65621     0

$Ndateboots
      [,1]     [,2] [,3] [,4]     [,5] [,6]     [,7] [,8]      [,9] [,10]
 [1,]    0  0.00000    0    0  0.00000    0  0.00000    0 16.666667     0
 [2,]    0  0.00000    0    0 44.44444    0  0.00000    0 19.444444     0
 [3,]    0 33.33333    0    0  0.00000    0  0.00000    0 11.111111     0
 [4,]    0  0.00000    0    0  0.00000    0  0.00000    0 33.333333     0
 [5,]    0  0.00000    0    0  0.00000    0  0.00000    0 27.777778     0
 [6,]    0  0.00000    0    0  0.00000    0  0.00000    0 16.666667     0
 [7,]    0 33.33333    0    0  0.00000    0 44.44444    0 22.222222     0
 [8,]    0 33.33333    0    0 44.44444    0  0.00000    0 30.555556     0
 [9,]    0  0.00000    0    0  0.00000    0  0.00000    0 22.222222     0
[10,]    0 44.44444    0    0  0.00000    0  0.00000    0 22.222222     0
[11,]    0  0.00000    0    0  0.00000    0  0.00000    0  0.000000     0
[12,]    0  0.00000    0    0  0.00000    0  0.00000    0  8.333333     0
[13,]    0  0.00000    0    0  0.00000    0  0.00000    0 30.555556     0
[14,]    0 33.33333    0    0  0.00000    0  0.00000    0  0.000000     0
[15,]    0  0.00000    0    0  0.00000    0  0.00000    0 19.444444     0
[16,]    0 33.33333    0    0  0.00000    0  0.00000    0 19.444444     0
[17,]    0 33.33333    0    0  0.00000    0  0.00000    0 30.555556     0
[18,]    0  0.00000    0    0  0.00000    0  0.00000    0 41.666667     0
[19,]    0 33.33333    0    0  0.00000    0 33.33333    0 27.777778     0
[20,]    0  0.00000    0    0  0.00000    0  0.00000    0  8.333333     0
[21,]    0 44.44444    0    0  0.00000    0  0.00000    0 19.444444     0
[22,]    0  0.00000    0    0  0.00000    0  0.00000    0 16.666667     0
[23,]    0 44.44444    0    0 33.33333    0  0.00000    0 19.444444     0
[24,]    0  0.00000    0    0 33.33333    0  0.00000    0 11.111111     0
[25,]    0  0.00000    0    0  0.00000    0  0.00000    0 19.444444     0
[26,]    0  0.00000    0    0  0.00000    0  0.00000    0  8.333333     0
[27,]    0 33.33333    0    0  0.00000    0  0.00000    0 16.666667     0
[28,]    0  0.00000    0    0  0.00000    0  0.00000    0 38.888889     0
[29,]    0  0.00000    0    0  0.00000    0  0.00000    0  8.333333     0
[30,]    0  0.00000    0    0  0.00000    0  0.00000    0  0.000000     0
[31,]    0  0.00000    0    0  0.00000    0  0.00000    0 16.666667     0
[32,]    0 44.44444    0    0  0.00000    0  0.00000    0 30.555556     0
[33,]    0  0.00000    0    0  0.00000    0  0.00000    0 19.444444     0
[34,]    0  0.00000    0    0  0.00000    0  0.00000    0 19.444444     0
[35,]    0  0.00000    0    0  0.00000    0  0.00000    0 11.111111     0
[36,]    0  0.00000    0    0  0.00000    0  0.00000    0 30.555556     0
[37,]    0  0.00000    0    0 33.33333    0  0.00000    0 19.444444     0
[38,]    0  0.00000    0    0 33.33333    0  0.00000    0 16.666667     0
[39,]    0  0.00000    0    0  0.00000    0  0.00000    0 16.666667     0
[40,]    0  0.00000    0    0 44.44444    0  0.00000    0 19.444444     0
[41,]    0  0.00000    0    0 33.33333    0  0.00000    0  0.000000     0
[42,]    0  0.00000    0    0  0.00000    0  0.00000    0 11.111111     0
[43,]    0 44.44444    0    0  0.00000    0  0.00000    0 19.444444     0
[44,]    0  0.00000    0    0  0.00000    0  0.00000    0 19.444444     0
[45,]    0  0.00000    0    0  0.00000    0  0.00000    0 22.222222     0
[46,]    0  0.00000    0    0  0.00000    0 33.33333    0 11.111111     0
[47,]    0  0.00000    0    0  0.00000    0  0.00000    0 19.444444     0
[48,]    0  0.00000    0    0  0.00000    0  0.00000    0 22.222222     0
[49,]    0  0.00000    0    0  0.00000    0  0.00000    0  8.333333     0
[50,]    0  0.00000    0    0  0.00000    0  0.00000    0  8.333333     0

