$totdays
[1] 365

$Psampest
[1] NA

$Pbootest
     Mean      2.5%       50%     97.5% 
0.1553718 0.0000000 0.0000000 1.8202897 

$Pboots
 [1] 0.0000000 0.0000000 0.4710212 0.0000000 0.0000000 1.9285604 0.0000000 0.0000000
 [9] 0.0000000 0.0000000 0.0000000 0.0000000 0.0000000 0.5333341 0.0000000 0.0000000
[17] 0.0000000 0.0000000 0.0000000 0.0000000 0.0000000 0.0000000 0.0000000 0.0000000
[25] 3.3883155 0.0000000 0.0000000 0.0000000 0.0000000 0.0000000 0.0000000 0.0000000
[33] 0.0000000 0.0000000 0.0000000 0.0000000 0.0000000 0.0000000 0.0000000 0.0000000
[41] 0.0000000 0.0000000 0.0000000 0.0000000 0.0000000 1.4473570 0.0000000 0.0000000
[49] 0.0000000 0.0000000

$Bboots
 [1] 0.0000000 0.0000000 0.1013661 0.0000000 0.0000000 0.2638072 0.0000000 0.0000000
 [9] 0.0000000 0.0000000 0.0000000 0.0000000 0.0000000 0.1147761 0.0000000 0.0000000
[17] 0.0000000 0.0000000 0.0000000 0.0000000 0.0000000 0.0000000 0.0000000 0.0000000
[25] 0.8981105 0.0000000 0.0000000 0.0000000 0.0000000 0.0000000 0.0000000 0.0000000
[33] 0.0000000 0.0000000 0.0000000 0.0000000 0.0000000 0.0000000 0.0000000 0.0000000
[41] 0.0000000 0.0000000 0.0000000 0.0000000 0.0000000 0.4639264 0.0000000 0.0000000
[49] 0.0000000 0.0000000

$Nboots
 [1] 0.000000 0.000000 2.469136 0.000000 0.000000 3.518519 0.000000 0.000000 0.000000
[10] 0.000000 0.000000 0.000000 0.000000 2.121914 0.000000 0.000000 0.000000 0.000000
[19] 0.000000 0.000000 0.000000 0.000000 0.000000 0.000000 4.436728 0.000000 0.000000
[28] 0.000000 0.000000 0.000000 0.000000 0.000000 0.000000 0.000000 0.000000 0.000000
[37] 0.000000 0.000000 0.000000 0.000000 0.000000 0.000000 0.000000 0.000000 0.000000
[46] 2.083333 0.000000 0.000000 0.000000 0.000000

$julians
[1] 2008 2040 2085 2141 2278 2283 2333 2362 2399

$intdays
[1]  32  45  56 137   5  50  29  37 -26

$Pintsampest
[1] NA NA NA NA NA NA NA NA NA

$Pintboots
      [,1]     [,2]      [,3]     [,4] [,5] [,6] [,7]     [,8] [,9]
 [1,]   NA       NA        NA       NA   NA   NA   NA       NA   NA
 [2,]   NA       NA        NA       NA   NA   NA   NA       NA   NA
 [3,]   NA       NA 0.4710212       NA   NA   NA   NA       NA   NA
 [4,]   NA       NA        NA       NA   NA   NA   NA       NA   NA
 [5,]   NA       NA        NA       NA   NA   NA   NA       NA   NA
 [6,]   NA       NA 0.7378258 1.190735   NA   NA   NA       NA   NA
 [7,]   NA       NA        NA       NA   NA   NA   NA       NA   NA
 [8,]   NA       NA        NA       NA   NA   NA   NA       NA   NA
 [9,]   NA       NA        NA       NA   NA   NA   NA       NA   NA
[10,]   NA       NA        NA       NA   NA   NA   NA       NA   NA
[11,]   NA       NA        NA       NA   NA   NA   NA       NA   NA
[12,]   NA       NA        NA       NA   NA   NA   NA       NA   NA
[13,]   NA       NA        NA       NA   NA   NA   NA       NA   NA
[14,]   NA       NA 0.5333341       NA   NA   NA   NA       NA   NA
[15,]   NA       NA        NA       NA   NA   NA   NA       NA   NA
[16,]   NA       NA        NA       NA   NA   NA   NA       NA   NA
[17,]   NA       NA        NA       NA   NA   NA   NA       NA   NA
[18,]   NA       NA        NA       NA   NA   NA   NA       NA   NA
[19,]   NA       NA        NA       NA   NA   NA   NA       NA   NA
[20,]   NA       NA        NA       NA   NA   NA   NA       NA   NA
[21,]   NA       NA        NA       NA   NA   NA   NA       NA   NA
[22,]   NA       NA        NA       NA   NA   NA   NA       NA   NA
[23,]   NA       NA        NA       NA   NA   NA   NA       NA   NA
[24,]   NA       NA        NA       NA   NA   NA   NA       NA   NA
[25,]   NA 3.388316        NA       NA   NA   NA   NA       NA   NA
[26,]   NA       NA        NA       NA   NA   NA   NA       NA   NA
[27,]   NA       NA        NA       NA   NA   NA   NA       NA   NA
[28,]   NA       NA        NA       NA   NA   NA   NA       NA   NA
[29,]   NA       NA        NA       NA   NA   NA   NA       NA   NA
[30,]   NA       NA        NA       NA   NA   NA   NA       NA   NA
[31,]   NA       NA        NA       NA   NA   NA   NA       NA   NA
[32,]   NA       NA        NA       NA   NA   NA   NA       NA   NA
[33,]   NA       NA        NA       NA   NA   NA   NA       NA   NA
[34,]   NA       NA        NA       NA   NA   NA   NA       NA   NA
[35,]   NA       NA        NA       NA   NA   NA   NA       NA   NA
[36,]   NA       NA        NA       NA   NA   NA   NA       NA   NA
[37,]   NA       NA        NA       NA   NA   NA   NA       NA   NA
[38,]   NA       NA        NA       NA   NA   NA   NA       NA   NA
[39,]   NA       NA        NA       NA   NA   NA   NA       NA   NA
[40,]   NA       NA        NA       NA   NA   NA   NA       NA   NA
[41,]   NA       NA        NA       NA   NA   NA   NA       NA   NA
[42,]   NA       NA        NA       NA   NA   NA   NA       NA   NA
[43,]   NA       NA        NA       NA   NA   NA   NA       NA   NA
[44,]   NA       NA        NA       NA   NA   NA   NA       NA   NA
[45,]   NA       NA        NA       NA   NA   NA   NA       NA   NA
[46,]   NA       NA        NA       NA   NA   NA   NA 1.447357   NA
[47,]   NA       NA        NA       NA   NA   NA   NA       NA   NA
[48,]   NA       NA        NA       NA   NA   NA   NA       NA   NA
[49,]   NA       NA        NA       NA   NA   NA   NA       NA   NA
[50,]   NA       NA        NA       NA   NA   NA   NA       NA   NA

$Bdatesampinfo
      DATE JULIAN N Mean Stdev
1 07/01/11   2008 9   NA    NA
2 08/02/11   2040 4   NA    NA
3 09/16/11   2085 9   NA    NA
4 11/11/11   2141 6   NA    NA
5 03/27/12   2278 5   NA    NA
6 04/01/12   2283 3   NA    NA
7 05/21/12   2333 4   NA    NA
8 06/19/12   2362 6   NA    NA
9 07/26/12   2399 8   NA    NA

$Ndatesampinfo
      DATE JULIAN N Mean Stdev
1 07/01/11   2008 9   NA    NA
2 08/02/11   2040 4   NA    NA
3 09/16/11   2085 9   NA    NA
4 11/11/11   2141 6   NA    NA
5 03/27/12   2278 5   NA    NA
6 04/01/12   2283 3   NA    NA
7 05/21/12   2333 4   NA    NA
8 06/19/12   2362 6   NA    NA
9 07/26/12   2399 8   NA    NA

$Bdateboots
           [,1]     [,2]     [,3]      [,4]     [,5] [,6]      [,7]     [,8]     [,9]
 [1,]  0.000000  0.00000 0.000000 0.0000000 0.000000    0 0.0000000 2.643091 0.000000
 [2,]  0.000000  0.00000 0.000000 0.0000000 0.000000    0 0.0000000 0.000000 0.000000
 [3,]  0.000000  0.00000 1.621857 0.0000000 0.000000    0 0.3938478 0.000000 0.000000
 [4,] 11.830096  0.00000 0.000000 0.0000000 0.000000    0 0.0000000 0.000000 0.000000
 [5,]  0.000000  0.00000 0.000000 0.0000000 0.000000    0 0.0000000 0.000000 0.000000
 [6,]  0.000000  0.00000 2.166765 0.3737742 1.306602    0 0.0000000 0.000000 2.138172
 [7,]  0.000000  0.00000 0.000000 0.0000000 0.000000    0 0.0000000 0.000000 0.000000
 [8,]  0.000000  0.00000 1.413204 0.0000000 0.000000    0 0.0000000 6.275664 0.000000
 [9,]  0.000000  0.00000 0.000000 0.0000000 0.000000    0 0.0000000 0.000000 1.729859
[10,]  0.000000  0.00000 0.000000 0.0000000 0.000000    0 0.0000000 0.000000 0.000000
[11,]  0.000000  0.00000 0.000000 0.0000000 0.000000    0 0.0000000 0.000000 0.000000
[12,]  0.000000  0.00000 0.000000 0.1868871 0.000000    0 0.0000000 0.000000 0.000000
[13,]  0.000000  0.00000 0.000000 0.0000000 0.000000    0 0.0000000 5.657575 0.000000
[14,]  0.000000  0.00000 1.649530 0.1868871 0.000000    0 0.0000000 0.000000 0.000000
[15,]  0.000000  0.00000 0.000000 0.0000000 0.000000    0 0.0000000 5.368484 0.000000
[16,]  0.000000  0.00000 0.000000 0.0000000 0.000000    0 0.3938478 0.000000 0.000000
[17,]  8.666640  0.00000 0.000000 0.0000000 0.000000    0 0.0000000 0.000000 0.000000
[18,]  0.000000  0.00000 0.000000 0.0000000 0.000000    0 0.0000000 3.879270 0.000000
[19,]  0.000000  0.00000 0.000000 0.0000000 0.000000    0 0.0000000 0.000000 0.000000
[20,]  6.522538  0.00000 0.000000 0.0000000 0.000000    0 0.0000000 0.000000 0.000000
[21,]  0.000000  0.00000 0.000000 0.0000000 0.000000    0 0.0000000 0.000000 0.000000
[22,]  0.000000  0.00000 0.000000 0.0000000 0.000000    0 0.0000000 0.000000 0.000000
[23,]  0.000000  0.00000 0.000000 0.0000000 0.000000    0 0.0000000 0.000000 2.487238
[24,]  0.000000 12.89032 0.000000 0.3737742 0.000000    0 0.0000000 0.000000 0.000000
[25,]  0.000000 12.89032 1.479448 0.0000000 0.000000    0 0.0000000 0.000000 0.000000
[26,]  0.000000  0.00000 0.000000 0.0000000 0.000000    0 0.3938478 0.000000 0.000000
[27,]  0.000000 12.89032 0.000000 0.0000000 0.000000    0 0.0000000 0.000000 0.000000
[28,]  0.000000  0.00000 0.000000 0.3737742 0.000000    0 0.0000000 0.000000 0.000000
[29,]  0.000000  0.00000 0.000000 0.0000000 0.000000    0 0.0000000 0.000000 0.000000
[30,]  0.000000  0.00000 0.000000 0.0000000 0.000000    0 0.0000000 0.000000 0.000000
[31,]  0.000000  0.00000 0.000000 0.0000000 0.000000    0 0.2625652 0.000000 0.000000
[32,]  0.000000  0.00000 0.000000 0.0000000 0.000000    0 0.0000000 0.000000 0.000000
[33,]  0.000000  0.00000 0.000000 0.0000000 0.000000    0 0.0000000 0.000000 0.000000
[34,]  0.000000  0.00000 0.000000 0.1868871 0.000000    0 0.0000000 0.000000 0.000000
[35,]  0.000000 12.89032 0.000000 0.1868871 0.000000    0 0.0000000 0.000000 0.000000
[36,]  0.000000  0.00000 0.000000 0.3737742 0.000000    0 0.0000000 3.676789 0.000000
[37,]  0.000000  0.00000 0.000000 0.0000000 0.000000    0 0.0000000 0.000000 0.000000
[38,]  9.322697  0.00000 0.000000 0.0000000 0.000000    0 0.0000000 0.000000 0.000000
[39,]  0.000000  0.00000 0.000000 0.0000000 0.000000    0 0.0000000 0.000000 0.000000
[40,]  0.000000  0.00000 0.000000 0.0000000 0.000000    0 0.0000000 0.000000 0.000000
[41,]  0.000000  0.00000 0.000000 0.0000000 0.000000    0 0.0000000 0.000000 0.000000
[42,]  0.000000  0.00000 0.000000 0.0000000 0.000000    0 0.0000000 0.000000 0.000000
[43,]  0.000000  0.00000 0.000000 0.0000000 0.000000    0 0.0000000 0.000000 0.000000
[44,]  8.065490  0.00000 0.000000 0.0000000 0.000000    0 0.0000000 0.000000 0.000000
[45,]  0.000000  0.00000 0.000000 0.0000000 0.000000    0 0.3938478 0.000000 0.000000
[46,]  0.000000  0.00000 0.000000 0.0000000 0.000000    0 0.0000000 4.623877 2.798945
[47,]  0.000000  0.00000 0.000000 0.0000000 0.000000    0 0.0000000 0.000000 0.000000
[48,]  0.000000  0.00000 0.000000 0.0000000 0.000000    0 0.5251304 0.000000 0.000000
[49,]  0.000000  0.00000 0.000000 0.0000000 0.000000    0 0.0000000 0.000000 0.000000
[50,]  0.000000  0.00000 0.000000 0.0000000 0.000000    0 0.0000000 0.000000 0.000000

$Ndateboots
          [,1]     [,2]     [,3]     [,4]     [,5] [,6]      [,7]     [,8]      [,9]
 [1,]  0.00000  0.00000  0.00000 0.000000 0.000000    0  0.000000 11.11111  0.000000
 [2,]  0.00000  0.00000  0.00000 0.000000 0.000000    0  0.000000  0.00000  0.000000
 [3,]  0.00000  0.00000 39.50617 0.000000 0.000000    0  8.333333  0.00000  0.000000
 [4,] 23.45679  0.00000  0.00000 0.000000 0.000000    0  0.000000  0.00000  0.000000
 [5,]  0.00000  0.00000  0.00000 0.000000 0.000000    0  0.000000  0.00000  0.000000
 [6,]  0.00000  0.00000 44.44444 3.703704 4.444444    0  0.000000  0.00000  8.333333
 [7,]  0.00000  0.00000  0.00000 0.000000 0.000000    0  0.000000  0.00000  0.000000
 [8,]  0.00000  0.00000 32.09877 0.000000 0.000000    0  0.000000 22.22222  0.000000
 [9,]  0.00000  0.00000  0.00000 0.000000 0.000000    0  0.000000  0.00000  6.944444
[10,]  0.00000  0.00000  0.00000 0.000000 0.000000    0  0.000000  0.00000  0.000000
[11,]  0.00000  0.00000  0.00000 0.000000 0.000000    0  0.000000  0.00000  0.000000
[12,]  0.00000  0.00000  0.00000 1.851852 0.000000    0  0.000000  0.00000  0.000000
[13,]  0.00000  0.00000  0.00000 0.000000 0.000000    0  0.000000 22.22222  0.000000
[14,]  0.00000  0.00000 32.09877 1.851852 0.000000    0  0.000000  0.00000  0.000000
[15,]  0.00000  0.00000  0.00000 0.000000 0.000000    0  0.000000 33.33333  0.000000
[16,]  0.00000  0.00000  0.00000 0.000000 0.000000    0  8.333333  0.00000  0.000000
[17,] 23.45679  0.00000  0.00000 0.000000 0.000000    0  0.000000  0.00000  0.000000
[18,]  0.00000  0.00000  0.00000 0.000000 0.000000    0  0.000000 11.11111  0.000000
[19,]  0.00000  0.00000  0.00000 0.000000 0.000000    0  0.000000  0.00000  0.000000
[20,] 20.98765  0.00000  0.00000 0.000000 0.000000    0  0.000000  0.00000  0.000000
[21,]  0.00000  0.00000  0.00000 0.000000 0.000000    0  0.000000  0.00000  0.000000
[22,]  0.00000  0.00000  0.00000 0.000000 0.000000    0  0.000000  0.00000  0.000000
[23,]  0.00000  0.00000  0.00000 0.000000 0.000000    0  0.000000  0.00000 11.111111
[24,]  0.00000 38.88889  0.00000 3.703704 0.000000    0  0.000000  0.00000  0.000000
[25,]  0.00000 38.88889 32.09877 0.000000 0.000000    0  0.000000  0.00000  0.000000
[26,]  0.00000  0.00000  0.00000 0.000000 0.000000    0  8.333333  0.00000  0.000000
[27,]  0.00000 38.88889  0.00000 0.000000 0.000000    0  0.000000  0.00000  0.000000
[28,]  0.00000  0.00000  0.00000 3.703704 0.000000    0  0.000000  0.00000  0.000000
[29,]  0.00000  0.00000  0.00000 0.000000 0.000000    0  0.000000  0.00000  0.000000
[30,]  0.00000  0.00000  0.00000 0.000000 0.000000    0  0.000000  0.00000  0.000000
[31,]  0.00000  0.00000  0.00000 0.000000 0.000000    0  5.555556  0.00000  0.000000
[32,]  0.00000  0.00000  0.00000 0.000000 0.000000    0  0.000000  0.00000  0.000000
[33,]  0.00000  0.00000  0.00000 0.000000 0.000000    0  0.000000  0.00000  0.000000
[34,]  0.00000  0.00000  0.00000 1.851852 0.000000    0  0.000000  0.00000  0.000000
[35,]  0.00000 38.88889  0.00000 1.851852 0.000000    0  0.000000  0.00000  0.000000
[36,]  0.00000  0.00000  0.00000 3.703704 0.000000    0  0.000000 11.11111  0.000000
[37,]  0.00000  0.00000  0.00000 0.000000 0.000000    0  0.000000  0.00000  0.000000
[38,] 23.45679  0.00000  0.00000 0.000000 0.000000    0  0.000000  0.00000  0.000000
[39,]  0.00000  0.00000  0.00000 0.000000 0.000000    0  0.000000  0.00000  0.000000
[40,]  0.00000  0.00000  0.00000 0.000000 0.000000    0  0.000000  0.00000  0.000000
[41,]  0.00000  0.00000  0.00000 0.000000 0.000000    0  0.000000  0.00000  0.000000
[42,]  0.00000  0.00000  0.00000 0.000000 0.000000    0  0.000000  0.00000  0.000000
[43,]  0.00000  0.00000  0.00000 0.000000 0.000000    0  0.000000  0.00000  0.000000
[44,] 18.51852  0.00000  0.00000 0.000000 0.000000    0  0.000000  0.00000  0.000000
[45,]  0.00000  0.00000  0.00000 0.000000 0.000000    0  8.333333  0.00000  0.000000
[46,]  0.00000  0.00000  0.00000 0.000000 0.000000    0  0.000000 22.22222 11.111111
[47,]  0.00000  0.00000  0.00000 0.000000 0.000000    0  0.000000  0.00000  0.000000
[48,]  0.00000  0.00000  0.00000 0.000000 0.000000    0 11.111111  0.00000  0.000000
[49,]  0.00000  0.00000  0.00000 0.000000 0.000000    0  0.000000  0.00000  0.000000
[50,]  0.00000  0.00000  0.00000 0.000000 0.000000    0  0.000000  0.00000  0.000000

