$totdays
[1] 391

$Psampest
[1] NA

$Pbootest
    Mean     2.5%      50%    97.5% 
1.246633 0.000000 0.000000 8.108326 

$Pboots
 [1]  1.61187371  0.00000000  7.34945832  0.00000000  2.10283294  0.00000000  0.00000000
 [8]  1.70670686  0.00000000  0.00000000  2.32733206  0.00000000  4.36822182  1.66396011
[15]  0.00000000  1.28735014  1.81248744  0.00000000  0.00000000  0.00000000  0.00000000
[22] 10.23176935  0.00000000  0.00000000  2.04549547  2.07161688  0.00000000  0.00000000
[29]  0.00000000  0.00000000  3.68857647  0.00000000  8.13983371  0.00000000  0.52378618
[36]  0.00000000  0.01898719  0.00000000  0.00000000  0.57864622  7.99979926  0.00000000
[43]  0.44403481  0.00000000  0.43555213  0.00000000  0.00000000  1.92333729  0.00000000
[50]  0.00000000

$Bboots
 [1] 0.53051046 0.00000000 1.59240536 0.00000000 0.69209818 0.00000000 0.00000000
 [8] 0.40211864 0.00000000 0.00000000 0.54834465 0.00000000 0.83561146 0.54765349
[15] 0.00000000 0.42370115 0.59653775 0.00000000 0.00000000 0.00000000 0.00000000
[22] 2.42606056 0.00000000 0.00000000 0.39128952 0.68182419 0.00000000 0.00000000
[29] 0.00000000 0.00000000 0.86906858 0.00000000 1.95424745 0.00000000 0.12239553
[36] 0.00000000 0.04079851 0.00000000 0.00000000 0.11069113 1.74032032 0.00000000
[43] 0.15927365 0.00000000 0.08331819 0.00000000 0.00000000 0.63302140 0.00000000
[50] 0.00000000

$Nboots
 [1]  39.947090   0.000000  99.426808   0.000000  52.380952   0.000000   0.000000
 [8]  27.987213   0.000000   0.000000  43.893298   0.000000  48.070988  41.887125
[15]   0.000000  34.832451  41.622575   0.000000   0.000000   0.000000   0.000000
[22] 174.250441   0.000000   0.000000  21.296296  57.848325   0.000000   0.000000
[29]   0.000000   0.000000  58.498677   0.000000 124.228395   0.000000   0.462963
[36]   0.000000   0.154321   0.000000   0.000000   5.787037 114.814815   0.000000
[43]   4.166667   0.000000   4.243827   0.000000   0.000000  47.442681   0.000000
[50]   0.000000

$julians
 [1] 2008 2040 2085 2141 2232 2278 2283 2333 2362 2399

$intdays
[1] 32 45 56 91 46  5 50 29 37

$Pintsampest
[1] NA NA NA NA NA NA NA NA NA

$Pintboots
          [,1]     [,2]      [,3] [,4]      [,5]       [,6] [,7] [,8] [,9]
 [1,] 1.611874       NA        NA   NA        NA         NA   NA    0   NA
 [2,]       NA       NA        NA   NA        NA         NA    0   NA   NA
 [3,]       NA 4.208341 3.1411171   NA        NA         NA    0    0    0
 [4,]       NA       NA        NA   NA        NA 0.00000000    0   NA   NA
 [5,] 2.102833       NA        NA   NA        NA         NA   NA   NA   NA
 [6,]       NA       NA        NA   NA        NA         NA   NA   NA   NA
 [7,]       NA       NA        NA   NA        NA         NA   NA   NA   NA
 [8,]       NA 1.706707        NA   NA        NA         NA   NA   NA   NA
 [9,]       NA       NA        NA   NA        NA         NA   NA   NA   NA
[10,]       NA       NA        NA   NA        NA         NA   NA   NA   NA
[11,]       NA 2.327332        NA   NA        NA         NA   NA   NA   NA
[12,]       NA       NA        NA   NA        NA         NA   NA   NA   NA
[13,]       NA       NA 4.3682218   NA        NA         NA   NA   NA    0
[14,] 1.663960       NA        NA   NA        NA         NA   NA   NA   NA
[15,]       NA       NA        NA   NA        NA         NA   NA   NA    0
[16,] 1.287350       NA        NA   NA        NA         NA   NA   NA   NA
[17,] 1.812487       NA        NA   NA        NA         NA   NA    0   NA
[18,]       NA       NA        NA   NA        NA         NA   NA   NA    0
[19,]       NA       NA        NA   NA        NA         NA   NA   NA   NA
[20,]       NA       NA        NA   NA        NA         NA   NA   NA   NA
[21,]       NA       NA        NA   NA        NA         NA   NA   NA   NA
[22,] 1.777299 5.050387 3.4040834    0        NA         NA   NA   NA   NA
[23,]       NA       NA        NA   NA        NA         NA   NA   NA   NA
[24,]       NA       NA        NA   NA        NA         NA   NA   NA    0
[25,]       NA       NA 2.0454955   NA        NA         NA   NA   NA   NA
[26,] 2.071617       NA        NA   NA        NA         NA   NA   NA   NA
[27,]       NA       NA        NA   NA        NA         NA   NA   NA    0
[28,]       NA       NA        NA    0        NA         NA   NA   NA   NA
[29,]       NA       NA        NA   NA        NA         NA   NA   NA   NA
[30,]       NA       NA        NA   NA        NA         NA   NA    0   NA
[31,]       NA 3.688576        NA   NA        NA         NA   NA   NA   NA
[32,]       NA       NA        NA   NA        NA         NA   NA   NA   NA
[33,] 1.576179 4.059385 2.5042695   NA        NA         NA   NA    0    0
[34,]       NA       NA        NA   NA        NA         NA   NA   NA   NA
[35,]       NA       NA        NA   NA 0.5237862         NA   NA   NA   NA
[36,]       NA       NA        NA   NA        NA         NA   NA   NA   NA
[37,]       NA       NA        NA   NA        NA 0.01898719   NA   NA   NA
[38,]       NA       NA        NA   NA        NA         NA   NA   NA   NA
[39,]       NA       NA        NA   NA        NA         NA   NA   NA   NA
[40,]       NA       NA 0.5786462   NA        NA         NA   NA   NA   NA
[41,]       NA 4.738810 3.2609893   NA        NA 0.00000000   NA   NA   NA
[42,]       NA       NA        NA   NA        NA         NA   NA   NA   NA
[43,]       NA       NA 0.4060604   NA        NA 0.03797438   NA   NA   NA
[44,]       NA       NA        NA   NA        NA         NA   NA   NA   NA
[45,]       NA       NA 0.4355521   NA        NA         NA   NA   NA   NA
[46,]       NA       NA        NA   NA        NA         NA   NA   NA   NA
[47,]       NA       NA        NA    0        NA         NA   NA    0   NA
[48,] 1.923337       NA        NA   NA        NA         NA   NA   NA    0
[49,]       NA       NA        NA   NA        NA         NA   NA   NA   NA
[50,]       NA       NA        NA   NA        NA         NA   NA   NA   NA

$Bdatesampinfo
       DATE JULIAN N Mean Stdev
1  07/01/11   2008 7   NA    NA
2  08/02/11   2040 7   NA    NA
3  09/16/11   2085 8   NA    NA
4  11/11/11   2141 6   NA    NA
5  02/10/12   2232 2   NA    NA
6  03/27/12   2278 4   NA    NA
7  04/01/12   2283 2   NA    NA
8  05/21/12   2333 3   NA    NA
9  06/19/12   2362 5   NA    NA
10 07/26/12   2399 7   NA    NA

$Ndatesampinfo
       DATE JULIAN N Mean Stdev
1  07/01/11   2008 7   NA    NA
2  08/02/11   2040 7   NA    NA
3  09/16/11   2085 8   NA    NA
4  11/11/11   2141 6   NA    NA
5  02/10/12   2232 2   NA    NA
6  03/27/12   2278 4   NA    NA
7  04/01/12   2283 2   NA    NA
8  05/21/12   2333 3   NA    NA
9  06/19/12   2362 5   NA    NA
10 07/26/12   2399 7   NA    NA

$Bdateboots
           [,1]      [,2]      [,3] [,4] [,5]      [,6] [,7] [,8] [,9] [,10]
 [1,] 0.5490725  9.000116  0.000000    0    0 0.0000000    0    0    0     0
 [2,] 1.6704157  0.000000  2.445174    0    0 0.0000000    0    0    0     0
 [3,] 0.0000000  7.031812 10.815742    0    0 0.0000000    0    0    0     0
 [4,] 0.0000000  0.000000  5.623443    0    0 0.0000000    0    0    0     0
 [5,] 1.5349259 10.922841  0.000000    0    0 0.0000000    0    0    0     0
 [6,] 0.4315811  0.000000  7.083191    0    0 0.0000000    0    0    0     0
 [7,] 0.0000000  7.280227  0.000000    0    0 0.0000000    0    0    0     0
 [8,] 0.0000000  3.785947  3.452188    0    0 0.0000000    0    0    0     0
 [9,] 1.5952266  0.000000  8.090206    0    0 0.0000000    0    0    0     0
[10,] 0.0000000  0.000000 11.268475    0    0 0.0000000    0    0    0     0
[11,] 0.0000000  8.472024  1.398179    0    0 0.0000000    0    0    0     0
[12,] 0.0000000  6.432273  0.000000    0    0 0.7343732    0    0    0     0
[13,] 0.0000000  0.000000 15.041006    0    0 0.0000000    0    0    0     0
[14,] 0.6845623  9.173200  0.000000    0    0 0.0000000    0    0    0     0
[15,] 0.0000000  0.000000  8.582919    0    0 0.0000000    0    0    0     0
[16,] 1.0580032  6.568617  0.000000    0    0 0.0000000    0    0    0     0
[17,] 0.4754384 10.262241  0.000000    0    0 0.0000000    0    0    0     0
[18,] 0.0000000  0.000000  2.897907    0    0 0.0000000    0    0    0     0
[19,] 1.3423163  0.000000  0.000000    0    0 0.0000000    0    0    0     0
[20,] 0.0000000  0.000000  0.000000    0    0 0.0000000    0    0    0     0
[21,] 0.0000000  9.538641  0.000000    0    0 0.0000000    0    0    0     0
[22,] 0.8317596  9.697457 11.721209    0    0 0.0000000    0    0    0     0
[23,] 0.0000000  0.000000  0.000000    0    0 0.0000000    0    0    0     0
[24,] 0.0000000  0.000000  2.937886    0    0 0.0000000    0    0    0     0
[25,] 0.0000000  0.000000  7.043211    0    0 2.2031195    0    0    0     0
[26,] 0.2976463 11.975189  0.000000    0    0 0.0000000    0    0    0     0
[27,] 1.5952266  0.000000 10.775763    0    0 0.0000000    0    0    0     0
[28,] 0.0000000  0.000000  0.000000    0    0 0.0000000    0    0    0     0
[29,] 0.0000000  0.000000  7.083191    0    0 0.0000000    0    0    0     0
[30,] 0.0000000 14.401638  0.000000    0    0 0.0000000    0    0    0     0
[31,] 0.0000000  9.173200  6.470034    0    0 0.0000000    0    0    0     0
[32,] 0.0000000  0.000000  0.000000    0    0 0.0000000    0    0    0     0
[33,] 0.7447922  8.592933  8.622898    0    0 0.0000000    0    0    0     0
[34,] 1.6116700  0.000000  0.000000    0    0 0.0000000    0    0    0     0
[35,] 0.0000000  0.000000  0.000000    0    0 2.2031195    0    0    0     0
[36,] 1.2804605  0.000000  0.000000    0    0 0.7343732    0    0    0     0
[37,] 0.0000000  0.000000  0.000000    0    0 0.7343732    0    0    0     0
[38,] 0.0000000  0.000000 10.855722    0    0 0.0000000    0    0    0     0
[39,] 0.0000000  0.000000  0.000000    0    0 0.7343732    0    0    0     0
[40,] 1.6673056  0.000000  1.992440    0    0 0.0000000    0    0    0     0
[41,] 0.0000000  8.868774 11.228496    0    0 0.0000000    0    0    0     0
[42,] 0.0000000  0.000000  0.000000    0    0 0.7343732    0    0    0     0
[43,] 0.0000000  0.000000  1.398179    0    0 1.4687463    0    0    0     0
[44,] 0.5098803  0.000000 10.363009    0    0 0.0000000    0    0    0     0
[45,] 0.8920603  0.000000  1.499727    0    0 0.0000000    0    0    0     0
[46,] 0.0000000  0.000000  0.000000    0    0 0.0000000    0    0    0     0
[47,] 0.9688045  0.000000  0.000000    0    0 0.0000000    0    0    0     0
[48,] 0.8787270 10.515658  0.000000    0    0 0.0000000    0    0    0     0
[49,] 0.8035379  0.000000  0.000000    0    0 0.0000000    0    0    0     0
[50,] 0.0000000  0.000000  6.137745    0    0 0.0000000    0    0    0     0

$Ndateboots
          [,1]      [,2]      [,3] [,4] [,5]     [,6] [,7] [,8] [,9] [,10]
 [1,] 31.74603  687.3016   0.00000    0    0 0.000000    0    0    0     0
 [2,] 82.53968    0.0000 125.00000    0    0 0.000000    0    0    0     0
 [3,]  0.00000  561.9048 613.88889    0    0 0.000000    0    0    0     0
 [4,]  0.00000    0.0000 320.83333    0    0 0.000000    0    0    0     0
 [5,] 73.01587  869.8413   0.00000    0    0 0.000000    0    0    0     0
 [6,] 38.09524    0.0000 390.27778    0    0 0.000000    0    0    0     0
 [7,]  0.00000  547.6190   0.00000    0    0 0.000000    0    0    0     0
 [8,]  0.00000  330.1587 173.61111    0    0 0.000000    0    0    0     0
 [9,] 73.01587    0.0000 438.88889    0    0 0.000000    0    0    0     0
[10,]  0.00000    0.0000 634.72222    0    0 0.000000    0    0    0     0
[11,]  0.00000  720.6349  69.44444    0    0 0.000000    0    0    0     0
[12,]  0.00000  609.5238   0.00000    0    0 2.777778    0    0    0     0
[13,]  0.00000    0.0000 865.27778    0    0 0.000000    0    0    0     0
[14,] 41.26984  712.6984   0.00000    0    0 0.000000    0    0    0     0
[15,]  0.00000    0.0000 466.66667    0    0 0.000000    0    0    0     0
[16,] 44.44444  582.5397   0.00000    0    0 0.000000    0    0    0     0
[17,] 25.39683  723.8095   0.00000    0    0 0.000000    0    0    0     0
[18,]  0.00000    0.0000 145.83333    0    0 0.000000    0    0    0     0
[19,] 69.84127    0.0000   0.00000    0    0 0.000000    0    0    0     0
[20,]  0.00000    0.0000   0.00000    0    0 0.000000    0    0    0     0
[21,]  0.00000  626.9841   0.00000    0    0 0.000000    0    0    0     0
[22,] 53.96825  885.7143 655.55556    0    0 0.000000    0    0    0     0
[23,]  0.00000    0.0000   0.00000    0    0 0.000000    0    0    0     0
[24,]  0.00000    0.0000 152.77778    0    0 0.000000    0    0    0     0
[25,]  0.00000    0.0000 383.33333    0    0 8.333333    0    0    0     0
[26,] 31.74603 1009.5238   0.00000    0    0 0.000000    0    0    0     0
[27,] 73.01587    0.0000 606.94444    0    0 0.000000    0    0    0     0
[28,]  0.00000    0.0000   0.00000    0    0 0.000000    0    0    0     0
[29,]  0.00000    0.0000 390.27778    0    0 0.000000    0    0    0     0
[30,]  0.00000  836.5079   0.00000    0    0 0.000000    0    0    0     0
[31,]  0.00000  712.6984 340.27778    0    0 0.000000    0    0    0     0
[32,]  0.00000    0.0000   0.00000    0    0 0.000000    0    0    0     0
[33,] 41.26984  623.8095 473.61111    0    0 0.000000    0    0    0     0
[34,] 85.71429    0.0000   0.00000    0    0 0.000000    0    0    0     0
[35,]  0.00000    0.0000   0.00000    0    0 8.333333    0    0    0     0
[36,] 66.66667    0.0000   0.00000    0    0 2.777778    0    0    0     0
[37,]  0.00000    0.0000   0.00000    0    0 2.777778    0    0    0     0
[38,]  0.00000    0.0000 620.83333    0    0 0.000000    0    0    0     0
[39,]  0.00000    0.0000   0.00000    0    0 2.777778    0    0    0     0
[40,] 76.19048    0.0000 104.16667    0    0 0.000000    0    0    0     0
[41,]  0.00000  811.1111 627.77778    0    0 0.000000    0    0    0     0
[42,]  0.00000    0.0000   0.00000    0    0 2.777778    0    0    0     0
[43,]  0.00000    0.0000  69.44444    0    0 5.555556    0    0    0     0
[44,] 53.96825    0.0000 593.05556    0    0 0.000000    0    0    0     0
[45,] 53.96825    0.0000  76.38889    0    0 0.000000    0    0    0     0
[46,]  0.00000    0.0000   0.00000    0    0 0.000000    0    0    0     0
[47,] 66.66667    0.0000   0.00000    0    0 0.000000    0    0    0     0
[48,] 47.61905  806.3492   0.00000    0    0 0.000000    0    0    0     0
[49,] 38.09524    0.0000   0.00000    0    0 0.000000    0    0    0     0
[50,]  0.00000    0.0000 341.66667    0    0 0.000000    0    0    0     0

