$totdays
[1] 365

$Psampest
[1] 0.05790053

$Pbootest
      Mean       2.5%        50%      97.5% 
0.13790048 0.00751977 0.09956707 0.36396359 

$Pboots
 [1] 0.08634880 0.00000000 0.09085285 0.05038076 0.05790053 0.24097774 0.30712188
 [8] 0.27115384 0.12332084 0.10076153 0.02255931 0.15114229 0.05038076 0.33657415
[15] 0.15114229 0.15114229 0.32905438 0.32905438 0.00751977 0.05790053 0.06542030
[22] 0.32153461 0.06542030 0.05038076 0.38695491 0.10828130 0.10828130 0.11580107
[29] 0.10828130 0.06542030 0.05790053 0.05038076 0.10589239 0.04047208 0.06542030
[36] 0.09837262 0.32905438 0.09837262 0.05790053 0.09085285 0.37191537 0.00751977
[43] 0.19913415 0.00751977 0.19059697 0.28619338 0.24849751 0.09085285 0.05790053
[50] 0.12920979

$Bboots
 [1] 0.026258047 0.000000000 0.024471758 0.011967735 0.013754024 0.095741877 0.098064455
 [8] 0.083774142 0.029294337 0.023935469 0.005358867 0.035903204 0.011967735 0.099314455
[15] 0.035903204 0.035903204 0.097528166 0.097528166 0.001786289 0.013754024 0.015540313
[22] 0.095741877 0.015540313 0.011967735 0.111282190 0.025721758 0.025721758 0.027508047
[29] 0.025721758 0.015540313 0.013754024 0.011967735 0.028044337 0.012504024 0.015540313
[36] 0.026258047 0.097528166 0.026258047 0.013754024 0.024471758 0.107709612 0.001786289
[43] 0.050193517 0.001786289 0.083774142 0.087346721 0.097528166 0.024471758 0.013754024
[50] 0.036439493

$Nboots
 [1]  3.3730159  0.0000000  3.1746032  1.7857143  1.9841270 14.2857143 14.0873016
 [8] 12.5000000  4.1666667  3.5714286  0.5952381  5.3571429  1.7857143 14.6825397
[15]  5.3571429  5.3571429 14.4841270 14.4841270  0.1984127  1.9841270  2.1825397
[22] 14.2857143  2.1825397  1.7857143 16.4682540  3.7698413  3.7698413  3.9682540
[29]  3.7698413  2.1825397  1.9841270  1.7857143  3.5714286  1.3888889  2.1825397
[36]  3.3730159 14.4841270  3.3730159  1.9841270  3.1746032 16.0714286  0.1984127
[43]  6.9444444  0.1984127 12.5000000 12.8968254 14.4841270  3.1746032  1.9841270
[50]  4.9603175

$julians
[1] 2008 2040 2085 2141 2278 2283 2333 2362 2399

$intdays
[1]  32  45  56 137   5  50  29  37 -26

$Pintsampest
[1] 0.00000000 0.02594490 0.03195564 0.00000000 0.00000000 0.00000000 0.00000000
[8] 0.00000000 0.00000000

$Pintboots
            [,1]        [,2]        [,3] [,4]        [,5]       [,6] [,7] [,8] [,9]
 [1,] 0.00000000 0.025944896 0.031955638    0 0.002585038 0.02586323    0    0    0
 [2,] 0.00000000 0.000000000 0.000000000    0 0.000000000 0.00000000    0    0    0
 [3,] 0.01688512 0.046162290 0.027805434    0 0.000000000 0.00000000    0    0    0
 [4,] 0.00000000 0.022575330 0.027805434    0 0.000000000 0.00000000    0    0    0
 [5,] 0.00000000 0.025944896 0.031955638    0 0.000000000 0.00000000    0    0    0
 [6,] 0.00000000 0.022575330 0.027805434    0 0.017319175 0.17327780    0    0    0
 [7,] 0.11312653 0.161396878 0.004150204    0 0.002585038 0.02586323    0    0    0
 [8,] 0.11312653 0.158027313 0.000000000    0 0.000000000 0.00000000    0    0    0
 [9,] 0.00000000 0.055259358 0.068061481    0 0.000000000 0.00000000    0    0    0
[10,] 0.00000000 0.045150661 0.055610868    0 0.000000000 0.00000000    0    0    0
[11,] 0.00000000 0.010108697 0.012450613    0 0.000000000 0.00000000    0    0    0
[12,] 0.00000000 0.067725991 0.083416301    0 0.000000000 0.00000000    0    0    0
[13,] 0.00000000 0.022575330 0.027805434    0 0.000000000 0.00000000    0    0    0
[14,] 0.11312653 0.187341774 0.036105842    0 0.000000000 0.00000000    0    0    0
[15,] 0.00000000 0.067725991 0.083416301    0 0.000000000 0.00000000    0    0    0
[16,] 0.00000000 0.067725991 0.083416301    0 0.000000000 0.00000000    0    0    0
[17,] 0.11312653 0.183972209 0.031955638    0 0.000000000 0.00000000    0    0    0
[18,] 0.11312653 0.183972209 0.031955638    0 0.000000000 0.00000000    0    0    0
[19,] 0.00000000 0.003369566 0.004150204    0 0.000000000 0.00000000    0    0    0
[20,] 0.00000000 0.025944896 0.031955638    0 0.000000000 0.00000000    0    0    0
[21,] 0.00000000 0.029314462 0.036105842    0 0.000000000 0.00000000    0    0    0
[22,] 0.11312653 0.180602643 0.027805434    0 0.000000000 0.00000000    0    0    0
[23,] 0.00000000 0.029314462 0.036105842    0 0.000000000 0.00000000    0    0    0
[24,] 0.00000000 0.022575330 0.027805434    0 0.000000000 0.00000000    0    0    0
[25,] 0.11312653 0.209917105 0.063911276    0 0.000000000 0.00000000    0    0    0
[26,] 0.00000000 0.048520226 0.059761072    0 0.000000000 0.00000000    0    0    0
[27,] 0.00000000 0.048520226 0.059761072    0 0.000000000 0.00000000    0    0    0
[28,] 0.00000000 0.051889792 0.063911276    0 0.000000000 0.00000000    0    0    0
[29,] 0.00000000 0.048520226 0.059761072    0 0.000000000 0.00000000    0    0    0
[30,] 0.00000000 0.029314462 0.036105842    0 0.000000000 0.00000000    0    0    0
[31,] 0.00000000 0.025944896 0.031955638    0 0.000000000 0.00000000    0    0    0
[32,] 0.00000000 0.022575330 0.027805434    0 0.000000000 0.00000000    0    0    0
[33,] 0.01688512 0.052901421 0.036105842    0 0.000000000 0.00000000    0    0    0
[34,] 0.01688512 0.023586959 0.000000000    0 0.000000000 0.00000000    0    0    0
[35,] 0.00000000 0.029314462 0.036105842    0 0.000000000 0.00000000    0    0    0
[36,] 0.01688512 0.049531855 0.031955638    0 0.000000000 0.00000000    0    0    0
[37,] 0.11312653 0.183972209 0.031955638    0 0.000000000 0.00000000    0    0    0
[38,] 0.01688512 0.049531855 0.031955638    0 0.000000000 0.00000000    0    0    0
[39,] 0.00000000 0.025944896 0.031955638    0 0.000000000 0.00000000    0    0    0
[40,] 0.01688512 0.046162290 0.027805434    0 0.000000000 0.00000000    0    0    0
[41,] 0.11312653 0.203177973 0.055610868    0 0.000000000 0.00000000    0    0    0
[42,] 0.00000000 0.003369566 0.004150204    0 0.000000000 0.00000000    0    0    0
[43,] 0.01688512 0.094682516 0.087566506    0 0.000000000 0.00000000    0    0    0
[44,] 0.00000000 0.003369566 0.004150204    0 0.000000000 0.00000000    0    0    0
[45,] 0.00000000 0.000000000 0.000000000    0 0.017319175 0.17327780    0    0    0
[46,] 0.11312653 0.164766444 0.008300409    0 0.000000000 0.00000000    0    0    0
[47,] 0.00000000 0.025944896 0.031955638    0 0.017319175 0.17327780    0    0    0
[48,] 0.01688512 0.046162290 0.027805434    0 0.000000000 0.00000000    0    0    0
[49,] 0.00000000 0.025944896 0.031955638    0 0.000000000 0.00000000    0    0    0
[50,] 0.00000000 0.045150661 0.055610868    0 0.002585038 0.02586323    0    0    0

$Bdatesampinfo
      DATE JULIAN N      Mean     Stdev
1 07/01/11   2008 3 0.0000000 0.0000000
2 08/02/11   2040 1 0.0000000        NA
3 09/16/11   2085 7 0.1100322 0.2498052
4 11/11/11   2141 4 0.0000000 0.0000000
5 03/27/12   2278 3 0.0000000 0.0000000
6 04/01/12   2283 1 0.0000000        NA
7 05/21/12   2333 2 0.0000000 0.0000000
8 06/19/12   2362 4 0.0000000 0.0000000
9 07/26/12   2399 6 0.0000000 0.0000000

$Ndatesampinfo
      DATE JULIAN N     Mean    Stdev
1 07/01/11   2008 3  0.00000  0.00000
2 08/02/11   2040 1  0.00000       NA
3 09/16/11   2085 7 15.87302 37.32691
4 11/11/11   2141 4  0.00000  0.00000
5 03/27/12   2278 3  0.00000  0.00000
6 04/01/12   2283 1  0.00000       NA
7 05/21/12   2333 2  0.00000  0.00000
8 06/19/12   2362 4  0.00000  0.00000
9 07/26/12   2399 6  0.00000  0.00000

$Bdateboots
      [,1]      [,2]       [,3] [,4] [,5]      [,6] [,7] [,8] [,9]
 [1,]    0 0.0000000 0.11003219    0    0 0.1000322    0    0    0
 [2,]    0 0.0000000 0.00000000    0    0 0.0000000    0    0    0
 [3,]    0 0.1000322 0.09574188    0    0 0.0000000    0    0    0
 [4,]    0 0.0000000 0.09574188    0    0 0.0000000    0    0    0
 [5,]    0 0.0000000 0.11003219    0    0 0.0000000    0    0    0
 [6,]    0 0.0000000 0.09574188    0    0 0.6701931    0    0    0
 [7,]    0 0.6701931 0.01429031    0    0 0.1000322    0    0    0
 [8,]    0 0.6701931 0.00000000    0    0 0.0000000    0    0    0
 [9,]    0 0.0000000 0.23435469    0    0 0.0000000    0    0    0
[10,]    0 0.0000000 0.19148375    0    0 0.0000000    0    0    0
[11,]    0 0.0000000 0.04287094    0    0 0.0000000    0    0    0
[12,]    0 0.0000000 0.28722563    0    0 0.0000000    0    0    0
[13,]    0 0.0000000 0.09574188    0    0 0.0000000    0    0    0
[14,]    0 0.6701931 0.12432250    0    0 0.0000000    0    0    0
[15,]    0 0.0000000 0.28722563    0    0 0.0000000    0    0    0
[16,]    0 0.0000000 0.28722563    0    0 0.0000000    0    0    0
[17,]    0 0.6701931 0.11003219    0    0 0.0000000    0    0    0
[18,]    0 0.6701931 0.11003219    0    0 0.0000000    0    0    0
[19,]    0 0.0000000 0.01429031    0    0 0.0000000    0    0    0
[20,]    0 0.0000000 0.11003219    0    0 0.0000000    0    0    0
[21,]    0 0.0000000 0.12432250    0    0 0.0000000    0    0    0
[22,]    0 0.6701931 0.09574188    0    0 0.0000000    0    0    0
[23,]    0 0.0000000 0.12432250    0    0 0.0000000    0    0    0
[24,]    0 0.0000000 0.09574188    0    0 0.0000000    0    0    0
[25,]    0 0.6701931 0.22006438    0    0 0.0000000    0    0    0
[26,]    0 0.0000000 0.20577407    0    0 0.0000000    0    0    0
[27,]    0 0.0000000 0.20577407    0    0 0.0000000    0    0    0
[28,]    0 0.0000000 0.22006438    0    0 0.0000000    0    0    0
[29,]    0 0.0000000 0.20577407    0    0 0.0000000    0    0    0
[30,]    0 0.0000000 0.12432250    0    0 0.0000000    0    0    0
[31,]    0 0.0000000 0.11003219    0    0 0.0000000    0    0    0
[32,]    0 0.0000000 0.09574188    0    0 0.0000000    0    0    0
[33,]    0 0.1000322 0.12432250    0    0 0.0000000    0    0    0
[34,]    0 0.1000322 0.00000000    0    0 0.0000000    0    0    0
[35,]    0 0.0000000 0.12432250    0    0 0.0000000    0    0    0
[36,]    0 0.1000322 0.11003219    0    0 0.0000000    0    0    0
[37,]    0 0.6701931 0.11003219    0    0 0.0000000    0    0    0
[38,]    0 0.1000322 0.11003219    0    0 0.0000000    0    0    0
[39,]    0 0.0000000 0.11003219    0    0 0.0000000    0    0    0
[40,]    0 0.1000322 0.09574188    0    0 0.0000000    0    0    0
[41,]    0 0.6701931 0.19148375    0    0 0.0000000    0    0    0
[42,]    0 0.0000000 0.01429031    0    0 0.0000000    0    0    0
[43,]    0 0.1000322 0.30151594    0    0 0.0000000    0    0    0
[44,]    0 0.0000000 0.01429031    0    0 0.0000000    0    0    0
[45,]    0 0.0000000 0.00000000    0    0 0.6701931    0    0    0
[46,]    0 0.6701931 0.02858063    0    0 0.0000000    0    0    0
[47,]    0 0.0000000 0.11003219    0    0 0.6701931    0    0    0
[48,]    0 0.1000322 0.09574188    0    0 0.0000000    0    0    0
[49,]    0 0.0000000 0.11003219    0    0 0.0000000    0    0    0
[50,]    0 0.0000000 0.19148375    0    0 0.1000322    0    0    0

$Ndateboots
      [,1]      [,2]      [,3] [,4] [,5]      [,6] [,7] [,8] [,9]
 [1,]    0   0.00000 15.873016    0    0  11.11111    0    0    0
 [2,]    0   0.00000  0.000000    0    0   0.00000    0    0    0
 [3,]    0  11.11111 14.285714    0    0   0.00000    0    0    0
 [4,]    0   0.00000 14.285714    0    0   0.00000    0    0    0
 [5,]    0   0.00000 15.873016    0    0   0.00000    0    0    0
 [6,]    0   0.00000 14.285714    0    0 100.00000    0    0    0
 [7,]    0 100.00000  1.587302    0    0  11.11111    0    0    0
 [8,]    0 100.00000  0.000000    0    0   0.00000    0    0    0
 [9,]    0   0.00000 33.333333    0    0   0.00000    0    0    0
[10,]    0   0.00000 28.571429    0    0   0.00000    0    0    0
[11,]    0   0.00000  4.761905    0    0   0.00000    0    0    0
[12,]    0   0.00000 42.857143    0    0   0.00000    0    0    0
[13,]    0   0.00000 14.285714    0    0   0.00000    0    0    0
[14,]    0 100.00000 17.460317    0    0   0.00000    0    0    0
[15,]    0   0.00000 42.857143    0    0   0.00000    0    0    0
[16,]    0   0.00000 42.857143    0    0   0.00000    0    0    0
[17,]    0 100.00000 15.873016    0    0   0.00000    0    0    0
[18,]    0 100.00000 15.873016    0    0   0.00000    0    0    0
[19,]    0   0.00000  1.587302    0    0   0.00000    0    0    0
[20,]    0   0.00000 15.873016    0    0   0.00000    0    0    0
[21,]    0   0.00000 17.460317    0    0   0.00000    0    0    0
[22,]    0 100.00000 14.285714    0    0   0.00000    0    0    0
[23,]    0   0.00000 17.460317    0    0   0.00000    0    0    0
[24,]    0   0.00000 14.285714    0    0   0.00000    0    0    0
[25,]    0 100.00000 31.746032    0    0   0.00000    0    0    0
[26,]    0   0.00000 30.158730    0    0   0.00000    0    0    0
[27,]    0   0.00000 30.158730    0    0   0.00000    0    0    0
[28,]    0   0.00000 31.746032    0    0   0.00000    0    0    0
[29,]    0   0.00000 30.158730    0    0   0.00000    0    0    0
[30,]    0   0.00000 17.460317    0    0   0.00000    0    0    0
[31,]    0   0.00000 15.873016    0    0   0.00000    0    0    0
[32,]    0   0.00000 14.285714    0    0   0.00000    0    0    0
[33,]    0  11.11111 17.460317    0    0   0.00000    0    0    0
[34,]    0  11.11111  0.000000    0    0   0.00000    0    0    0
[35,]    0   0.00000 17.460317    0    0   0.00000    0    0    0
[36,]    0  11.11111 15.873016    0    0   0.00000    0    0    0
[37,]    0 100.00000 15.873016    0    0   0.00000    0    0    0
[38,]    0  11.11111 15.873016    0    0   0.00000    0    0    0
[39,]    0   0.00000 15.873016    0    0   0.00000    0    0    0
[40,]    0  11.11111 14.285714    0    0   0.00000    0    0    0
[41,]    0 100.00000 28.571429    0    0   0.00000    0    0    0
[42,]    0   0.00000  1.587302    0    0   0.00000    0    0    0
[43,]    0  11.11111 44.444444    0    0   0.00000    0    0    0
[44,]    0   0.00000  1.587302    0    0   0.00000    0    0    0
[45,]    0   0.00000  0.000000    0    0 100.00000    0    0    0
[46,]    0 100.00000  3.174603    0    0   0.00000    0    0    0
[47,]    0   0.00000 15.873016    0    0 100.00000    0    0    0
[48,]    0  11.11111 14.285714    0    0   0.00000    0    0    0
[49,]    0   0.00000 15.873016    0    0   0.00000    0    0    0
[50,]    0   0.00000 28.571429    0    0  11.11111    0    0    0

