$totdays
[1] 391

$Psampest
[1] NA

$Pbootest
       Mean        2.5%         50%       97.5% 
0.006956501 0.000000000 0.000000000 0.056053863 

$Pboots
 [1] 0.00000000 0.00000000 0.00000000 0.00000000 0.00000000 0.00000000 0.00000000
 [8] 0.00000000 0.00000000 0.00000000 0.00000000 0.00000000 0.00000000 0.01737627
[15] 0.00000000 0.00000000 0.00000000 0.00000000 0.05727518 0.00000000 0.00000000
[22] 0.05184710 0.00000000 0.00000000 0.03281027 0.00000000 0.00000000 0.00000000
[29] 0.00000000 0.03281027 0.00000000 0.02446491 0.00000000 0.00000000 0.00000000
[36] 0.01669071 0.00000000 0.00000000 0.00000000 0.06562053 0.00000000 0.00000000
[43] 0.00000000 0.00000000 0.00000000 0.04892983 0.00000000 0.00000000 0.00000000
[50] 0.00000000

$Bboots
 [1] 0.000000000 0.000000000 0.000000000 0.000000000 0.000000000 0.000000000 0.000000000
 [8] 0.000000000 0.000000000 0.000000000 0.000000000 0.000000000 0.000000000 0.006523126
[15] 0.000000000 0.000000000 0.000000000 0.000000000 0.009568459 0.000000000 0.000000000
[22] 0.012613792 0.000000000 0.000000000 0.006523126 0.000000000 0.000000000 0.000000000
[29] 0.000000000 0.006523126 0.000000000 0.003045333 0.000000000 0.000000000 0.000000000
[36] 0.006955588 0.000000000 0.000000000 0.000000000 0.013046253 0.000000000 0.000000000
[43] 0.000000000 0.000000000 0.000000000 0.006090665 0.000000000 0.000000000 0.000000000
[50] 0.000000000

$Nboots
 [1] 0.0000000 0.0000000 0.0000000 0.0000000 0.0000000 0.0000000 0.0000000 0.0000000
 [9] 0.0000000 0.0000000 0.0000000 0.0000000 0.0000000 0.9259259 0.0000000 0.0000000
[17] 0.0000000 0.0000000 1.5432099 0.0000000 0.0000000 2.1604938 0.0000000 0.0000000
[25] 0.9259259 0.0000000 0.0000000 0.0000000 0.0000000 0.9259259 0.0000000 0.6172840
[33] 0.0000000 0.0000000 0.0000000 0.6172840 0.0000000 0.0000000 0.0000000 1.8518519
[41] 0.0000000 0.0000000 0.0000000 0.0000000 0.0000000 1.2345679 0.0000000 0.0000000
[49] 0.0000000 0.0000000

$julians
 [1] 2008 2040 2085 2141 2232 2278 2283 2333 2362 2399

$intdays
[1] 32 45 56 91 46  5 50 29 37

$Pintsampest
[1] NA NA NA NA NA NA NA NA NA

$Pintboots
            [,1]       [,2] [,3] [,4] [,5] [,6] [,7] [,8] [,9]
 [1,]         NA         NA   NA   NA    0   NA   NA   NA   NA
 [2,]         NA         NA   NA   NA   NA   NA   NA   NA    0
 [3,]         NA         NA   NA   NA   NA    0   NA   NA   NA
 [4,]         NA         NA   NA    0   NA   NA   NA   NA   NA
 [5,]         NA         NA   NA   NA   NA   NA   NA   NA   NA
 [6,]         NA         NA   NA   NA   NA   NA   NA   NA   NA
 [7,]         NA         NA   NA   NA   NA   NA    0    0   NA
 [8,]         NA         NA   NA   NA   NA   NA   NA   NA   NA
 [9,]         NA         NA   NA   NA   NA   NA   NA   NA   NA
[10,]         NA         NA   NA   NA   NA   NA   NA   NA   NA
[11,]         NA         NA   NA   NA   NA    0   NA   NA   NA
[12,]         NA         NA    0   NA   NA   NA   NA   NA   NA
[13,]         NA         NA   NA   NA   NA    0    0    0   NA
[14,]         NA 0.01737627   NA   NA   NA   NA   NA   NA   NA
[15,]         NA         NA   NA   NA   NA   NA   NA   NA   NA
[16,]         NA         NA   NA    0   NA   NA   NA   NA   NA
[17,]         NA         NA   NA   NA   NA   NA   NA   NA   NA
[18,]         NA         NA   NA   NA    0    0    0   NA   NA
[19,] 0.05727518         NA   NA   NA    0   NA   NA    0   NA
[20,]         NA         NA   NA   NA   NA   NA   NA   NA    0
[21,]         NA         NA   NA   NA   NA   NA   NA   NA   NA
[22,]         NA 0.05184710   NA   NA   NA   NA   NA   NA   NA
[23,]         NA         NA   NA   NA   NA   NA   NA   NA    0
[24,]         NA         NA   NA   NA   NA   NA   NA   NA   NA
[25,] 0.03281027         NA   NA   NA   NA   NA   NA   NA   NA
[26,]         NA         NA    0   NA   NA   NA   NA   NA    0
[27,]         NA         NA   NA   NA   NA   NA   NA    0    0
[28,]         NA         NA   NA    0   NA   NA   NA   NA   NA
[29,]         NA         NA   NA   NA   NA    0   NA   NA   NA
[30,] 0.03281027         NA   NA   NA   NA   NA   NA   NA   NA
[31,]         NA         NA   NA   NA   NA   NA   NA   NA   NA
[32,] 0.02446491         NA   NA   NA   NA   NA   NA   NA    0
[33,]         NA         NA    0   NA   NA   NA   NA   NA   NA
[34,]         NA         NA   NA   NA   NA   NA   NA   NA   NA
[35,]         NA         NA   NA   NA   NA    0   NA   NA   NA
[36,] 0.01669071         NA   NA   NA   NA   NA   NA   NA   NA
[37,]         NA         NA   NA   NA   NA   NA   NA   NA   NA
[38,]         NA         NA   NA    0   NA   NA   NA   NA    0
[39,]         NA         NA   NA   NA   NA   NA   NA   NA   NA
[40,] 0.06562053         NA   NA   NA   NA   NA    0   NA   NA
[41,]         NA         NA   NA   NA   NA   NA   NA   NA   NA
[42,]         NA         NA    0    0   NA   NA   NA   NA   NA
[43,]         NA         NA   NA   NA   NA   NA   NA   NA   NA
[44,]         NA         NA   NA   NA   NA   NA   NA   NA   NA
[45,]         NA         NA    0    0   NA   NA   NA   NA   NA
[46,] 0.04892983         NA   NA   NA   NA   NA   NA    0    0
[47,]         NA         NA   NA   NA   NA   NA   NA   NA   NA
[48,]         NA         NA   NA   NA   NA   NA   NA   NA   NA
[49,]         NA         NA   NA   NA   NA   NA   NA   NA    0
[50,]         NA         NA   NA   NA   NA   NA   NA    0   NA

$Bdatesampinfo
       DATE JULIAN N Mean Stdev
1  07/01/11   2008 4   NA    NA
2  08/02/11   2040 4   NA    NA
3  09/16/11   2085 8   NA    NA
4  11/11/11   2141 6   NA    NA
5  02/10/12   2232 2   NA    NA
6  03/27/12   2278 4   NA    NA
7  04/01/12   2283 2   NA    NA
8  05/21/12   2333 3   NA    NA
9  06/19/12   2362 5   NA    NA
10 07/26/12   2399 7   NA    NA

$Ndatesampinfo
       DATE JULIAN N Mean Stdev
1  07/01/11   2008 4   NA    NA
2  08/02/11   2040 4   NA    NA
3  09/16/11   2085 8   NA    NA
4  11/11/11   2141 6   NA    NA
5  02/10/12   2232 2   NA    NA
6  03/27/12   2278 4   NA    NA
7  04/01/12   2283 2   NA    NA
8  05/21/12   2333 3   NA    NA
9  06/19/12   2362 5   NA    NA
10 07/26/12   2399 7   NA    NA

$Bdateboots
      [,1]       [,2] [,3] [,4] [,5] [,6] [,7] [,8] [,9] [,10]
 [1,]    0 0.00000000    0    0    0    0    0    0    0     0
 [2,]    0 0.00000000    0    0    0    0    0    0    0     0
 [3,]    0 0.00000000    0    0    0    0    0    0    0     0
 [4,]    0 0.00000000    0    0    0    0    0    0    0     0
 [5,]    0 0.00000000    0    0    0    0    0    0    0     0
 [6,]    0 0.00000000    0    0    0    0    0    0    0     0
 [7,]    0 0.00000000    0    0    0    0    0    0    0     0
 [8,]    0 0.00000000    0    0    0    0    0    0    0     0
 [9,]    0 0.00000000    0    0    0    0    0    0    0     0
[10,]    0 0.11741628    0    0    0    0    0    0    0     0
[11,]    0 0.00000000    0    0    0    0    0    0    0     0
[12,]    0 0.00000000    0    0    0    0    0    0    0     0
[13,]    0 0.00000000    0    0    0    0    0    0    0     0
[14,]    0 0.11741628    0    0    0    0    0    0    0     0
[15,]    0 0.00000000    0    0    0    0    0    0    0     0
[16,]    0 0.00000000    0    0    0    0    0    0    0     0
[17,]    0 0.00000000    0    0    0    0    0    0    0     0
[18,]    0 0.12520058    0    0    0    0    0    0    0     0
[19,]    0 0.17223226    0    0    0    0    0    0    0     0
[20,]    0 0.00000000    0    0    0    0    0    0    0     0
[21,]    0 0.00000000    0    0    0    0    0    0    0     0
[22,]    0 0.22704825    0    0    0    0    0    0    0     0
[23,]    0 0.00000000    0    0    0    0    0    0    0     0
[24,]    0 0.16444796    0    0    0    0    0    0    0     0
[25,]    0 0.11741628    0    0    0    0    0    0    0     0
[26,]    0 0.00000000    0    0    0    0    0    0    0     0
[27,]    0 0.00000000    0    0    0    0    0    0    0     0
[28,]    0 0.00000000    0    0    0    0    0    0    0     0
[29,]    0 0.00000000    0    0    0    0    0    0    0     0
[30,]    0 0.11741628    0    0    0    0    0    0    0     0
[31,]    0 0.00000000    0    0    0    0    0    0    0     0
[32,]    0 0.05481599    0    0    0    0    0    0    0     0
[33,]    0 0.00000000    0    0    0    0    0    0    0     0
[34,]    0 0.00000000    0    0    0    0    0    0    0     0
[35,]    0 0.00000000    0    0    0    0    0    0    0     0
[36,]    0 0.12520058    0    0    0    0    0    0    0     0
[37,]    0 0.00000000    0    0    0    0    0    0    0     0
[38,]    0 0.00000000    0    0    0    0    0    0    0     0
[39,]    0 0.00000000    0    0    0    0    0    0    0     0
[40,]    0 0.23483255    0    0    0    0    0    0    0     0
[41,]    0 0.00000000    0    0    0    0    0    0    0     0
[42,]    0 0.00000000    0    0    0    0    0    0    0     0
[43,]    0 0.00000000    0    0    0    0    0    0    0     0
[44,]    0 0.23483255    0    0    0    0    0    0    0     0
[45,]    0 0.00000000    0    0    0    0    0    0    0     0
[46,]    0 0.10963197    0    0    0    0    0    0    0     0
[47,]    0 0.00000000    0    0    0    0    0    0    0     0
[48,]    0 0.00000000    0    0    0    0    0    0    0     0
[49,]    0 0.00000000    0    0    0    0    0    0    0     0
[50,]    0 0.00000000    0    0    0    0    0    0    0     0

$Ndateboots
      [,1]     [,2] [,3] [,4] [,5] [,6] [,7] [,8] [,9] [,10]
 [1,]    0  0.00000    0    0    0    0    0    0    0     0
 [2,]    0  0.00000    0    0    0    0    0    0    0     0
 [3,]    0  0.00000    0    0    0    0    0    0    0     0
 [4,]    0  0.00000    0    0    0    0    0    0    0     0
 [5,]    0  0.00000    0    0    0    0    0    0    0     0
 [6,]    0  0.00000    0    0    0    0    0    0    0     0
 [7,]    0  0.00000    0    0    0    0    0    0    0     0
 [8,]    0  0.00000    0    0    0    0    0    0    0     0
 [9,]    0  0.00000    0    0    0    0    0    0    0     0
[10,]    0 16.66667    0    0    0    0    0    0    0     0
[11,]    0  0.00000    0    0    0    0    0    0    0     0
[12,]    0  0.00000    0    0    0    0    0    0    0     0
[13,]    0  0.00000    0    0    0    0    0    0    0     0
[14,]    0 16.66667    0    0    0    0    0    0    0     0
[15,]    0  0.00000    0    0    0    0    0    0    0     0
[16,]    0  0.00000    0    0    0    0    0    0    0     0
[17,]    0  0.00000    0    0    0    0    0    0    0     0
[18,]    0 11.11111    0    0    0    0    0    0    0     0
[19,]    0 27.77778    0    0    0    0    0    0    0     0
[20,]    0  0.00000    0    0    0    0    0    0    0     0
[21,]    0  0.00000    0    0    0    0    0    0    0     0
[22,]    0 38.88889    0    0    0    0    0    0    0     0
[23,]    0  0.00000    0    0    0    0    0    0    0     0
[24,]    0 33.33333    0    0    0    0    0    0    0     0
[25,]    0 16.66667    0    0    0    0    0    0    0     0
[26,]    0  0.00000    0    0    0    0    0    0    0     0
[27,]    0  0.00000    0    0    0    0    0    0    0     0
[28,]    0  0.00000    0    0    0    0    0    0    0     0
[29,]    0  0.00000    0    0    0    0    0    0    0     0
[30,]    0 16.66667    0    0    0    0    0    0    0     0
[31,]    0  0.00000    0    0    0    0    0    0    0     0
[32,]    0 11.11111    0    0    0    0    0    0    0     0
[33,]    0  0.00000    0    0    0    0    0    0    0     0
[34,]    0  0.00000    0    0    0    0    0    0    0     0
[35,]    0  0.00000    0    0    0    0    0    0    0     0
[36,]    0 11.11111    0    0    0    0    0    0    0     0
[37,]    0  0.00000    0    0    0    0    0    0    0     0
[38,]    0  0.00000    0    0    0    0    0    0    0     0
[39,]    0  0.00000    0    0    0    0    0    0    0     0
[40,]    0 33.33333    0    0    0    0    0    0    0     0
[41,]    0  0.00000    0    0    0    0    0    0    0     0
[42,]    0  0.00000    0    0    0    0    0    0    0     0
[43,]    0  0.00000    0    0    0    0    0    0    0     0
[44,]    0 33.33333    0    0    0    0    0    0    0     0
[45,]    0  0.00000    0    0    0    0    0    0    0     0
[46,]    0 22.22222    0    0    0    0    0    0    0     0
[47,]    0  0.00000    0    0    0    0    0    0    0     0
[48,]    0  0.00000    0    0    0    0    0    0    0     0
[49,]    0  0.00000    0    0    0    0    0    0    0     0
[50,]    0  0.00000    0    0    0    0    0    0    0     0

