$totdays
[1] 391

$Psampest
[1] NA

$Pbootest
     Mean      2.5%       50%     97.5% 
 89.83185   0.00000   0.00000 817.57692 

$Pboots
 [1]   1.660753   0.000000  41.502121   0.000000   0.000000   0.000000   0.000000
 [8]   0.000000  38.233079 155.931605 871.841987 375.337583   0.000000   0.000000
[15]   0.000000  56.706451   0.000000   0.000000 160.047772   0.000000   0.000000
[22]   0.000000  35.712208   0.000000   0.000000   0.000000   0.000000 764.502918
[29] 312.630104   0.000000  46.947041   0.000000   0.000000   0.000000   0.000000
[36]   0.000000   0.000000 120.399405   0.000000 564.852781   0.000000   0.000000
[43] 832.985500  66.900016   3.321506   0.000000   0.000000   0.000000   0.000000
[50]  42.079632

$Bboots
 [1]   0.1960185   0.0000000  11.7510137   0.0000000   0.0000000   0.0000000   0.0000000
 [8]   0.0000000  10.8253367  44.1507019 270.2329345 123.5278618   0.0000000   0.0000000
[15]   0.0000000  15.7818210   0.0000000   0.0000000  35.8806588   0.0000000   0.0000000
[22]   0.0000000   6.8313281   0.0000000   0.0000000   0.0000000   0.0000000 243.7842492
[29] 106.5325914   0.0000000   8.9804890   0.0000000   0.0000000   0.0000000   0.0000000
[36]   0.0000000   0.0000000  26.3639839   0.0000000 183.6933848   0.0000000   0.0000000
[43] 263.6543009  15.7619791   0.3920370   0.0000000   0.0000000   0.0000000   0.0000000
[50]   8.0494011

$Nboots
 [1]  0.1028807  0.0000000  5.5908289  0.0000000  0.0000000  0.0000000  0.0000000
 [8]  0.0000000  3.9858907 20.2645503 69.2644033 29.6296296  0.0000000  0.0000000
[15]  0.0000000  8.0922986  0.0000000  0.0000000 17.9600235  0.0000000  0.0000000
[22]  0.0000000  3.0092593  0.0000000  0.0000000  0.0000000  0.0000000 59.9316578
[29] 42.3442093  0.0000000  5.5812757  0.0000000  0.0000000  0.0000000  0.0000000
[36]  0.0000000  0.0000000 14.6972369  0.0000000 45.9251911  0.0000000  0.0000000
[43] 67.3897707  9.4797178  0.2057613  0.0000000  0.0000000  0.0000000  0.0000000
[50]  5.0925926

$julians
 [1] 2008 2040 2085 2141 2232 2278 2283 2333 2362 2399

$intdays
[1] 32 45 56 91 46  5 50 29 37

$Pintsampest
[1] NA NA NA NA NA NA NA NA NA

$Pintboots
          [,1]      [,2]     [,3]     [,4] [,5] [,6] [,7]    [,8]      [,9]
 [1,]       NA        NA       NA 1.660753   NA   NA   NA      NA        NA
 [2,]       NA        NA       NA       NA   NA   NA   NA      NA        NA
 [3,]       NA        NA       NA       NA   NA   NA   NA      NA  41.50212
 [4,]       NA        NA       NA       NA   NA   NA   NA      NA        NA
 [5,]       NA        NA       NA       NA   NA   NA   NA      NA        NA
 [6,]       NA        NA       NA       NA   NA   NA   NA      NA        NA
 [7,]       NA        NA       NA       NA   NA   NA   NA      NA        NA
 [8,]       NA        NA       NA       NA   NA   NA   NA      NA        NA
 [9,]       NA        NA       NA       NA   NA   NA   NA      NA  38.23308
[10,]       NA        NA       NA       NA   NA   NA   NA      NA 155.93160
[11,] 711.5611 121.64603 38.63486       NA   NA   NA   NA      NA        NA
[12,] 375.3376        NA       NA       NA    0   NA   NA      NA        NA
[13,]       NA        NA       NA       NA   NA   NA   NA      NA        NA
[14,]       NA        NA       NA       NA   NA   NA   NA      NA        NA
[15,]       NA        NA       NA       NA   NA   NA   NA      NA        NA
[16,]       NA        NA       NA 1.660753   NA   NA   NA      NA  55.04570
[17,]       NA        NA       NA       NA   NA   NA   NA      NA        NA
[18,]       NA        NA       NA       NA   NA   NA   NA      NA        NA
[19,]       NA 118.81846 41.22932       NA   NA   NA   NA      NA        NA
[20,]       NA        NA       NA       NA   NA   NA   NA      NA        NA
[21,]       NA        NA       NA       NA   NA   NA   NA      NA        NA
[22,]       NA        NA       NA       NA   NA   NA   NA      NA        NA
[23,]       NA        NA 35.71221       NA   NA   NA   NA      NA        NA
[24,]       NA        NA       NA       NA   NA   NA   NA      NA        NA
[25,]       NA        NA       NA       NA    0   NA   NA      NA        NA
[26,]       NA        NA       NA       NA   NA   NA   NA      NA        NA
[27,]       NA        NA       NA       NA   NA   NA   NA      NA        NA
[28,] 680.8508  83.65216       NA       NA   NA   NA   NA      NA        NA
[29,] 206.7181        NA       NA       NA   NA   NA   NA 105.912        NA
[30,]       NA        NA       NA       NA   NA   NA   NA      NA        NA
[31,]       NA        NA 46.94704       NA   NA   NA   NA      NA        NA
[32,]       NA        NA       NA       NA   NA   NA   NA      NA        NA
[33,]       NA        NA       NA       NA   NA   NA   NA      NA        NA
[34,]       NA        NA       NA       NA   NA   NA   NA      NA        NA
[35,]       NA        NA       NA       NA   NA   NA   NA      NA        NA
[36,]       NA        NA       NA       NA   NA   NA   NA      NA        NA
[37,]       NA        NA       NA       NA   NA   NA   NA      NA        NA
[38,]       NA  75.20856 45.19085       NA   NA   NA   NA      NA        NA
[39,]       NA        NA       NA       NA   NA   NA   NA      NA        NA
[40,] 522.8532        NA       NA 1.660753   NA   NA   NA      NA  40.33880
[41,]       NA        NA       NA       NA   NA   NA   NA      NA        NA
[42,]       NA        NA       NA       NA   NA   NA   NA      NA        NA
[43,] 680.1258  72.85890       NA       NA   NA   NA   NA      NA  80.00076
[44,]       NA  66.90002       NA       NA   NA   NA   NA      NA        NA
[45,]       NA        NA       NA 3.321506   NA   NA   NA      NA        NA
[46,]       NA        NA       NA       NA   NA   NA   NA      NA        NA
[47,]       NA        NA       NA       NA   NA   NA   NA      NA        NA
[48,]       NA        NA       NA       NA   NA   NA   NA      NA        NA
[49,]       NA        NA       NA       NA   NA   NA   NA      NA        NA
[50,]       NA        NA 42.07963       NA   NA   NA   NA      NA        NA

$Bdatesampinfo
       DATE JULIAN N Mean Stdev
1  07/01/11   2008 8   NA    NA
2  08/02/11   2040 7   NA    NA
3  09/16/11   2085 8   NA    NA
4  11/11/11   2141 6   NA    NA
5  02/10/12   2232 2   NA    NA
6  03/27/12   2278 4   NA    NA
7  04/01/12   2283 2   NA    NA
8  05/21/12   2333 3   NA    NA
9  06/19/12   2362 5   NA    NA
10 07/26/12   2399 7   NA    NA

$Ndatesampinfo
       DATE JULIAN N Mean Stdev
1  07/01/11   2008 8   NA    NA
2  08/02/11   2040 7   NA    NA
3  09/16/11   2085 8   NA    NA
4  11/11/11   2141 6   NA    NA
5  02/10/12   2232 2   NA    NA
6  03/27/12   2278 4   NA    NA
7  04/01/12   2283 2   NA    NA
8  05/21/12   2333 3   NA    NA
9  06/19/12   2362 5   NA    NA
10 07/26/12   2399 7   NA    NA

$Bdateboots
           [,1]     [,2]      [,3]      [,4] [,5] [,6]     [,7]      [,8]     [,9]
 [1,]    0.0000   0.0000   0.00000  3.528333    0    0 63.54835   0.00000 498.3793
 [2,]  836.7772   0.0000   0.00000  0.000000    0    0  0.00000 134.15336   0.0000
 [3,]    0.0000   0.0000   0.00000  0.000000    0    0  0.00000   0.00000 132.8704
 [4,]    0.0000   0.0000   0.00000  0.000000    0    0  0.00000   0.00000 483.9991
 [5,]    0.0000   0.0000   0.00000  0.000000    0    0  0.00000   0.00000   0.0000
 [6,]    0.0000   0.0000 142.24776  0.000000    0    0  0.00000  77.66168   0.0000
 [7,]    0.0000   0.0000 144.92302  0.000000    0    0  0.00000  77.66168   0.0000
 [8,] 3806.8299   0.0000   0.00000  0.000000    0    0  0.00000   0.00000 325.7017
 [9,]    0.0000   0.0000 157.54314  0.000000    0    0  0.00000   0.00000 112.7166
[10,]  436.1786   0.0000   0.00000  0.000000    0    0  0.00000   0.00000 696.9843
[11,] 3825.3741 389.9101 125.97091  7.056667    0    0  0.00000   0.00000   0.0000
[12,] 2045.2026 178.2990   0.00000  0.000000    0    0  0.00000   0.00000 345.8556
[13,]  320.5971   0.0000   0.00000  0.000000    0    0  0.00000   0.00000 483.9991
[14,]    0.0000   0.0000 155.29624  0.000000    0    0  0.00000   0.00000   0.0000
[15,]    0.0000 702.2197   0.00000  0.000000    0    0  0.00000  21.17000   0.0000
[16,] 2556.2490   0.0000   0.00000  3.528333    0    0  0.00000   0.00000 153.0242
[17,]    0.0000   0.0000   0.00000  0.000000    0    0  0.00000   0.00000   0.0000
[18,]    0.0000   0.0000   0.00000  0.000000    0    0  0.00000   0.00000   0.0000
[19,]    0.0000 365.4586 138.43247  3.528333    0    0  0.00000   0.00000   0.0000
[20,]    0.0000   0.0000   0.00000  3.528333    0    0  0.00000 134.15336   0.0000
[21,]    0.0000 375.5714   0.00000  0.000000    0    0  0.00000   0.00000   0.0000
[22,]    0.0000 505.9665   0.00000  0.000000    0    0  0.00000   0.00000 353.0457
[23,]    0.0000   0.0000 122.96391  0.000000    0    0  0.00000   0.00000   0.0000
[24,]    0.0000   0.0000   0.00000  0.000000    0    0 63.54835   0.00000   0.0000
[25,]    0.0000   0.0000   0.00000  0.000000    0    0  0.00000 134.15336   0.0000
[26,]    0.0000   0.0000   0.00000  0.000000    0    0  0.00000   0.00000   0.0000
[27,]    0.0000   0.0000   0.00000  0.000000    0    0  0.00000   0.00000   0.0000
[28,] 3831.2487 202.1089 152.64999  0.000000    0    0  0.00000   0.00000   0.0000
[29,]  520.7120 703.8805   0.00000  0.000000    0    0  0.00000 134.15336 558.8408
[30,]    0.0000   0.0000   0.00000  0.000000    0    0  0.00000   0.00000   0.0000
[31,] 5730.2579   0.0000 158.12047  3.528333    0    0  0.00000   0.00000 684.0206
[32,]    0.0000   0.0000   0.00000  0.000000    0    0  0.00000 134.15336   0.0000
[33,]    0.0000 359.9245   0.00000  3.528333    0    0  0.00000   0.00000 538.6869
[34,]    0.0000   0.0000   0.00000  0.000000    0    0  0.00000   0.00000   0.0000
[35,]    0.0000   0.0000 106.86024  0.000000    0    0  0.00000   0.00000 504.1530
[36,]    0.0000   0.0000  92.18559  0.000000    0    0  0.00000  21.17000   0.0000
[37,] 2580.0796   0.0000  96.09726  0.000000    0    0  0.00000   0.00000 518.5331
[38,]    0.0000 166.8781 152.07266  3.528333    0    0  0.00000   0.00000   0.0000
[39,] 3999.9970   0.0000   0.00000  0.000000    0    0  0.00000   0.00000   0.0000
[40,] 2736.1554 361.2077   0.00000  3.528333    0    0 63.54835   0.00000 160.2143
[41,]  543.1005   0.0000   0.00000  0.000000    0    0  0.00000   0.00000   0.0000
[42,]    0.0000   0.0000 127.35654  0.000000    0    0  0.00000   0.00000   0.0000
[43,] 3816.1769 212.8882  96.09726  0.000000    0    0  0.00000   0.00000 298.3578
[44,]    0.0000 171.7457 111.96997  0.000000    0    0  0.00000   0.00000   0.0000
[45,]    0.0000   0.0000   0.00000  7.056667    0    0  0.00000   0.00000   0.0000
[46,]    0.0000   0.0000 125.99992  0.000000    0    0  0.00000  77.66168   0.0000
[47,]    0.0000 395.7969   0.00000  7.056667    0    0  0.00000  77.66168   0.0000
[48,]    0.0000   0.0000   0.00000  7.056667    0    0  0.00000   0.00000   0.0000
[49,]    0.0000   0.0000   0.00000  0.000000    0    0 63.54835   0.00000 491.1892
[50,] 2236.3394   0.0000 134.30422 10.585000    0    0  0.00000   0.00000   0.0000
          [,10]
 [1,]   0.00000
 [2,]   0.00000
 [3,]  78.64786
 [4,]   0.00000
 [5,]   0.00000
 [6,]   0.00000
 [7,]   0.00000
 [8,]   0.00000
 [9,]  82.13951
[10,]  97.72830
[11,]   0.00000
[12,]   0.00000
[13,]   0.00000
[14,]   0.00000
[15,]   0.00000
[16,] 127.52023
[17,]   0.00000
[18,]   0.00000
[19,]   0.00000
[20,]   0.00000
[21,]   0.00000
[22,]   0.00000
[23,]  97.72830
[24,] 166.12654
[25,] 219.85976
[26,]   0.00000
[27,]   0.00000
[28,]   0.00000
[29,]   0.00000
[30,] 166.12106
[31,]   0.00000
[32,] 195.19812
[33,]   0.00000
[34,]   0.00000
[35,]   0.00000
[36,] 207.02583
[37,]   0.00000
[38,]   0.00000
[39,] 126.33251
[40,]  45.37524
[41,]   0.00000
[42,] 118.90377
[43,] 109.36904
[44,]  95.61682
[45,] 109.36904
[46,]   0.00000
[47,]  88.19904
[48,] 130.54451
[49,]   0.00000
[50,]   0.00000

$Ndateboots
           [,1]     [,2]     [,3]     [,4] [,5] [,6]     [,7]     [,8]      [,9]
 [1,]    0.0000   0.0000  0.00000 1.851852    0    0 11.11111  0.00000 200.00000
 [2,]  212.5000   0.0000  0.00000 0.000000    0    0  0.00000 25.92593   0.00000
 [3,]    0.0000   0.0000  0.00000 0.000000    0    0  0.00000  0.00000  68.88889
 [4,]    0.0000   0.0000  0.00000 0.000000    0    0  0.00000  0.00000 217.77778
 [5,]    0.0000   0.0000  0.00000 0.000000    0    0  0.00000  0.00000   0.00000
 [6,]    0.0000   0.0000 87.50000 0.000000    0    0  0.00000 18.51852   0.00000
 [7,]    0.0000   0.0000 79.16667 0.000000    0    0  0.00000 18.51852   0.00000
 [8,]  705.5556   0.0000  0.00000 0.000000    0    0  0.00000  0.00000 148.88889
 [9,]    0.0000   0.0000 83.33333 0.000000    0    0  0.00000  0.00000  40.00000
[10,]  123.6111   0.0000  0.00000 0.000000    0    0  0.00000  0.00000 326.66667
[11,]  693.0556 200.0000 75.00000 3.703704    0    0  0.00000  0.00000   0.00000
[12,]  400.0000 133.3333  0.00000 0.000000    0    0  0.00000  0.00000 177.77778
[13,]  116.6667   0.0000  0.00000 0.000000    0    0  0.00000  0.00000 217.77778
[14,]    0.0000   0.0000 86.11111 0.000000    0    0  0.00000  0.00000   0.00000
[15,]    0.0000 282.5397  0.00000 0.000000    0    0  0.00000 11.11111   0.00000
[16,]  530.5556   0.0000  0.00000 1.851852    0    0  0.00000  0.00000  97.77778
[17,]    0.0000   0.0000  0.00000 0.000000    0    0  0.00000  0.00000   0.00000
[18,]    0.0000   0.0000  0.00000 0.000000    0    0  0.00000  0.00000   0.00000
[19,]    0.0000 193.6508 63.88889 1.851852    0    0  0.00000  0.00000   0.00000
[20,]    0.0000   0.0000  0.00000 1.851852    0    0  0.00000 25.92593   0.00000
[21,]    0.0000 196.8254  0.00000 0.000000    0    0  0.00000  0.00000   0.00000
[22,]    0.0000 225.3968  0.00000 0.000000    0    0  0.00000  0.00000 168.88889
[23,]    0.0000   0.0000 54.16667 0.000000    0    0  0.00000  0.00000   0.00000
[24,]    0.0000   0.0000  0.00000 0.000000    0    0 11.11111  0.00000   0.00000
[25,]    0.0000   0.0000  0.00000 0.000000    0    0  0.00000 25.92593   0.00000
[26,]    0.0000   0.0000  0.00000 0.000000    0    0  0.00000  0.00000   0.00000
[27,]    0.0000   0.0000  0.00000 0.000000    0    0  0.00000  0.00000   0.00000
[28,]  708.3333 142.8571 84.72222 0.000000    0    0  0.00000  0.00000   0.00000
[29,]  163.8889 285.7143  0.00000 0.000000    0    0  0.00000 25.92593 286.66667
[30,]    0.0000   0.0000  0.00000 0.000000    0    0  0.00000  0.00000   0.00000
[31,] 1038.8889   0.0000 98.61111 1.851852    0    0  0.00000  0.00000 288.88889
[32,]    0.0000   0.0000  0.00000 0.000000    0    0  0.00000 25.92593   0.00000
[33,]    0.0000 187.3016  0.00000 1.851852    0    0  0.00000  0.00000 257.77778
[34,]    0.0000   0.0000  0.00000 0.000000    0    0  0.00000  0.00000   0.00000
[35,]    0.0000   0.0000 55.55556 0.000000    0    0  0.00000  0.00000 246.66667
[36,]    0.0000   0.0000 56.94444 0.000000    0    0  0.00000 11.11111   0.00000
[37,]  534.7222   0.0000 38.88889 0.000000    0    0  0.00000  0.00000 228.88889
[38,]    0.0000 123.8095 69.44444 1.851852    0    0  0.00000  0.00000   0.00000
[39,]  744.4444   0.0000  0.00000 0.000000    0    0  0.00000  0.00000   0.00000
[40,]  537.5000 180.9524  0.00000 1.851852    0    0 11.11111  0.00000  88.88889
[41,]  180.5556   0.0000  0.00000 0.000000    0    0  0.00000  0.00000   0.00000
[42,]    0.0000   0.0000 93.05556 0.000000    0    0  0.00000  0.00000   0.00000
[43,]  694.4444 155.5556 38.88889 0.000000    0    0  0.00000  0.00000 128.88889
[44,]    0.0000 120.6349 50.00000 0.000000    0    0  0.00000  0.00000   0.00000
[45,]    0.0000   0.0000  0.00000 3.703704    0    0  0.00000  0.00000   0.00000
[46,]    0.0000   0.0000 65.27778 0.000000    0    0  0.00000 18.51852   0.00000
[47,]    0.0000 203.1746  0.00000 3.703704    0    0  0.00000 18.51852   0.00000
[48,]    0.0000   0.0000  0.00000 3.703704    0    0  0.00000  0.00000   0.00000
[49,]    0.0000   0.0000  0.00000 0.000000    0    0 11.11111  0.00000 208.88889
[50,]  452.7778   0.0000 86.11111 5.555556    0    0  0.00000  0.00000   0.00000
          [,10]
 [1,]   0.00000
 [2,]   0.00000
 [3,]  31.74603
 [4,]   0.00000
 [5,]   0.00000
 [6,]   0.00000
 [7,]   0.00000
 [8,]   0.00000
 [9,]  31.74603
[10,]  38.09524
[11,]   0.00000
[12,]   0.00000
[13,]   0.00000
[14,]   0.00000
[15,]   0.00000
[16,]  46.03175
[17,]   0.00000
[18,]   0.00000
[19,]   0.00000
[20,]   0.00000
[21,]   0.00000
[22,]   0.00000
[23,]  38.09524
[24,]  69.84127
[25,]  98.41270
[26,]   0.00000
[27,]   0.00000
[28,]   0.00000
[29,]   0.00000
[30,]  73.01587
[31,]   0.00000
[32,]  87.30159
[33,]   0.00000
[34,]   0.00000
[35,]   0.00000
[36,] 111.11111
[37,]   0.00000
[38,]   0.00000
[39,]  57.14286
[40,]  17.46032
[41,]   0.00000
[42,]  46.03175
[43,]  39.68254
[44,]  46.03175
[45,]  39.68254
[46,]   0.00000
[47,]  28.57143
[48,]  47.61905
[49,]   0.00000
[50,]   0.00000

