$totdays
[1] 365

$Psampest
[1] NA

$Pbootest
 Mean  2.5%   50% 97.5% 
    0     0     0     0 

$Pboots
 [1] 0 0 0 0 0 0 0 0 0 0 0 0 0 0 0 0 0 0 0 0 0 0 0 0 0 0 0 0 0 0 0 0 0 0 0 0 0 0 0 0 0 0
[43] 0 0 0 0 0 0 0 0

$Bboots
 [1] 0 0 0 0 0 0 0 0 0 0 0 0 0 0 0 0 0 0 0 0 0 0 0 0 0 0 0 0 0 0 0 0 0 0 0 0 0 0 0 0 0 0
[43] 0 0 0 0 0 0 0 0

$Nboots
 [1] 1.80555556 0.00000000 0.17361111 0.00000000 0.00000000 0.00000000 0.00000000
 [8] 0.00000000 0.00000000 0.00000000 0.00000000 2.36111111 0.08680556 0.00000000
[15] 0.00000000 0.00000000 0.00000000 0.00000000 1.66666667 0.00000000 4.02777778
[22] 0.00000000 1.66666667 0.00000000 0.00000000 3.33333333 0.00000000 0.00000000
[29] 0.00000000 3.75000000 2.08333333 0.00000000 0.00000000 0.00000000 2.36111111
[36] 0.00000000 0.00000000 0.00000000 0.00000000 0.00000000 0.00000000 0.00000000
[43] 0.00000000 0.00000000 0.00000000 0.00000000 0.00000000 2.67361111 0.00000000
[50] 0.00000000

$julians
[1] 2008 2040 2085 2141 2278 2283 2333 2362 2399

$intdays
[1]  32  45  56 137   5  50  29  37 -26

$Pintsampest
[1] NA NA NA NA NA NA NA NA NA

$Pintboots
      [,1] [,2] [,3] [,4] [,5] [,6] [,7] [,8] [,9]
 [1,]   NA   NA   NA   NA   NA   NA   NA   NA   NA
 [2,]   NA   NA   NA   NA   NA   NA   NA   NA   NA
 [3,]   NA   NA   NA   NA   NA   NA   NA   NA   NA
 [4,]   NA   NA   NA   NA   NA   NA   NA   NA   NA
 [5,]   NA   NA   NA   NA   NA   NA   NA   NA   NA
 [6,]   NA   NA   NA   NA   NA   NA   NA   NA   NA
 [7,]   NA   NA   NA   NA   NA   NA   NA   NA   NA
 [8,]   NA   NA   NA   NA   NA   NA   NA   NA   NA
 [9,]   NA   NA   NA   NA   NA   NA   NA   NA   NA
[10,]   NA   NA   NA   NA   NA   NA   NA   NA   NA
[11,]   NA   NA   NA   NA   NA   NA   NA   NA   NA
[12,]   NA   NA   NA   NA   NA   NA   NA   NA   NA
[13,]   NA   NA   NA   NA   NA   NA   NA   NA   NA
[14,]   NA   NA   NA   NA   NA   NA   NA   NA   NA
[15,]   NA   NA   NA   NA   NA   NA   NA   NA   NA
[16,]   NA   NA   NA   NA   NA   NA   NA   NA   NA
[17,]   NA   NA   NA   NA   NA   NA   NA   NA   NA
[18,]   NA   NA   NA   NA   NA   NA   NA   NA   NA
[19,]   NA   NA   NA   NA   NA   NA   NA   NA   NA
[20,]   NA   NA   NA   NA   NA   NA   NA   NA   NA
[21,]   NA   NA   NA   NA   NA   NA   NA   NA   NA
[22,]   NA   NA   NA   NA   NA   NA   NA   NA   NA
[23,]   NA   NA   NA   NA   NA   NA   NA   NA   NA
[24,]   NA   NA   NA   NA   NA   NA   NA   NA   NA
[25,]   NA   NA   NA   NA   NA   NA   NA   NA   NA
[26,]   NA   NA   NA   NA   NA   NA   NA   NA   NA
[27,]   NA   NA   NA   NA   NA   NA   NA   NA   NA
[28,]   NA   NA   NA   NA   NA   NA   NA   NA   NA
[29,]   NA   NA   NA   NA   NA   NA   NA   NA   NA
[30,]   NA   NA   NA   NA   NA   NA   NA   NA   NA
[31,]   NA   NA   NA   NA   NA   NA   NA   NA   NA
[32,]   NA   NA   NA   NA   NA   NA   NA   NA   NA
[33,]   NA   NA   NA   NA   NA   NA   NA   NA   NA
[34,]   NA   NA   NA   NA   NA   NA   NA   NA   NA
[35,]   NA   NA   NA   NA   NA   NA   NA   NA   NA
[36,]   NA   NA   NA   NA   NA   NA   NA   NA   NA
[37,]   NA   NA   NA   NA   NA   NA   NA   NA   NA
[38,]   NA   NA   NA   NA   NA   NA   NA   NA   NA
[39,]   NA   NA   NA   NA   NA   NA   NA   NA   NA
[40,]   NA   NA   NA   NA   NA   NA   NA   NA   NA
[41,]   NA   NA   NA   NA   NA   NA   NA   NA   NA
[42,]   NA   NA   NA   NA   NA   NA   NA   NA   NA
[43,]   NA   NA   NA   NA   NA   NA   NA   NA   NA
[44,]   NA   NA   NA   NA   NA   NA   NA   NA   NA
[45,]   NA   NA   NA   NA   NA   NA   NA   NA   NA
[46,]   NA   NA   NA   NA   NA   NA   NA   NA   NA
[47,]   NA   NA   NA   NA   NA   NA   NA   NA   NA
[48,]   NA   NA   NA   NA   NA   NA   NA   NA   NA
[49,]   NA   NA   NA   NA   NA   NA   NA   NA   NA
[50,]   NA   NA   NA   NA   NA   NA   NA   NA   NA

$Bdatesampinfo
      DATE JULIAN N Mean Stdev
1 07/01/11   2008 4   NA    NA
2 08/02/11   2040 5   NA    NA
3 09/16/11   2085 8   NA    NA
4 11/11/11   2141 5   NA    NA
5 03/27/12   2278 4   NA    NA
6 04/01/12   2283 2   NA    NA
7 05/21/12   2333 3   NA    NA
8 06/19/12   2362 5   NA    NA
9 07/26/12   2399 7   NA    NA

$Ndatesampinfo
      DATE JULIAN N Mean Stdev
1 07/01/11   2008 4   NA    NA
2 08/02/11   2040 5   NA    NA
3 09/16/11   2085 8   NA    NA
4 11/11/11   2141 5   NA    NA
5 03/27/12   2278 4   NA    NA
6 04/01/12   2283 2   NA    NA
7 05/21/12   2333 3   NA    NA
8 06/19/12   2362 5   NA    NA
9 07/26/12   2399 7   NA    NA

$Bdateboots
      [,1] [,2] [,3] [,4] [,5] [,6] [,7] [,8] [,9]
 [1,]    0    0    0    0    0    0    0    0    0
 [2,]    0    0    0    0    0    0    0    0    0
 [3,]    0    0    0    0    0    0    0    0    0
 [4,]    0    0    0    0    0    0    0    0    0
 [5,]    0    0    0    0    0    0    0    0    0
 [6,]    0    0    0    0    0    0    0    0    0
 [7,]    0    0    0    0    0    0    0    0    0
 [8,]    0    0    0    0    0    0    0    0    0
 [9,]    0    0    0    0    0    0    0    0    0
[10,]    0    0    0    0    0    0    0    0    0
[11,]    0    0    0    0    0    0    0    0    0
[12,]    0    0    0    0    0    0    0    0    0
[13,]    0    0    0    0    0    0    0    0    0
[14,]    0    0    0    0    0    0    0    0    0
[15,]    0    0    0    0    0    0    0    0    0
[16,]    0    0    0    0    0    0    0    0    0
[17,]    0    0    0    0    0    0    0    0    0
[18,]    0    0    0    0    0    0    0    0    0
[19,]    0    0    0    0    0    0    0    0    0
[20,]    0    0    0    0    0    0    0    0    0
[21,]    0    0    0    0    0    0    0    0    0
[22,]    0    0    0    0    0    0    0    0    0
[23,]    0    0    0    0    0    0    0    0    0
[24,]    0    0    0    0    0    0    0    0    0
[25,]    0    0    0    0    0    0    0    0    0
[26,]    0    0    0    0    0    0    0    0    0
[27,]    0    0    0    0    0    0    0    0    0
[28,]    0    0    0    0    0    0    0    0    0
[29,]    0    0    0    0    0    0    0    0    0
[30,]    0    0    0    0    0    0    0    0    0
[31,]    0    0    0    0    0    0    0    0    0
[32,]    0    0    0    0    0    0    0    0    0
[33,]    0    0    0    0    0    0    0    0    0
[34,]    0    0    0    0    0    0    0    0    0
[35,]    0    0    0    0    0    0    0    0    0
[36,]    0    0    0    0    0    0    0    0    0
[37,]    0    0    0    0    0    0    0    0    0
[38,]    0    0    0    0    0    0    0    0    0
[39,]    0    0    0    0    0    0    0    0    0
[40,]    0    0    0    0    0    0    0    0    0
[41,]    0    0    0    0    0    0    0    0    0
[42,]    0    0    0    0    0    0    0    0    0
[43,]    0    0    0    0    0    0    0    0    0
[44,]    0    0    0    0    0    0    0    0    0
[45,]    0    0    0    0    0    0    0    0    0
[46,]    0    0    0    0    0    0    0    0    0
[47,]    0    0    0    0    0    0    0    0    0
[48,]    0    0    0    0    0    0    0    0    0
[49,]    0    0    0    0    0    0    0    0    0
[50,]    0    0    0    0    0    0    0    0    0

$Ndateboots
          [,1]      [,2]     [,3] [,4] [,5] [,6] [,7] [,8] [,9]
 [1,] 11.11111 17.777778 0.000000    0    0    0    0    0    0
 [2,] 11.11111  0.000000 0.000000    0    0    0    0    0    0
 [3,]  0.00000  0.000000 2.777778    0    0    0    0    0    0
 [4,]  0.00000  0.000000 0.000000    0    0    0    0    0    0
 [5,]  0.00000  0.000000 0.000000    0    0    0    0    0    0
 [6,]  0.00000  0.000000 0.000000    0    0    0    0    0    0
 [7,]  0.00000  0.000000 0.000000    0    0    0    0    0    0
 [8,]  0.00000  0.000000 0.000000    0    0    0    0    0    0
 [9,] 22.22222  0.000000 0.000000    0    0    0    0    0    0
[10,]  0.00000 13.333333 0.000000    0    0    0    0    0    0
[11,]  0.00000 22.222222 0.000000    0    0    0    0    0    0
[12,] 11.11111 26.666667 0.000000    0    0    0    0    0    0
[13,]  0.00000  0.000000 1.388889    0    0    0    0    0    0
[14,]  0.00000  0.000000 4.166667    0    0    0    0    0    0
[15,]  0.00000 26.666667 0.000000    0    0    0    0    0    0
[16,]  0.00000  0.000000 0.000000    0    0    0    0    0    0
[17,]  0.00000  0.000000 0.000000    0    0    0    0    0    0
[18,]  0.00000  0.000000 0.000000    0    0    0    0    0    0
[19,]  0.00000 26.666667 0.000000    0    0    0    0    0    0
[20,]  0.00000  0.000000 0.000000    0    0    0    0    0    0
[21,] 33.33333 31.111111 0.000000    0    0    0    0    0    0
[22,]  0.00000  0.000000 0.000000    0    0    0    0    0    0
[23,] 22.22222  4.444444 0.000000    0    0    0    0    0    0
[24,]  0.00000  0.000000 0.000000    0    0    0    0    0    0
[25,]  0.00000  0.000000 0.000000    0    0    0    0    0    0
[26,]  0.00000 26.666667 0.000000    0    0    0    0    0    0
[27,]  0.00000  0.000000 0.000000    0    0    0    0    0    0
[28,]  0.00000  0.000000 0.000000    0    0    0    0    0    0
[29,]  0.00000  0.000000 0.000000    0    0    0    0    0    0
[30,] 33.33333 26.666667 0.000000    0    0    0    0    0    0
[31,] 11.11111 22.222222 0.000000    0    0    0    0    0    0
[32,]  0.00000 22.222222 0.000000    0    0    0    0    0    0
[33,]  0.00000 35.555556 0.000000    0    0    0    0    0    0
[34,]  0.00000  0.000000 0.000000    0    0    0    0    0    0
[35,] 11.11111 26.666667 0.000000    0    0    0    0    0    0
[36,]  0.00000  0.000000 0.000000    0    0    0    0    0    0
[37,]  0.00000  0.000000 1.388889    0    0    0    0    0    0
[38,]  0.00000  0.000000 0.000000    0    0    0    0    0    0
[39,]  0.00000  0.000000 0.000000    0    0    0    0    0    0
[40,]  0.00000  0.000000 2.777778    0    0    0    0    0    0
[41,] 11.11111  0.000000 0.000000    0    0    0    0    0    0
[42,] 44.44444  0.000000 0.000000    0    0    0    0    0    0
[43,]  0.00000  0.000000 0.000000    0    0    0    0    0    0
[44,]  0.00000  0.000000 2.777778    0    0    0    0    0    0
[45,]  0.00000  0.000000 0.000000    0    0    0    0    0    0
[46,]  0.00000 22.222222 0.000000    0    0    0    0    0    0
[47,]  0.00000  0.000000 0.000000    0    0    0    0    0    0
[48,]  0.00000 40.000000 2.777778    0    0    0    0    0    0
[49,]  0.00000  0.000000 0.000000    0    0    0    0    0    0
[50,]  0.00000  0.000000 0.000000    0    0    0    0    0    0

