$totdays
[1] 365

$Psampest
[1] NA

$Pbootest
     Mean      2.5%       50%     97.5% 
 1.197962  0.000000  0.000000 12.410571 

$Pboots
 [1]  0.00000000  0.00000000  3.67187810  0.43378183  0.00000000  0.00000000 11.26351500
 [8]  0.35343516  0.36565125  0.00000000  0.00000000  0.57030926 12.74358700  0.00000000
[15]  0.00000000  0.00000000  0.00000000  0.00000000  0.00000000  0.02079840  0.00000000
[22]  0.00000000  0.00000000  0.04048439  0.00000000  0.00000000  0.00000000  0.54408693
[29]  0.00000000  0.00000000  0.66939406  0.76567509  0.00000000  0.00000000  0.00000000
[36]  0.00000000  0.00000000  0.13839040  0.00000000  2.51699422  0.00000000  0.62424967
[43] 15.44199588  8.82571114  0.00000000  0.79909415  0.00000000  0.10904339  0.00000000
[50]  0.00000000

$Bboots
 [1] 0.00000000 0.00000000 0.98076225 0.03825986 0.00000000 0.00000000 2.42395841
 [8] 0.11328785 0.11720356 0.00000000 0.00000000 0.05030167 3.08673143 0.00000000
[15] 0.00000000 0.00000000 0.00000000 0.00000000 0.00000000 0.05030167 0.00000000
[22] 0.00000000 0.00000000 0.01683677 0.00000000 0.00000000 0.00000000 0.20145764
[29] 0.00000000 0.00000000 0.05904102 0.28350450 0.00000000 0.00000000 0.00000000
[36] 0.00000000 0.00000000 0.05755417 0.00000000 0.68611055 0.00000000 0.21071371
[43] 3.62742715 1.89933116 0.00000000 0.29587849 0.00000000 0.04534924 0.00000000
[50] 0.00000000

$Nboots
 [1]  0.0000000  0.0000000 12.0138889  0.5208333  0.0000000  0.0000000 32.6388889
 [8]  5.1543210  4.7993827  0.0000000  0.0000000  0.5208333 41.8672840  0.0000000
[15]  0.0000000  0.0000000  0.0000000  0.0000000  0.0000000  0.5208333  0.0000000
[22]  0.0000000  0.0000000  1.1111111  0.0000000  0.0000000  0.0000000 15.5555556
[29]  0.0000000  0.0000000  0.6944444 26.3888889  0.0000000  0.0000000  0.0000000
[36]  0.0000000  0.0000000  1.9444444  0.0000000 24.7222222  0.0000000  9.7685185
[43] 43.6111111 21.8055556  0.0000000 27.2222222  0.0000000  1.1111111  0.0000000
[50]  0.0000000

$julians
[1] 2008 2040 2085 2141 2278 2283 2333 2362 2399

$intdays
[1]  32  45  56 137   5  50  29  37 -26

$Pintsampest
[1] NA NA NA NA NA NA NA NA NA

$Pintboots
            [,1]     [,2]      [,3]      [,4]      [,5] [,6]       [,7]      [,8] [,9]
 [1,]         NA       NA        NA        NA        NA   NA         NA        NA   NA
 [2,]         NA       NA        NA        NA        NA   NA         NA        NA   NA
 [3,] 0.07118357 3.600695        NA        NA        NA   NA         NA        NA   NA
 [4,]         NA       NA        NA 0.4337818        NA   NA         NA        NA   NA
 [5,]         NA       NA        NA        NA        NA   NA         NA        NA   NA
 [6,]         NA       NA        NA        NA        NA   NA         NA        NA   NA
 [7,]         NA       NA 11.263515        NA        NA   NA         NA        NA   NA
 [8,]         NA       NA        NA        NA        NA   NA         NA 0.3534352   NA
 [9,]         NA       NA        NA        NA        NA   NA         NA 0.3656513   NA
[10,]         NA       NA        NA        NA        NA   NA         NA        NA   NA
[11,]         NA       NA        NA        NA        NA   NA         NA        NA   NA
[12,]         NA       NA        NA 0.5703093        NA   NA         NA        NA   NA
[13,] 0.11329353 5.561314  6.654797        NA        NA    0 0.06073736 0.3534445    0
[14,]         NA       NA        NA        NA        NA   NA         NA        NA   NA
[15,]         NA       NA        NA        NA        NA   NA         NA        NA   NA
[16,]         NA       NA        NA        NA        NA   NA         NA        NA   NA
[17,]         NA       NA        NA        NA        NA   NA         NA        NA   NA
[18,]         NA       NA        NA        NA        NA   NA         NA        NA   NA
[19,]         NA       NA        NA        NA        NA   NA         NA        NA   NA
[20,]         NA       NA        NA        NA 0.0207984    0         NA        NA   NA
[21,]         NA       NA        NA        NA        NA   NA         NA        NA   NA
[22,]         NA       NA        NA        NA        NA   NA         NA        NA   NA
[23,]         NA       NA        NA        NA        NA   NA         NA        NA   NA
[24,]         NA       NA        NA        NA        NA    0 0.04048439        NA   NA
[25,]         NA       NA        NA        NA        NA   NA         NA        NA   NA
[26,]         NA       NA        NA        NA        NA   NA         NA        NA   NA
[27,]         NA       NA        NA        NA        NA   NA         NA        NA   NA
[28,] 0.54408693       NA        NA        NA        NA   NA         NA        NA   NA
[29,]         NA       NA        NA        NA        NA   NA         NA        NA   NA
[30,]         NA       NA        NA        NA        NA   NA         NA        NA   NA
[31,]         NA       NA        NA 0.6693941        NA   NA         NA        NA   NA
[32,] 0.76567509       NA        NA        NA        NA   NA         NA        NA   NA
[33,]         NA       NA        NA        NA        NA   NA         NA        NA   NA
[34,]         NA       NA        NA        NA        NA   NA         NA        NA   NA
[35,]         NA       NA        NA        NA        NA   NA         NA        NA   NA
[36,]         NA       NA        NA        NA        NA   NA         NA        NA   NA
[37,]         NA       NA        NA        NA        NA   NA         NA        NA   NA
[38,]         NA       NA        NA        NA        NA   NA 0.13839040        NA   NA
[39,]         NA       NA        NA        NA        NA   NA         NA        NA   NA
[40,] 0.18013164 2.336863        NA        NA        NA   NA         NA        NA   NA
[41,]         NA       NA        NA        NA        NA   NA         NA        NA   NA
[42,] 0.21355070       NA        NA        NA        NA   NA         NA 0.4106990    0
[43,] 0.11329353 6.668412  8.018380 0.5328666        NA   NA 0.10904339        NA   NA
[44,]         NA       NA  8.825711        NA        NA   NA         NA        NA   NA
[45,]         NA       NA        NA        NA        NA   NA         NA        NA   NA
[46,] 0.79909415       NA        NA        NA        NA   NA         NA        NA   NA
[47,]         NA       NA        NA        NA        NA   NA         NA        NA   NA
[48,]         NA       NA        NA        NA        NA   NA 0.10904339        NA   NA
[49,]         NA       NA        NA        NA        NA   NA         NA        NA   NA
[50,]         NA       NA        NA        NA        NA   NA         NA        NA   NA

$Bdatesampinfo
      DATE JULIAN  N Mean Stdev
1 07/01/11   2008  4   NA    NA
2 08/02/11   2040  5   NA    NA
3 09/16/11   2085 10   NA    NA
4 11/11/11   2141  5   NA    NA
5 03/27/12   2278  4   NA    NA
6 04/01/12   2283  2   NA    NA
7 05/21/12   2333  3   NA    NA
8 06/19/12   2362  5   NA    NA
9 07/26/12   2399  9   NA    NA

$Ndatesampinfo
      DATE JULIAN  N Mean Stdev
1 07/01/11   2008  4   NA    NA
2 08/02/11   2040  5   NA    NA
3 09/16/11   2085 10   NA    NA
4 11/11/11   2141  5   NA    NA
5 03/27/12   2278  4   NA    NA
6 04/01/12   2283  2   NA    NA
7 05/21/12   2333  3   NA    NA
8 06/19/12   2362  5   NA    NA
9 07/26/12   2399  9   NA    NA

$Bdateboots
      [,1]      [,2]      [,3] [,4]      [,5] [,6] [,7]      [,8]       [,9]
 [1,]    0 0.0000000  0.000000    0 0.0000000    0    0 0.9139967 0.00000000
 [2,]    0 1.7125885  0.000000    0 0.0000000    0    0 0.0000000 0.00000000
 [3,]    0 0.4217112 14.848774    0 0.4723282    0    0 0.0000000 1.74440807
 [4,]    0 0.0000000  0.000000    0 0.6121578    0    0 0.0000000 0.00000000
 [5,]    0 0.0000000 35.639913    0 0.4723282    0    0 0.0000000 0.00000000
 [6,]    0 4.5103285  0.000000    0 0.0000000    0    0 0.0000000 0.00000000
 [7,]    0 0.0000000 38.783335    0 0.0000000    0    0 0.0000000 0.55796836
 [8,]    0 0.0000000  0.000000    0 0.0000000    0    0 0.3972842 1.41532129
 [9,]    0 0.0000000  0.000000    0 0.0000000    0    0 0.9813796 0.89387736
[10,]    0 0.0000000  0.000000    0 0.0000000    0    0 0.0000000 0.00000000
[11,]    0 0.0000000  0.000000    0 0.0000000    0    0 0.0000000 0.00000000
[12,]    0 0.0000000  0.000000    0 0.8048267    0    0 0.0000000 0.00000000
[13,]    0 0.6711822 22.914265    0 0.0000000    0    0 0.4041543 1.40849907
[14,]    0 0.0000000  0.000000    0 0.0000000    0    0 0.0000000 0.00000000
[15,]    0 0.0000000 19.769067    0 0.0000000    0    0 0.0000000 0.52826616
[16,]    0 0.0000000 32.761818    0 0.0000000    0    0 0.0000000 0.93494993
[17,]    0 0.0000000  0.000000    0 0.0000000    0    0 0.0000000 0.00000000
[18,]    0 0.0000000  0.000000    0 0.0000000    0    0 0.0000000 0.00000000
[19,]    0 0.0000000  0.000000    0 0.7519875    0    0 0.0000000 0.00000000
[20,]    0 0.0000000  0.000000    0 0.8048267    0    0 0.0000000 0.00000000
[21,]    0 0.0000000  0.000000    0 0.0000000    0    0 0.0000000 0.55114614
[22,]    0 0.0000000 11.330592    0 0.4723282    0    0 1.2423003 0.00000000
[23,]    0 0.0000000  0.000000    0 0.0000000    0    0 0.0000000 0.00000000
[24,]    0 0.0000000  0.000000    0 0.0000000    0    0 0.2693884 0.00000000
[25,]    0 0.0000000 16.972029    0 0.0000000    0    0 0.0000000 0.42260229
[26,]    0 0.0000000 25.239711    0 0.1398296    0    0 0.0000000 0.00000000
[27,]    0 0.0000000  0.000000    0 0.9446564    0    0 0.0000000 0.89615143
[28,]    0 3.2233222  0.000000    0 0.0000000    0    0 0.0000000 0.05244295
[29,]    0 0.0000000  0.000000    0 0.3324986    0    0 0.0000000 2.93539592
[30,]    0 0.0000000  0.000000    0 0.0000000    0    0 0.0000000 0.39744824
[31,]    0 1.0671499  0.000000    0 0.9446564    0    0 0.3367713 0.00000000
[32,]    0 4.5360721  0.000000    0 0.0000000    0    0 0.0000000 1.02242121
[33,]    0 0.0000000  0.000000    0 0.0000000    0    0 0.7255879 0.00000000
[34,]    0 0.0000000  0.000000    0 0.0000000    0    0 0.0000000 0.00000000
[35,]    0 0.0000000  0.000000    0 0.0000000    0    0 0.0000000 0.00000000
[36,]    0 0.0000000  7.192049    0 0.2796593    0    0 0.0000000 0.00000000
[37,]    0 0.0000000  0.000000    0 0.0000000    0    0 0.0000000 0.00000000
[38,]    0 1.2908773  0.000000    0 0.0000000    0    0 0.9208667 0.00000000
[39,]    0 0.0000000 20.420268    0 0.0000000    0    0 0.0000000 0.00000000
[40,]    0 1.0671499  8.843469    0 0.0000000    0    0 0.0000000 0.00000000
[41,]    0 0.0000000  0.000000    0 0.0000000    0    0 0.0000000 0.00000000
[42,]    0 1.2651337  0.000000    0 0.0000000    0    0 0.3299013 1.77638434
[43,]    0 0.6711822 27.609447    0 0.7519875    0    0 0.7255879 0.00000000
[44,]    0 0.0000000 30.389299    0 0.0000000    0    0 0.0000000 1.39712870
[45,]    0 3.0253384  0.000000    0 0.4194889    0    0 0.0000000 0.00000000
[46,]    0 4.7340559  0.000000    0 0.0000000    0    0 0.0000000 0.00000000
[47,]    0 0.0000000  0.000000    0 0.0000000    0    0 0.8534838 0.00000000
[48,]    0 0.0000000  0.000000    0 0.6649971    0    0 0.7255879 0.00000000
[49,]    0 0.0000000  0.000000    0 0.0000000    0    0 0.7861008 0.00000000
[50,]    0 0.0000000  0.000000    0 0.0000000    0    0 0.0000000 0.93267586

$Ndateboots
      [,1]      [,2]      [,3] [,4]      [,5] [,6] [,7]     [,8]      [,9]
 [1,]    0   0.00000   0.00000    0  0.000000    0    0 24.44444   0.00000
 [2,]    0  62.22222   0.00000    0  0.000000    0    0  0.00000   0.00000
 [3,]    0  17.77778 156.66667    0  5.555556    0    0  0.00000  76.54321
 [4,]    0   0.00000   0.00000    0  8.333333    0    0  0.00000   0.00000
 [5,]    0   0.00000 312.22222    0  5.555556    0    0  0.00000   0.00000
 [6,]    0 431.11111   0.00000    0  0.000000    0    0  0.00000   0.00000
 [7,]    0   0.00000 522.22222    0  0.000000    0    0  0.00000  23.45679
 [8,]    0   0.00000   0.00000    0  0.000000    0    0 24.44444  58.02469
 [9,]    0   0.00000   0.00000    0  0.000000    0    0 31.11111  45.67901
[10,]    0   0.00000   0.00000    0  0.000000    0    0  0.00000   0.00000
[11,]    0   0.00000   0.00000    0  0.000000    0    0  0.00000   0.00000
[12,]    0   0.00000   0.00000    0  8.333333    0    0  0.00000   0.00000
[13,]    0  13.33333 263.33333    0  0.000000    0    0 31.11111  54.32099
[14,]    0   0.00000   0.00000    0  0.000000    0    0  0.00000   0.00000
[15,]    0   0.00000 270.00000    0  0.000000    0    0  0.00000  16.04938
[16,]    0   0.00000 490.00000    0  0.000000    0    0  0.00000  59.25926
[17,]    0   0.00000   0.00000    0  0.000000    0    0  0.00000   0.00000
[18,]    0   0.00000   0.00000    0  0.000000    0    0  0.00000   0.00000
[19,]    0   0.00000   0.00000    0 11.111111    0    0  0.00000   0.00000
[20,]    0   0.00000   0.00000    0  8.333333    0    0  0.00000   0.00000
[21,]    0   0.00000   0.00000    0  0.000000    0    0  0.00000  19.75309
[22,]    0   0.00000 323.33333    0  5.555556    0    0 17.77778   0.00000
[23,]    0   0.00000   0.00000    0  0.000000    0    0  0.00000   0.00000
[24,]    0   0.00000   0.00000    0  0.000000    0    0 17.77778   0.00000
[25,]    0   0.00000 212.22222    0  0.000000    0    0  0.00000  51.85185
[26,]    0   0.00000 328.88889    0  2.777778    0    0  0.00000   0.00000
[27,]    0   0.00000   0.00000    0 11.111111    0    0  0.00000  46.91358
[28,]    0 248.88889   0.00000    0  0.000000    0    0  0.00000  19.75309
[29,]    0   0.00000   0.00000    0  2.777778    0    0  0.00000 132.09877
[30,]    0   0.00000   0.00000    0  0.000000    0    0  0.00000  46.91358
[31,]    0  40.00000   0.00000    0 11.111111    0    0 24.44444   0.00000
[32,]    0 422.22222   0.00000    0  0.000000    0    0  0.00000  13.58025
[33,]    0   0.00000   0.00000    0  0.000000    0    0 17.77778   0.00000
[34,]    0   0.00000   0.00000    0  0.000000    0    0  0.00000   0.00000
[35,]    0   0.00000   0.00000    0  0.000000    0    0  0.00000   0.00000
[36,]    0   0.00000  95.55556    0  5.555556    0    0  0.00000   0.00000
[37,]    0   0.00000   0.00000    0  0.000000    0    0  0.00000   0.00000
[38,]    0  44.44444   0.00000    0  0.000000    0    0 31.11111   0.00000
[39,]    0   0.00000 210.00000    0  0.000000    0    0  0.00000   0.00000
[40,]    0  40.00000 315.55556    0  0.000000    0    0  0.00000   0.00000
[41,]    0   0.00000   0.00000    0  0.000000    0    0  0.00000   0.00000
[42,]    0  53.33333   0.00000    0  0.000000    0    0 17.77778  85.18519
[43,]    0  13.33333 321.11111    0 11.111111    0    0 17.77778   0.00000
[44,]    0   0.00000 348.88889    0  0.000000    0    0  0.00000  48.14815
[45,]    0 235.55556   0.00000    0  8.333333    0    0  0.00000   0.00000
[46,]    0 435.55556   0.00000    0  0.000000    0    0  0.00000   0.00000
[47,]    0   0.00000   0.00000    0  0.000000    0    0 24.44444   0.00000
[48,]    0   0.00000   0.00000    0  5.555556    0    0 17.77778   0.00000
[49,]    0   0.00000   0.00000    0  0.000000    0    0 17.77778   0.00000
[50,]    0   0.00000   0.00000    0  0.000000    0    0  0.00000  58.02469

