$totdays
[1] 365

$Psampest
[1] NA

$Pbootest
      Mean       2.5%        50%      97.5% 
0.02306012 0.00000000 0.00000000 0.21332919 

$Pboots
 [1] 0.000000000 0.000000000 0.000000000 0.000000000 0.000000000 0.000000000 0.000000000
 [8] 0.078222786 0.000000000 0.011737285 0.000000000 0.000000000 0.523539556 0.000000000
[15] 0.000000000 0.000000000 0.000000000 0.000000000 0.000000000 0.000000000 0.000000000
[22] 0.000000000 0.000000000 0.000000000 0.000000000 0.017605928 0.005868643 0.204232790
[29] 0.000000000 0.000000000 0.000000000 0.000000000 0.000000000 0.000000000 0.005868643
[36] 0.000000000 0.000000000 0.000000000 0.000000000 0.000000000 0.215970075 0.000000000
[43] 0.084091429 0.000000000 0.000000000 0.000000000 0.000000000 0.000000000 0.005868643
[50] 0.000000000

$Bboots
 [1] 0.000000000 0.000000000 0.000000000 0.000000000 0.000000000 0.000000000 0.000000000
 [8] 0.028963331 0.000000000 0.003111111 0.000000000 0.000000000 0.193232160 0.000000000
[15] 0.000000000 0.000000000 0.000000000 0.000000000 0.000000000 0.000000000 0.000000000
[22] 0.000000000 0.000000000 0.000000000 0.000000000 0.004666667 0.001555556 0.075620719
[29] 0.000000000 0.000000000 0.000000000 0.000000000 0.000000000 0.000000000 0.001555556
[36] 0.000000000 0.000000000 0.000000000 0.000000000 0.000000000 0.078731830 0.000000000
[43] 0.030518886 0.000000000 0.000000000 0.000000000 0.000000000 0.000000000 0.001555556
[50] 0.000000000

$Nboots
 [1] 0.0000000 0.0000000 0.0000000 0.0000000 0.0000000 0.0000000 0.0000000 0.7407407
 [9] 0.0000000 0.9259259 0.0000000 0.0000000 5.2314815 0.0000000 0.0000000 0.0000000
[17] 0.0000000 0.0000000 0.0000000 0.0000000 0.0000000 0.0000000 0.0000000 0.0000000
[25] 0.0000000 1.3888889 0.4629630 2.4537037 0.0000000 0.0000000 0.0000000 0.0000000
[33] 0.0000000 0.0000000 0.4629630 0.0000000 0.0000000 0.0000000 0.0000000 0.0000000
[41] 3.3796296 0.0000000 1.2037037 0.0000000 0.0000000 0.0000000 0.0000000 0.0000000
[49] 0.4629630 0.0000000

$julians
[1] 2008 2040 2085 2141 2278 2283 2333 2362 2399

$intdays
[1]  32  45  56 137   5  50  29  37 -26

$Pintsampest
[1] NA NA NA NA NA NA NA NA NA

$Pintboots
            [,1]        [,2] [,3] [,4] [,5] [,6] [,7] [,8] [,9]
 [1,]         NA          NA   NA    0   NA   NA   NA   NA   NA
 [2,]         NA          NA   NA   NA   NA   NA   NA   NA   NA
 [3,]         NA          NA   NA   NA   NA   NA   NA   NA   NA
 [4,]         NA          NA    0   NA   NA   NA   NA   NA   NA
 [5,]         NA          NA   NA   NA   NA   NA   NA   NA   NA
 [6,]         NA          NA   NA   NA   NA   NA    0   NA   NA
 [7,]         NA          NA    0    0   NA   NA   NA   NA   NA
 [8,] 0.07822279          NA   NA   NA   NA   NA   NA   NA   NA
 [9,]         NA          NA   NA   NA   NA   NA   NA    0   NA
[10,]         NA 0.011737285    0   NA   NA   NA   NA   NA   NA
[11,]         NA          NA    0    0    0   NA   NA   NA   NA
[12,]         NA          NA   NA   NA   NA   NA   NA   NA   NA
[13,] 0.51767091 0.005868643   NA   NA   NA   NA   NA   NA   NA
[14,]         NA          NA   NA    0   NA   NA   NA   NA   NA
[15,]         NA          NA   NA   NA   NA   NA   NA   NA   NA
[16,]         NA          NA   NA   NA   NA   NA   NA   NA   NA
[17,]         NA          NA    0    0    0    0   NA   NA   NA
[18,]         NA          NA   NA   NA   NA   NA   NA   NA   NA
[19,]         NA          NA    0    0   NA   NA   NA   NA   NA
[20,]         NA          NA   NA    0   NA   NA   NA   NA   NA
[21,]         NA          NA   NA   NA   NA   NA   NA    0   NA
[22,]         NA          NA   NA   NA   NA    0   NA   NA   NA
[23,]         NA          NA   NA   NA    0    0    0   NA   NA
[24,]         NA          NA   NA   NA   NA   NA   NA   NA   NA
[25,]         NA          NA   NA    0   NA   NA   NA   NA   NA
[26,]         NA 0.017605928    0   NA   NA   NA   NA   NA   NA
[27,]         NA 0.005868643    0   NA   NA   NA   NA   NA   NA
[28,] 0.20423279          NA   NA   NA   NA   NA   NA   NA   NA
[29,]         NA          NA   NA   NA   NA   NA   NA   NA   NA
[30,]         NA          NA   NA   NA   NA   NA   NA   NA   NA
[31,]         NA          NA   NA    0   NA   NA   NA   NA   NA
[32,]         NA          NA   NA   NA   NA   NA   NA   NA   NA
[33,]         NA          NA   NA   NA   NA   NA   NA   NA   NA
[34,]         NA          NA   NA   NA    0   NA   NA   NA   NA
[35,]         NA 0.005868643   NA   NA   NA   NA   NA   NA   NA
[36,]         NA          NA   NA   NA   NA   NA   NA   NA   NA
[37,]         NA          NA   NA   NA   NA   NA   NA   NA   NA
[38,]         NA          NA   NA   NA   NA   NA   NA   NA   NA
[39,]         NA          NA   NA   NA   NA   NA   NA   NA   NA
[40,]         NA          NA   NA   NA   NA   NA   NA   NA   NA
[41,] 0.20423279 0.011737285   NA   NA   NA   NA   NA   NA   NA
[42,]         NA          NA   NA   NA    0   NA   NA   NA   NA
[43,] 0.07822279 0.005868643   NA   NA   NA   NA   NA   NA   NA
[44,]         NA          NA   NA   NA   NA   NA   NA   NA   NA
[45,]         NA          NA   NA   NA   NA   NA   NA   NA   NA
[46,]         NA          NA   NA   NA   NA   NA   NA   NA   NA
[47,]         NA          NA   NA   NA   NA   NA   NA   NA   NA
[48,]         NA          NA   NA   NA   NA   NA    0    0   NA
[49,]         NA 0.005868643   NA   NA   NA   NA   NA   NA   NA
[50,]         NA          NA   NA   NA   NA   NA   NA   NA   NA

$Bdatesampinfo
      DATE JULIAN N Mean Stdev
1 07/01/11   2008 5   NA    NA
2 08/02/11   2040 3   NA    NA
3 09/16/11   2085 8   NA    NA
4 11/11/11   2141 5   NA    NA
5 03/27/12   2278 4   NA    NA
6 04/01/12   2283 2   NA    NA
7 05/21/12   2333 3   NA    NA
8 06/19/12   2362 5   NA    NA
9 07/26/12   2399 7   NA    NA

$Ndatesampinfo
      DATE JULIAN N Mean Stdev
1 07/01/11   2008 5   NA    NA
2 08/02/11   2040 3   NA    NA
3 09/16/11   2085 8   NA    NA
4 11/11/11   2141 5   NA    NA
5 03/27/12   2278 4   NA    NA
6 04/01/12   2283 2   NA    NA
7 05/21/12   2333 3   NA    NA
8 06/19/12   2362 5   NA    NA
9 07/26/12   2399 7   NA    NA

$Bdateboots
           [,1]       [,2] [,3] [,4] [,5] [,6] [,7] [,8] [,9]
 [1,] 2.1010453 0.00000000    0    0    0    0    0    0    0
 [2,] 0.0000000 0.00000000    0    0    0    0    0    0    0
 [3,] 0.0000000 0.00000000    0    0    0    0    0    0    0
 [4,] 0.0000000 0.00000000    0    0    0    0    0    0    0
 [5,] 0.0000000 0.00000000    0    0    0    0    0    0    0
 [6,] 0.9408915 0.00000000    0    0    0    0    0    0    0
 [7,] 1.8817831 0.00000000    0    0    0    0    0    0    0
 [8,] 0.4385244 0.02488889    0    0    0    0    0    0    0
 [9,] 0.0000000 0.00000000    0    0    0    0    0    0    0
[10,] 0.0000000 0.04977778    0    0    0    0    0    0    0
[11,] 0.0000000 0.00000000    0    0    0    0    0    0    0
[12,] 1.1601537 0.00000000    0    0    0    0    0    0    0
[13,] 3.0419368 0.02488889    0    0    0    0    0    0    0
[14,] 0.0000000 0.00000000    0    0    0    0    0    0    0
[15,] 0.0000000 0.00000000    0    0    0    0    0    0    0
[16,] 0.0000000 0.02488889    0    0    0    0    0    0    0
[17,] 0.0000000 0.00000000    0    0    0    0    0    0    0
[18,] 0.0000000 0.00000000    0    0    0    0    0    0    0
[19,] 0.0000000 0.00000000    0    0    0    0    0    0    0
[20,] 0.2192622 0.00000000    0    0    0    0    0    0    0
[21,] 2.8226746 0.00000000    0    0    0    0    0    0    0
[22,] 0.0000000 0.00000000    0    0    0    0    0    0    0
[23,] 0.0000000 0.00000000    0    0    0    0    0    0    0
[24,] 0.0000000 0.04977778    0    0    0    0    0    0    0
[25,] 0.0000000 0.02488889    0    0    0    0    0    0    0
[26,] 0.0000000 0.07466667    0    0    0    0    0    0    0
[27,] 0.0000000 0.02488889    0    0    0    0    0    0    0
[28,] 1.1601537 0.04977778    0    0    0    0    0    0    0
[29,] 0.0000000 0.00000000    0    0    0    0    0    0    0
[30,] 0.0000000 0.00000000    0    0    0    0    0    0    0
[31,] 0.0000000 0.00000000    0    0    0    0    0    0    0
[32,] 0.0000000 0.00000000    0    0    0    0    0    0    0
[33,] 0.0000000 0.00000000    0    0    0    0    0    0    0
[34,] 0.0000000 0.00000000    0    0    0    0    0    0    0
[35,] 0.0000000 0.02488889    0    0    0    0    0    0    0
[36,] 0.0000000 0.00000000    0    0    0    0    0    0    0
[37,] 0.0000000 0.07466667    0    0    0    0    0    0    0
[38,] 0.0000000 0.00000000    0    0    0    0    0    0    0
[39,] 0.0000000 0.04977778    0    0    0    0    0    0    0
[40,] 0.0000000 0.00000000    0    0    0    0    0    0    0
[41,] 1.1601537 0.04977778    0    0    0    0    0    0    0
[42,] 0.0000000 0.02488889    0    0    0    0    0    0    0
[43,] 0.4385244 0.02488889    0    0    0    0    0    0    0
[44,] 0.0000000 0.00000000    0    0    0    0    0    0    0
[45,] 0.0000000 0.00000000    0    0    0    0    0    0    0
[46,] 0.0000000 0.00000000    0    0    0    0    0    0    0
[47,] 0.0000000 0.00000000    0    0    0    0    0    0    0
[48,] 0.0000000 0.00000000    0    0    0    0    0    0    0
[49,] 0.0000000 0.02488889    0    0    0    0    0    0    0
[50,] 0.0000000 0.00000000    0    0    0    0    0    0    0

$Ndateboots
           [,1]      [,2] [,3] [,4] [,5] [,6] [,7] [,8] [,9]
 [1,] 46.666667  0.000000    0    0    0    0    0    0    0
 [2,]  0.000000  0.000000    0    0    0    0    0    0    0
 [3,]  0.000000  0.000000    0    0    0    0    0    0    0
 [4,]  0.000000  0.000000    0    0    0    0    0    0    0
 [5,]  0.000000  0.000000    0    0    0    0    0    0    0
 [6,] 22.222222  0.000000    0    0    0    0    0    0    0
 [7,] 44.444444  0.000000    0    0    0    0    0    0    0
 [8,]  4.444444  7.407407    0    0    0    0    0    0    0
 [9,]  0.000000  0.000000    0    0    0    0    0    0    0
[10,]  0.000000 14.814815    0    0    0    0    0    0    0
[11,]  0.000000  0.000000    0    0    0    0    0    0    0
[12,] 24.444444  0.000000    0    0    0    0    0    0    0
[13,] 68.888889  7.407407    0    0    0    0    0    0    0
[14,]  0.000000  0.000000    0    0    0    0    0    0    0
[15,]  0.000000  0.000000    0    0    0    0    0    0    0
[16,]  0.000000  7.407407    0    0    0    0    0    0    0
[17,]  0.000000  0.000000    0    0    0    0    0    0    0
[18,]  0.000000  0.000000    0    0    0    0    0    0    0
[19,]  0.000000  0.000000    0    0    0    0    0    0    0
[20,]  2.222222  0.000000    0    0    0    0    0    0    0
[21,] 66.666667  0.000000    0    0    0    0    0    0    0
[22,]  0.000000  0.000000    0    0    0    0    0    0    0
[23,]  0.000000  0.000000    0    0    0    0    0    0    0
[24,]  0.000000 14.814815    0    0    0    0    0    0    0
[25,]  0.000000  7.407407    0    0    0    0    0    0    0
[26,]  0.000000 22.222222    0    0    0    0    0    0    0
[27,]  0.000000  7.407407    0    0    0    0    0    0    0
[28,] 24.444444 14.814815    0    0    0    0    0    0    0
[29,]  0.000000  0.000000    0    0    0    0    0    0    0
[30,]  0.000000  0.000000    0    0    0    0    0    0    0
[31,]  0.000000  0.000000    0    0    0    0    0    0    0
[32,]  0.000000  0.000000    0    0    0    0    0    0    0
[33,]  0.000000  0.000000    0    0    0    0    0    0    0
[34,]  0.000000  0.000000    0    0    0    0    0    0    0
[35,]  0.000000  7.407407    0    0    0    0    0    0    0
[36,]  0.000000  0.000000    0    0    0    0    0    0    0
[37,]  0.000000 22.222222    0    0    0    0    0    0    0
[38,]  0.000000  0.000000    0    0    0    0    0    0    0
[39,]  0.000000 14.814815    0    0    0    0    0    0    0
[40,]  0.000000  0.000000    0    0    0    0    0    0    0
[41,] 24.444444 14.814815    0    0    0    0    0    0    0
[42,]  0.000000  7.407407    0    0    0    0    0    0    0
[43,]  4.444444  7.407407    0    0    0    0    0    0    0
[44,]  0.000000  0.000000    0    0    0    0    0    0    0
[45,]  0.000000  0.000000    0    0    0    0    0    0    0
[46,]  0.000000  0.000000    0    0    0    0    0    0    0
[47,]  0.000000  0.000000    0    0    0    0    0    0    0
[48,]  0.000000  0.000000    0    0    0    0    0    0    0
[49,]  0.000000  7.407407    0    0    0    0    0    0    0
[50,]  0.000000  0.000000    0    0    0    0    0    0    0

