$totdays
[1] 391

$Psampest
[1] NA

$Pbootest
       Mean        2.5%         50%       97.5% 
0.003469214 0.000000000 0.000000000 0.034329526 

$Pboots
 [1] 0.000000000 0.000000000 0.000000000 0.000000000 0.000000000 0.002100703 0.001740059
 [8] 0.016994800 0.000000000 0.032691950 0.017643625 0.000000000 0.049037925 0.000000000
[15] 0.034804951 0.000000000 0.000000000 0.000000000 0.000000000 0.000000000 0.000000000
[22] 0.000000000 0.000000000 0.000000000 0.000000000 0.000000000 0.000000000 0.000000000
[29] 0.000000000 0.000000000 0.000000000 0.000000000 0.000000000 0.002100703 0.000000000
[36] 0.000000000 0.000000000 0.000000000 0.000000000 0.000000000 0.000000000 0.000000000
[43] 0.000000000 0.000000000 0.000000000 0.000000000 0.016345975 0.000000000 0.000000000
[50] 0.000000000

$Bboots
 [1] 0.000000000 0.000000000 0.000000000 0.000000000 0.000000000 0.051869220 0.042964426
 [8] 0.029340573 0.000000000 0.013623853 0.051869220 0.000000000 0.020435779 0.000000000
[15] 0.072304999 0.000000000 0.000000000 0.000000000 0.000000000 0.000000000 0.000000000
[22] 0.000000000 0.000000000 0.000000000 0.000000000 0.000000000 0.000000000 0.000000000
[29] 0.000000000 0.000000000 0.000000000 0.000000000 0.000000000 0.051869220 0.000000000
[36] 0.000000000 0.000000000 0.000000000 0.000000000 0.000000000 0.000000000 0.000000000
[43] 0.000000000 0.000000000 0.000000000 0.000000000 0.006811926 0.000000000 0.000000000
[50] 0.000000000

$Nboots
 [1] 0.0000000 0.0000000 0.0000000 0.0000000 0.0000000 0.7716049 0.7716049 0.4629630
 [9] 0.0000000 0.3086420 0.7716049 0.0000000 0.4629630 0.0000000 1.2345679 0.0000000
[17] 0.0000000 0.0000000 0.0000000 0.0000000 0.0000000 0.0000000 0.0000000 0.0000000
[25] 0.0000000 0.0000000 0.0000000 0.0000000 0.0000000 0.0000000 0.0000000 0.0000000
[33] 0.0000000 0.7716049 0.0000000 0.0000000 0.0000000 0.0000000 0.0000000 0.0000000
[41] 0.0000000 0.0000000 0.0000000 0.0000000 0.0000000 0.0000000 0.1543210 0.0000000
[49] 0.0000000 0.0000000

$julians
 [1] 2008 2040 2085 2141 2232 2278 2283 2333 2362 2399

$intdays
[1] 32 45 56 91 46  5 50 29 37

$Pintsampest
[1] NA NA NA NA NA NA NA NA NA

$Pintboots
            [,1]        [,2] [,3] [,4] [,5] [,6] [,7] [,8] [,9]
 [1,]         NA          NA   NA   NA   NA   NA   NA   NA   NA
 [2,]         NA          NA   NA   NA   NA   NA   NA   NA   NA
 [3,]         NA          NA   NA   NA   NA   NA   NA   NA   NA
 [4,]         NA          NA   NA   NA   NA   NA   NA   NA   NA
 [5,]         NA          NA   NA   NA   NA   NA   NA   NA   NA
 [6,]         NA 0.002100703    0    0   NA   NA   NA   NA   NA
 [7,]         NA 0.001740059    0   NA   NA   NA   NA   NA   NA
 [8,] 0.01699480          NA   NA   NA   NA   NA   NA   NA   NA
 [9,]         NA          NA    0   NA   NA   NA   NA   NA   NA
[10,] 0.03269195          NA   NA   NA   NA   NA   NA   NA   NA
[11,] 0.01764363          NA   NA   NA   NA   NA   NA   NA   NA
[12,]         NA          NA   NA    0   NA   NA   NA   NA   NA
[13,] 0.04903793          NA   NA   NA   NA   NA   NA   NA   NA
[14,]         NA          NA    0    0   NA   NA   NA   NA   NA
[15,] 0.03334078 0.001464176   NA   NA   NA   NA   NA   NA   NA
[16,]         NA          NA   NA   NA   NA   NA   NA   NA   NA
[17,]         NA          NA   NA   NA   NA   NA   NA   NA   NA
[18,]         NA          NA   NA   NA   NA   NA   NA   NA   NA
[19,]         NA          NA   NA   NA   NA   NA   NA   NA   NA
[20,]         NA          NA    0    0   NA   NA   NA   NA   NA
[21,]         NA          NA   NA   NA    0   NA   NA   NA   NA
[22,]         NA          NA   NA   NA   NA    0   NA   NA   NA
[23,]         NA          NA   NA   NA   NA   NA   NA   NA   NA
[24,]         NA          NA   NA   NA    0   NA   NA    0   NA
[25,]         NA          NA   NA   NA   NA   NA   NA   NA   NA
[26,]         NA          NA   NA   NA   NA   NA   NA   NA   NA
[27,]         NA          NA    0    0   NA   NA   NA   NA   NA
[28,]         NA          NA   NA   NA   NA   NA   NA   NA   NA
[29,]         NA          NA   NA   NA   NA   NA   NA   NA   NA
[30,]         NA          NA   NA   NA   NA   NA   NA   NA   NA
[31,]         NA          NA   NA   NA   NA   NA   NA   NA   NA
[32,]         NA          NA   NA   NA   NA   NA   NA    0   NA
[33,]         NA          NA   NA   NA   NA   NA   NA   NA   NA
[34,]         NA 0.002100703   NA   NA   NA   NA   NA    0   NA
[35,]         NA          NA   NA   NA   NA   NA   NA   NA   NA
[36,]         NA          NA   NA   NA   NA   NA   NA   NA   NA
[37,]         NA          NA   NA   NA    0    0   NA   NA   NA
[38,]         NA          NA   NA    0   NA   NA   NA    0   NA
[39,]         NA          NA   NA   NA   NA   NA   NA   NA   NA
[40,]         NA          NA   NA   NA   NA   NA   NA   NA   NA
[41,]         NA          NA   NA   NA   NA   NA    0    0    0
[42,]         NA          NA   NA   NA   NA   NA   NA   NA   NA
[43,]         NA          NA   NA   NA   NA   NA   NA    0    0
[44,]         NA          NA   NA   NA   NA   NA    0   NA   NA
[45,]         NA          NA   NA   NA   NA   NA   NA   NA    0
[46,]         NA          NA   NA   NA   NA   NA   NA   NA   NA
[47,] 0.01634598          NA   NA   NA   NA   NA   NA   NA    0
[48,]         NA          NA   NA   NA   NA   NA   NA   NA    0
[49,]         NA          NA   NA   NA   NA   NA   NA   NA   NA
[50,]         NA          NA   NA   NA   NA   NA   NA   NA   NA

$Bdatesampinfo
       DATE JULIAN N Mean Stdev
1  07/01/11   2008 4   NA    NA
2  08/02/11   2040 4   NA    NA
3  09/16/11   2085 8   NA    NA
4  11/11/11   2141 6   NA    NA
5  02/10/12   2232 2   NA    NA
6  03/27/12   2278 4   NA    NA
7  04/01/12   2283 2   NA    NA
8  05/21/12   2333 3   NA    NA
9  06/19/12   2362 5   NA    NA
10 07/26/12   2399 7   NA    NA

$Ndatesampinfo
       DATE JULIAN N Mean Stdev
1  07/01/11   2008 4   NA    NA
2  08/02/11   2040 4   NA    NA
3  09/16/11   2085 8   NA    NA
4  11/11/11   2141 6   NA    NA
5  02/10/12   2232 2   NA    NA
6  03/27/12   2278 4   NA    NA
7  04/01/12   2283 2   NA    NA
8  05/21/12   2333 3   NA    NA
9  06/19/12   2362 5   NA    NA
10 07/26/12   2399 7   NA    NA

$Bdateboots
      [,1]      [,2] [,3] [,4] [,5] [,6] [,7] [,8] [,9] [,10]
 [1,]    0 0.7733597    0    0    0    0    0    0    0     0
 [2,]    0 1.2165469    0    0    0    0    0    0    0     0
 [3,]    0 1.0562606    0    0    0    0    0    0    0     0
 [4,]    0 0.0000000    0    0    0    0    0    0    0     0
 [5,]    0 0.0000000    0    0    0    0    0    0    0     0
 [6,]    0 0.9336460    0    0    0    0    0    0    0     0
 [7,]    0 0.7733597    0    0    0    0    0    0    0     0
 [8,]    0 0.5281303    0    0    0    0    0    0    0     0
 [9,]    0 0.0000000    0    0    0    0    0    0    0     0
[10,]    0 0.2452293    0    0    0    0    0    0    0     0
[11,]    0 0.9336460    0    0    0    0    0    0    0     0
[12,]    0 0.0000000    0    0    0    0    0    0    0     0
[13,]    0 0.3678440    0    0    0    0    0    0    0     0
[14,]    0 0.0000000    0    0    0    0    0    0    0     0
[15,]    0 0.6507450    0    0    0    0    0    0    0     0
[16,]    0 0.0000000    0    0    0    0    0    0    0     0
[17,]    0 0.7733597    0    0    0    0    0    0    0     0
[18,]    0 0.0000000    0    0    0    0    0    0    0     0
[19,]    0 0.0000000    0    0    0    0    0    0    0     0
[20,]    0 0.0000000    0    0    0    0    0    0    0     0
[21,]    0 0.0000000    0    0    0    0    0    0    0     0
[22,]    0 0.0000000    0    0    0    0    0    0    0     0
[23,]    0 0.0000000    0    0    0    0    0    0    0     0
[24,]    0 0.5281303    0    0    0    0    0    0    0     0
[25,]    0 0.0000000    0    0    0    0    0    0    0     0
[26,]    0 0.9336460    0    0    0    0    0    0    0     0
[27,]    0 0.0000000    0    0    0    0    0    0    0     0
[28,]    0 0.0000000    0    0    0    0    0    0    0     0
[29,]    0 0.0000000    0    0    0    0    0    0    0     0
[30,]    0 0.0000000    0    0    0    0    0    0    0     0
[31,]    0 0.0000000    0    0    0    0    0    0    0     0
[32,]    0 0.0000000    0    0    0    0    0    0    0     0
[33,]    0 0.0000000    0    0    0    0    0    0    0     0
[34,]    0 0.9336460    0    0    0    0    0    0    0     0
[35,]    0 0.0000000    0    0    0    0    0    0    0     0
[36,]    0 0.6507450    0    0    0    0    0    0    0     0
[37,]    0 0.6507450    0    0    0    0    0    0    0     0
[38,]    0 0.0000000    0    0    0    0    0    0    0     0
[39,]    0 0.0000000    0    0    0    0    0    0    0     0
[40,]    0 0.0000000    0    0    0    0    0    0    0     0
[41,]    0 0.0000000    0    0    0    0    0    0    0     0
[42,]    0 0.0000000    0    0    0    0    0    0    0     0
[43,]    0 0.9336460    0    0    0    0    0    0    0     0
[44,]    0 0.0000000    0    0    0    0    0    0    0     0
[45,]    0 0.0000000    0    0    0    0    0    0    0     0
[46,]    0 0.0000000    0    0    0    0    0    0    0     0
[47,]    0 0.1226147    0    0    0    0    0    0    0     0
[48,]    0 0.6507450    0    0    0    0    0    0    0     0
[49,]    0 0.0000000    0    0    0    0    0    0    0     0
[50,]    0 0.0000000    0    0    0    0    0    0    0     0

$Ndateboots
      [,1]      [,2] [,3] [,4] [,5] [,6] [,7] [,8] [,9] [,10]
 [1,]    0 13.888889    0    0    0    0    0    0    0     0
 [2,]    0 16.666667    0    0    0    0    0    0    0     0
 [3,]    0 16.666667    0    0    0    0    0    0    0     0
 [4,]    0  0.000000    0    0    0    0    0    0    0     0
 [5,]    0  0.000000    0    0    0    0    0    0    0     0
 [6,]    0 13.888889    0    0    0    0    0    0    0     0
 [7,]    0 13.888889    0    0    0    0    0    0    0     0
 [8,]    0  8.333333    0    0    0    0    0    0    0     0
 [9,]    0  0.000000    0    0    0    0    0    0    0     0
[10,]    0  5.555556    0    0    0    0    0    0    0     0
[11,]    0 13.888889    0    0    0    0    0    0    0     0
[12,]    0  0.000000    0    0    0    0    0    0    0     0
[13,]    0  8.333333    0    0    0    0    0    0    0     0
[14,]    0  0.000000    0    0    0    0    0    0    0     0
[15,]    0 11.111111    0    0    0    0    0    0    0     0
[16,]    0  0.000000    0    0    0    0    0    0    0     0
[17,]    0 13.888889    0    0    0    0    0    0    0     0
[18,]    0  0.000000    0    0    0    0    0    0    0     0
[19,]    0  0.000000    0    0    0    0    0    0    0     0
[20,]    0  0.000000    0    0    0    0    0    0    0     0
[21,]    0  0.000000    0    0    0    0    0    0    0     0
[22,]    0  0.000000    0    0    0    0    0    0    0     0
[23,]    0  0.000000    0    0    0    0    0    0    0     0
[24,]    0  8.333333    0    0    0    0    0    0    0     0
[25,]    0  0.000000    0    0    0    0    0    0    0     0
[26,]    0 13.888889    0    0    0    0    0    0    0     0
[27,]    0  0.000000    0    0    0    0    0    0    0     0
[28,]    0  0.000000    0    0    0    0    0    0    0     0
[29,]    0  0.000000    0    0    0    0    0    0    0     0
[30,]    0  0.000000    0    0    0    0    0    0    0     0
[31,]    0  0.000000    0    0    0    0    0    0    0     0
[32,]    0  0.000000    0    0    0    0    0    0    0     0
[33,]    0  0.000000    0    0    0    0    0    0    0     0
[34,]    0 13.888889    0    0    0    0    0    0    0     0
[35,]    0  0.000000    0    0    0    0    0    0    0     0
[36,]    0 11.111111    0    0    0    0    0    0    0     0
[37,]    0 11.111111    0    0    0    0    0    0    0     0
[38,]    0  0.000000    0    0    0    0    0    0    0     0
[39,]    0  0.000000    0    0    0    0    0    0    0     0
[40,]    0  0.000000    0    0    0    0    0    0    0     0
[41,]    0  0.000000    0    0    0    0    0    0    0     0
[42,]    0  0.000000    0    0    0    0    0    0    0     0
[43,]    0 13.888889    0    0    0    0    0    0    0     0
[44,]    0  0.000000    0    0    0    0    0    0    0     0
[45,]    0  0.000000    0    0    0    0    0    0    0     0
[46,]    0  0.000000    0    0    0    0    0    0    0     0
[47,]    0  2.777778    0    0    0    0    0    0    0     0
[48,]    0 11.111111    0    0    0    0    0    0    0     0
[49,]    0  0.000000    0    0    0    0    0    0    0     0
[50,]    0  0.000000    0    0    0    0    0    0    0     0

