$totdays
[1] 365

$Psampest
[1] NA

$Pbootest
     Mean      2.5%       50%     97.5% 
 2.574604  0.000000  0.000000 13.295205 

$Pboots
 [1] 12.47458603  0.00000000  0.00000000  0.00000000  0.43175769  8.80431503  0.00000000
 [8]  5.53335467  0.00000000  0.21587884  8.72693175 13.53344938  0.00000000  0.00000000
[15]  0.00000000  0.05557876  0.00000000  0.00000000  1.52293724  0.00000000  0.00000000
[22]  0.00000000  0.00000000  2.93870395  0.00000000  0.00000000  3.59856915 10.85930415
[29]  0.00000000  0.00000000  2.06053507 19.41476743  0.00000000  0.00000000  0.00000000
[36]  0.11115751  0.00000000  0.00000000  0.00000000  0.00000000  0.00000000  0.64763653
[43]  0.00000000  7.52877591 11.69136310  8.07058263 10.51003543  0.00000000  0.00000000
[50]  0.00000000

$Bboots
 [1] 3.30650980 0.00000000 0.00000000 0.00000000 0.15986571 2.33367008 0.00000000
 [8] 1.36532572 0.00000000 0.07993286 2.35858380 3.50447028 0.00000000 0.00000000
[15] 0.00000000 0.01781487 0.00000000 0.00000000 0.25919433 0.00000000 0.00000000
[22] 0.00000000 0.00000000 0.25919433 0.00000000 0.00000000 0.98652574 2.92378924
[29] 0.00000000 0.00000000 0.85692857 4.63674653 0.00000000 0.00000000 0.00000000
[36] 0.03562973 0.00000000 0.00000000 0.00000000 0.00000000 0.00000000 0.23979857
[43] 0.00000000 2.01828997 1.95618130 2.13918784 2.26179153 0.00000000 0.00000000
[50] 0.00000000

$Nboots
 [1] 5.32407407 0.00000000 0.00000000 0.00000000 1.85185185 4.28240741 0.00000000
 [8] 1.62037037 0.00000000 0.92592593 6.13425926 4.60069444 0.00000000 0.00000000
[15] 0.00000000 0.09920635 0.00000000 0.00000000 0.34722222 0.00000000 0.00000000
[22] 0.00000000 0.00000000 0.34722222 0.00000000 0.00000000 0.63657407 6.65509259
[29] 0.00000000 0.00000000 0.46296296 8.15972222 0.00000000 0.00000000 0.00000000
[36] 0.19841270 0.00000000 0.00000000 0.00000000 0.00000000 0.00000000 2.77777778
[43] 0.00000000 4.36921296 2.60416667 3.53009259 2.95138889 0.00000000 0.00000000
[50] 0.00000000

$julians
[1] 2008 2040 2085 2141 2278 2283 2333 2362 2399

$intdays
[1]  32  45  56 137   5  50  29  37 -26

$Pintsampest
[1] NA NA NA NA NA NA NA NA NA

$Pintboots
           [,1]      [,2]      [,3]     [,4]       [,5]     [,6]     [,7]       [,8]
 [1,]        NA 12.474586        NA       NA         NA       NA       NA         NA
 [2,]        NA        NA        NA       NA         NA       NA       NA         NA
 [3,]        NA        NA        NA       NA         NA       NA       NA         NA
 [4,]        NA        NA        NA       NA         NA       NA       NA         NA
 [5,] 0.4317577        NA        NA       NA         NA       NA       NA         NA
 [6,]        NA  8.804315        NA       NA         NA       NA       NA         NA
 [7,]        NA        NA        NA       NA         NA       NA       NA         NA
 [8,] 0.2158788        NA        NA       NA         NA 5.317476       NA         NA
 [9,]        NA        NA        NA       NA         NA       NA       NA         NA
[10,] 0.2158788        NA        NA       NA         NA 0.000000       NA         NA
[11,] 0.4317577  8.295174        NA       NA         NA       NA       NA         NA
[12,]        NA  9.988465        NA       NA         NA 3.544984       NA         NA
[13,]        NA        NA        NA       NA         NA       NA       NA         NA
[14,]        NA        NA        NA       NA         NA       NA       NA         NA
[15,]        NA        NA        NA       NA         NA       NA       NA         NA
[16,]        NA        NA        NA       NA         NA       NA       NA 0.05557876
[17,]        NA        NA        NA       NA         NA       NA       NA         NA
[18,]        NA        NA        NA       NA         NA       NA       NA         NA
[19,]        NA        NA        NA 1.469352 0.05358527       NA       NA         NA
[20,]        NA        NA        NA       NA         NA       NA       NA         NA
[21,]        NA        NA        NA       NA         NA       NA       NA         NA
[22,]        NA        NA        NA       NA         NA       NA       NA         NA
[23,]        NA        NA        NA       NA         NA       NA       NA 0.00000000
[24,]        NA        NA        NA 2.938704         NA       NA       NA         NA
[25,]        NA        NA        NA       NA         NA       NA       NA         NA
[26,]        NA        NA        NA       NA         NA       NA       NA         NA
[27,]        NA        NA        NA       NA 0.05358527 3.544984       NA         NA
[28,] 0.4317577 10.427546        NA       NA         NA       NA       NA         NA
[29,]        NA        NA        NA       NA         NA       NA       NA         NA
[30,]        NA        NA        NA       NA         NA       NA       NA         NA
[31,]        NA        NA        NA 0.000000         NA       NA 2.060535         NA
[32,]        NA  9.198948 10.215820       NA         NA       NA       NA         NA
[33,]        NA        NA        NA       NA         NA       NA       NA         NA
[34,]        NA        NA        NA       NA         NA       NA       NA         NA
[35,]        NA        NA        NA       NA         NA       NA       NA         NA
[36,]        NA        NA        NA       NA         NA       NA       NA 0.11115751
[37,]        NA        NA        NA       NA         NA       NA       NA         NA
[38,]        NA        NA        NA       NA         NA       NA       NA         NA
[39,]        NA        NA        NA       NA         NA       NA       NA         NA
[40,]        NA        NA        NA       NA         NA       NA       NA         NA
[41,]        NA        NA        NA       NA         NA       NA       NA         NA
[42,] 0.6476365        NA        NA       NA         NA       NA       NA         NA
[43,]        NA        NA        NA       NA         NA       NA       NA 0.00000000
[44,] 0.2158788  7.312897        NA       NA         NA       NA       NA         NA
[45,]        NA        NA  7.283307 4.408056         NA       NA       NA         NA
[46,]        NA  8.070583        NA       NA         NA       NA       NA         NA
[47,]        NA        NA 10.510035       NA         NA       NA       NA         NA
[48,]        NA        NA        NA       NA         NA       NA       NA         NA
[49,]        NA        NA        NA       NA         NA       NA       NA         NA
[50,]        NA        NA        NA       NA         NA       NA       NA         NA
      [,9]
 [1,]   NA
 [2,]   NA
 [3,]   NA
 [4,]   NA
 [5,]   NA
 [6,]   NA
 [7,]   NA
 [8,]   NA
 [9,]   NA
[10,]   NA
[11,]   NA
[12,]   NA
[13,]   NA
[14,]   NA
[15,]   NA
[16,]   NA
[17,]   NA
[18,]   NA
[19,]   NA
[20,]   NA
[21,]   NA
[22,]   NA
[23,]   NA
[24,]   NA
[25,]   NA
[26,]   NA
[27,]   NA
[28,]   NA
[29,]   NA
[30,]   NA
[31,]   NA
[32,]   NA
[33,]   NA
[34,]   NA
[35,]   NA
[36,]   NA
[37,]   NA
[38,]   NA
[39,]   NA
[40,]   NA
[41,]   NA
[42,]   NA
[43,]   NA
[44,]   NA
[45,]   NA
[46,]   NA
[47,]   NA
[48,]   NA
[49,]   NA
[50,]   NA

$Bdatesampinfo
      DATE JULIAN N Mean Stdev
1 07/01/11   2008 4   NA    NA
2 08/02/11   2040 3   NA    NA
3 09/16/11   2085 8   NA    NA
4 11/11/11   2141 5   NA    NA
5 03/27/12   2278 4   NA    NA
6 04/01/12   2283 2   NA    NA
7 05/21/12   2333 3   NA    NA
8 06/19/12   2362 5   NA    NA
9 07/26/12   2399 7   NA    NA

$Ndatesampinfo
      DATE JULIAN N Mean Stdev
1 07/01/11   2008 4   NA    NA
2 08/02/11   2040 3   NA    NA
3 09/16/11   2085 8   NA    NA
4 11/11/11   2141 5   NA    NA
5 03/27/12   2278 4   NA    NA
6 04/01/12   2283 2   NA    NA
7 05/21/12   2333 3   NA    NA
8 06/19/12   2362 5   NA    NA
9 07/26/12   2399 7   NA    NA

$Bdateboots
      [,1]     [,2]     [,3] [,4]     [,5] [,6]      [,7] [,8]      [,9]
 [1,]    0 2.557851 50.34631    0 0.000000    0  0.000000    0 0.8551136
 [2,]    0 2.557851  0.00000    0 0.000000    0  0.000000    0 0.2850379
 [3,]    0 0.000000 31.75939    0 6.220664    0  6.855429    0 0.0000000
 [4,]    0 0.000000  0.00000    0 0.000000    0  0.000000    0 0.0000000
 [5,]    0 2.557851  0.00000    0 0.000000    0  0.000000    0 0.0000000
 [6,]    0 2.557851 34.78087    0 0.000000    0  0.000000    0 0.0000000
 [7,]    0 0.000000  0.00000    0 2.073555    0  0.000000    0 0.5700757
 [8,]    0 1.278926  0.00000    0 0.000000    0 20.566286    0 0.0000000
 [9,]    0 0.000000  0.00000    0 0.000000    0  0.000000    0 0.0000000
[10,]    0 1.278926  0.00000    0 0.000000    0  0.000000    0 0.0000000
[11,]    0 2.557851 32.62164    0 0.000000    0  0.000000    0 0.0000000
[12,]    0 1.278926 41.08174    0 0.000000    0 13.710857    0 0.5700757
[13,]    0 0.000000 43.88138    0 0.000000    0  0.000000    0 0.0000000
[14,]    0 0.000000  0.00000    0 0.000000    0  6.855429    0 0.8551136
[15,]    0 0.000000  0.00000    0 0.000000    0  0.000000    0 0.0000000
[16,]    0 0.000000  0.00000    0 0.000000    0  0.000000    0 0.2850379
[17,]    0 0.000000  0.00000    0 0.000000    0  0.000000    0 0.0000000
[18,]    0 0.000000  0.00000    0 0.000000    0  0.000000    0 0.0000000
[19,]    0 0.000000  0.00000    0 2.073555    0  0.000000    0 0.5700757
[20,]    0 0.000000  0.00000    0 4.147109    0  0.000000    0 0.0000000
[21,]    0 1.278926  0.00000    0 4.147109    0  0.000000    0 0.0000000
[22,]    0 0.000000  0.00000    0 0.000000    0  6.855429    0 0.0000000
[23,]    0 0.000000  0.00000    0 0.000000    0  0.000000    0 0.0000000
[24,]    0 0.000000  0.00000    0 4.147109    0  6.855429    0 0.0000000
[25,]    0 0.000000 40.51179    0 0.000000    0  0.000000    0 0.0000000
[26,]    0 0.000000 38.55216    0 4.147109    0  0.000000    0 0.2850379
[27,]    0 0.000000  0.00000    0 2.073555    0 13.710857    0 0.0000000
[28,]    0 2.557851 41.66492    0 4.147109    0  0.000000    0 0.2850379
[29,]    0 3.836777  0.00000    0 0.000000    0  0.000000    0 0.0000000
[30,]    0 0.000000  0.00000    0 0.000000    0  6.855429    0 0.0000000
[31,]    0 0.000000  0.00000    0 0.000000    0 13.710857    0 0.0000000
[32,]    0 3.836777 35.17558    0 0.000000    0 13.710857    0 0.0000000
[33,]    0 0.000000  0.00000    0 0.000000    0  0.000000    0 0.0000000
[34,]    0 2.557851  0.00000    0 0.000000    0  0.000000    0 0.0000000
[35,]    0 0.000000  0.00000    0 2.073555    0  0.000000    0 0.0000000
[36,]    0 0.000000 48.07413    0 6.220664    0  0.000000    0 0.5700757
[37,]    0 2.557851  0.00000    0 0.000000    0  0.000000    0 0.0000000
[38,]    0 0.000000  0.00000    0 0.000000    0  0.000000    0 0.0000000
[39,]    0 0.000000 26.16776    0 0.000000    0  0.000000    0 0.0000000
[40,]    0 0.000000 29.32113    0 0.000000    0  0.000000    0 0.0000000
[41,]    0 0.000000  0.00000    0 0.000000    0  0.000000    0 0.2850379
[42,]    0 3.836777  0.00000    0 6.220664    0  0.000000    0 0.0000000
[43,]    0 0.000000 42.00761    0 0.000000    0  0.000000    0 0.0000000
[44,]    0 1.278926 29.73479    0 0.000000    0  0.000000    0 0.0000000
[45,]    0 0.000000 25.07824    0 6.220664    0 13.710857    0 0.0000000
[46,]    0 1.278926 32.94808    0 0.000000    0  0.000000    0 0.0000000
[47,]    0 0.000000 36.18866    0 0.000000    0  0.000000    0 0.0000000
[48,]    0 0.000000  0.00000    0 0.000000    0  0.000000    0 0.0000000
[49,]    0 0.000000  0.00000    0 0.000000    0  0.000000    0 0.2850379
[50,]    0 0.000000 27.05438    0 2.073555    0  0.000000    0 0.0000000

$Ndateboots
      [,1]     [,2]     [,3] [,4]     [,5] [,6]      [,7] [,8]     [,9]
 [1,]    0 29.62963 55.55556    0 0.000000    0  0.000000    0 4.761905
 [2,]    0 29.62963  0.00000    0 0.000000    0  0.000000    0 1.587302
 [3,]    0  0.00000 40.27778    0 8.333333    0  3.703704    0 0.000000
 [4,]    0  0.00000  0.00000    0 0.000000    0  0.000000    0 0.000000
 [5,]    0 29.62963  0.00000    0 0.000000    0  0.000000    0 0.000000
 [6,]    0 29.62963 38.88889    0 0.000000    0  0.000000    0 0.000000
 [7,]    0  0.00000  0.00000    0 2.777778    0  0.000000    0 3.174603
 [8,]    0 14.81481  0.00000    0 0.000000    0 11.111111    0 0.000000
 [9,]    0  0.00000  0.00000    0 0.000000    0  0.000000    0 0.000000
[10,]    0 14.81481  0.00000    0 0.000000    0  0.000000    0 0.000000
[11,]    0 29.62963 38.88889    0 0.000000    0  0.000000    0 0.000000
[12,]    0 14.81481 51.38889    0 0.000000    0  7.407407    0 3.174603
[13,]    0  0.00000 45.83333    0 0.000000    0  0.000000    0 0.000000
[14,]    0  0.00000  0.00000    0 0.000000    0  3.703704    0 4.761905
[15,]    0  0.00000  0.00000    0 0.000000    0  0.000000    0 0.000000
[16,]    0  0.00000  0.00000    0 0.000000    0  0.000000    0 1.587302
[17,]    0  0.00000  0.00000    0 0.000000    0  0.000000    0 0.000000
[18,]    0  0.00000  0.00000    0 0.000000    0  0.000000    0 0.000000
[19,]    0  0.00000  0.00000    0 2.777778    0  0.000000    0 3.174603
[20,]    0  0.00000  0.00000    0 5.555556    0  0.000000    0 0.000000
[21,]    0 14.81481  0.00000    0 5.555556    0  0.000000    0 0.000000
[22,]    0  0.00000  0.00000    0 0.000000    0  3.703704    0 0.000000
[23,]    0  0.00000  0.00000    0 0.000000    0  0.000000    0 0.000000
[24,]    0  0.00000  0.00000    0 5.555556    0  3.703704    0 0.000000
[25,]    0  0.00000 47.22222    0 0.000000    0  0.000000    0 0.000000
[26,]    0  0.00000 45.83333    0 5.555556    0  0.000000    0 1.587302
[27,]    0  0.00000  0.00000    0 2.777778    0  7.407407    0 0.000000
[28,]    0 29.62963 47.22222    0 5.555556    0  0.000000    0 1.587302
[29,]    0 44.44444  0.00000    0 0.000000    0  0.000000    0 0.000000
[30,]    0  0.00000  0.00000    0 0.000000    0  3.703704    0 0.000000
[31,]    0  0.00000  0.00000    0 0.000000    0  7.407407    0 0.000000
[32,]    0 44.44444 43.05556    0 0.000000    0  7.407407    0 0.000000
[33,]    0  0.00000  0.00000    0 0.000000    0  0.000000    0 0.000000
[34,]    0 29.62963  0.00000    0 0.000000    0  0.000000    0 0.000000
[35,]    0  0.00000  0.00000    0 2.777778    0  0.000000    0 0.000000
[36,]    0  0.00000 55.55556    0 8.333333    0  0.000000    0 3.174603
[37,]    0 29.62963  0.00000    0 0.000000    0  0.000000    0 0.000000
[38,]    0  0.00000  0.00000    0 0.000000    0  0.000000    0 0.000000
[39,]    0  0.00000 31.94444    0 0.000000    0  0.000000    0 0.000000
[40,]    0  0.00000 33.33333    0 0.000000    0  0.000000    0 0.000000
[41,]    0  0.00000  0.00000    0 0.000000    0  0.000000    0 1.587302
[42,]    0 44.44444  0.00000    0 8.333333    0  0.000000    0 0.000000
[43,]    0  0.00000 51.38889    0 0.000000    0  0.000000    0 0.000000
[44,]    0 14.81481 40.27778    0 0.000000    0  0.000000    0 0.000000
[45,]    0  0.00000 33.33333    0 8.333333    0  7.407407    0 0.000000
[46,]    0 14.81481 41.66667    0 0.000000    0  0.000000    0 0.000000
[47,]    0  0.00000 47.22222    0 0.000000    0  0.000000    0 0.000000
[48,]    0  0.00000  0.00000    0 0.000000    0  0.000000    0 0.000000
[49,]    0  0.00000  0.00000    0 0.000000    0  0.000000    0 1.587302
[50,]    0  0.00000 29.16667    0 2.777778    0  0.000000    0 0.000000

