$totdays
[1] 391

$Psampest
[1] NA

$Pbootest
    Mean     2.5%      50%    97.5% 
1.536219 0.000000 0.000000 7.949974 

$Pboots
 [1]  0.0000000  2.0743753  0.0000000  0.0000000  8.2067472  0.0000000  0.0000000
 [8]  2.8210406  0.0000000  0.0000000  0.0000000  5.9320501  0.0000000  0.1370453
[15]  0.0903350  0.0000000  0.0000000  1.4287341 13.9892830  0.0000000  0.0000000
[22]  0.0000000  4.2862024  0.0000000  0.0000000  6.3701842  0.1957545  4.4442290
[29]  0.0000000  0.0000000  0.0000000  0.0000000  0.0451675  0.0000000  7.0655336
[36]  6.9304610  4.7422692  0.0000000  5.4302101  0.0000000  0.0000000  0.0000000
[43]  0.0000000  0.0000000  0.0000000  0.0000000  2.6213046  0.0000000  0.0000000
[50]  0.0000000

$Bboots
 [1] 0.00000000 0.50240156 0.00000000 0.00000000 2.31885281 0.00000000 0.00000000
 [8] 0.53964298 0.00000000 0.00000000 0.00000000 1.46308028 0.00000000 0.04510525
[15] 0.02973164 0.00000000 0.00000000 0.16863375 4.28792657 0.00000000 0.00000000
[22] 0.00000000 0.50590124 0.00000000 0.00000000 2.45529153 0.06442799 0.95287257
[29] 0.00000000 0.00000000 0.00000000 0.00000000 0.01486582 0.00000000 1.90574514
[36] 1.11639800 1.00576103 0.00000000 0.82941090 0.00000000 0.00000000 0.00000000
[43] 0.00000000 0.00000000 0.00000000 0.00000000 0.95287257 0.00000000 0.00000000
[50] 0.00000000

$Nboots
 [1] 0.0000000 3.0401235 0.0000000 0.0000000 4.7325103 0.0000000 0.0000000 1.5689300
 [9] 0.0000000 0.0000000 0.0000000 2.9835391 0.0000000 1.6049383 0.4938272 0.0000000
[17] 0.0000000 0.1028807 1.8518519 0.0000000 0.0000000 0.0000000 0.3086420 0.0000000
[25] 0.0000000 4.3827160 1.7283951 0.4115226 0.0000000 0.0000000 0.0000000 0.0000000
[33] 0.2469136 0.0000000 0.8230453 2.1090535 5.2469136 0.0000000 1.1831276 0.0000000
[41] 0.0000000 0.0000000 0.0000000 0.0000000 0.0000000 0.0000000 0.4115226 0.0000000
[49] 0.0000000 0.0000000

$julians
 [1] 2008 2040 2085 2141 2232 2278 2283 2333 2362 2399

$intdays
[1] 32 45 56 91 46  5 50 29 37

$Pintsampest
[1] NA NA NA NA NA NA NA NA NA

$Pintboots
            [,1]      [,2]     [,3]     [,4]     [,5]      [,6]     [,7]     [,8] [,9]
 [1,]         NA        NA       NA       NA       NA        NA       NA       NA   NA
 [2,] 0.14604445 1.9283308       NA       NA       NA        NA       NA       NA   NA
 [3,]         NA        NA       NA       NA       NA        NA       NA       NA   NA
 [4,]         NA        NA       NA       NA       NA        NA       NA       NA    0
 [5,]         NA 1.6203299 2.654460       NA       NA        NA       NA 3.931957   NA
 [6,]         NA        NA       NA       NA       NA        NA       NA       NA   NA
 [7,]         NA        NA       NA       NA       NA        NA       NA       NA   NA
 [8,]         NA        NA 2.821041       NA       NA        NA       NA       NA   NA
 [9,]         NA        NA       NA       NA       NA        NA       NA       NA   NA
[10,]         NA        NA       NA       NA       NA        NA       NA       NA   NA
[11,]         NA        NA       NA       NA       NA        NA       NA       NA   NA
[12,]         NA 0.9629911 1.844834 1.428734 1.529192 0.1662991       NA       NA   NA
[13,]         NA        NA       NA       NA       NA        NA       NA       NA   NA
[14,] 0.13704531        NA       NA       NA       NA        NA       NA       NA   NA
[15,] 0.09033500        NA       NA       NA       NA        NA       NA       NA   NA
[16,]         NA        NA       NA       NA       NA        NA       NA       NA   NA
[17,]         NA        NA       NA       NA 0.000000        NA       NA       NA   NA
[18,]         NA        NA       NA 1.428734       NA        NA       NA       NA   NA
[19,]         NA        NA       NA       NA 3.058384 0.3325982 6.666344 3.931957   NA
[20,]         NA        NA       NA       NA       NA        NA       NA       NA   NA
[21,]         NA        NA       NA       NA       NA        NA       NA       NA   NA
[22,]         NA        NA       NA       NA       NA        NA       NA       NA   NA
[23,]         NA        NA       NA 4.286202       NA        NA       NA       NA   NA
[24,]         NA        NA       NA       NA       NA        NA       NA       NA   NA
[25,]         NA        NA       NA       NA       NA        NA       NA       NA   NA
[26,] 0.09487753 1.1888329       NA       NA 4.587576 0.4988974       NA       NA   NA
[27,] 0.19575448        NA       NA       NA       NA        NA       NA       NA   NA
[28,]         NA        NA       NA       NA       NA        NA 4.444229       NA   NA
[29,]         NA        NA       NA       NA       NA        NA       NA       NA   NA
[30,]         NA        NA       NA       NA       NA        NA       NA       NA   NA
[31,]         NA        NA       NA       NA       NA        NA       NA       NA    0
[32,]         NA        NA       NA       NA       NA        NA       NA       NA   NA
[33,] 0.04516750        NA       NA       NA       NA        NA       NA       NA   NA
[34,]         NA        NA       NA       NA       NA        NA       NA       NA    0
[35,]         NA        NA       NA       NA       NA        NA 4.444229 2.621305   NA
[36,]         NA        NA 4.072993 2.857468       NA        NA       NA       NA   NA
[37,]         NA 2.2248254 2.517444       NA       NA        NA       NA       NA   NA
[38,]         NA        NA       NA       NA       NA        NA       NA       NA    0
[39,]         NA        NA 2.572742 2.857468       NA        NA       NA       NA   NA
[40,]         NA        NA       NA       NA       NA        NA       NA       NA   NA
[41,]         NA        NA       NA       NA       NA        NA       NA       NA    0
[42,]         NA        NA       NA       NA       NA        NA       NA       NA   NA
[43,]         NA        NA       NA       NA       NA        NA       NA       NA   NA
[44,]         NA        NA       NA       NA       NA        NA       NA       NA   NA
[45,]         NA        NA       NA       NA       NA        NA       NA       NA   NA
[46,]         NA        NA       NA       NA       NA        NA       NA       NA   NA
[47,]         NA        NA       NA       NA       NA        NA       NA 2.621305   NA
[48,]         NA        NA       NA       NA       NA        NA       NA       NA   NA
[49,]         NA        NA       NA       NA       NA        NA       NA       NA   NA
[50,]         NA        NA       NA       NA       NA        NA       NA       NA   NA

$Bdatesampinfo
       DATE JULIAN N Mean Stdev
1  07/01/11   2008 4   NA    NA
2  08/02/11   2040 5   NA    NA
3  09/16/11   2085 8   NA    NA
4  11/11/11   2141 6   NA    NA
5  02/10/12   2232 2   NA    NA
6  03/27/12   2278 4   NA    NA
7  04/01/12   2283 2   NA    NA
8  05/21/12   2333 3   NA    NA
9  06/19/12   2362 5   NA    NA
10 07/26/12   2399 7   NA    NA

$Ndatesampinfo
       DATE JULIAN N Mean Stdev
1  07/01/11   2008 4   NA    NA
2  08/02/11   2040 5   NA    NA
3  09/16/11   2085 8   NA    NA
4  11/11/11   2141 6   NA    NA
5  02/10/12   2232 2   NA    NA
6  03/27/12   2278 4   NA    NA
7  04/01/12   2283 2   NA    NA
8  05/21/12   2333 3   NA    NA
9  06/19/12   2362 5   NA    NA
10 07/26/12   2399 7   NA    NA

$Bdateboots
      [,1]      [,2]     [,3]     [,4] [,5]     [,6] [,7]      [,8] [,9] [,10]
 [1,]    0 0.3747206 0.000000 6.070815    0  0.00000    0  0.000000    0     0
 [2,]    0 0.8652076 7.312813 0.000000    0  0.00000    0  0.000000    0     0
 [3,]    0 0.7225298 0.000000 0.000000    0  0.00000    0  0.000000    0     0
 [4,]    0 0.0000000 1.990077 0.000000    0  0.00000    0  0.000000    0     0
 [5,]    0 0.7672122 6.104586 3.035407    0  0.00000    0 25.727559    0     0
 [6,]    0 0.7672122 0.000000 0.000000    0  0.00000    0  0.000000    0     0
 [7,]    0 0.4549450 0.000000 0.000000    0  0.00000    0  0.000000    0     0
 [8,]    0 0.0000000 6.678166 3.035407    0  0.00000    0  0.000000    0     0
 [9,]    0 0.0000000 3.839025 0.000000    0  0.00000    0  8.575853    0     0
[10,]    0 0.0000000 0.000000 0.000000    0 12.86378    0  0.000000    0     0
[11,]    0 0.0000000 0.000000 0.000000    0  0.00000    0  0.000000    0     0
[12,]    0 0.7672122 3.316819 3.035407    0  6.43189    0  0.000000    0     0
[13,]    0 0.0000000 0.000000 0.000000    0  6.43189    0  0.000000    0     0
[14,]    0 0.8118946 0.000000 0.000000    0  0.00000    0  0.000000    0     0
[15,]    0 0.5351695 0.000000 0.000000    0  0.00000    0  0.000000    0     0
[16,]    0 0.0000000 0.000000 0.000000    0  0.00000    0  0.000000    0     0
[17,]    0 0.0000000 0.000000 0.000000    0  0.00000    0  8.575853    0     0
[18,]    0 0.0000000 0.000000 3.035407    0  0.00000    0  0.000000    0     0
[19,]    0 0.0000000 6.447210 0.000000    0 12.86378    0 25.727559    0     0
[20,]    0 0.0000000 0.000000 0.000000    0  0.00000    0  0.000000    0     0
[21,]    0 0.0000000 8.251631 0.000000    0  0.00000    0  0.000000    0     0
[22,]    0 0.0000000 0.000000 0.000000    0  0.00000    0  0.000000    0     0
[23,]    0 0.0000000 0.000000 9.106222    0  0.00000    0  8.575853    0     0
[24,]    0 0.0000000 0.000000 0.000000    0 19.29567    0  0.000000    0     0
[25,]    0 0.0000000 2.563657 0.000000    0  0.00000    0  0.000000    0     0
[26,]    0 0.5620809 4.479747 0.000000    0 19.29567    0  0.000000    0     0
[27,]    0 1.1597037 0.000000 0.000000    0  0.00000    0  0.000000    0     0
[28,]    0 0.0000000 4.137122 0.000000    0  0.00000    0 17.151706    0     0
[29,]    0 0.0000000 4.137122 0.000000    0  6.43189    0  0.000000    0     0
[30,]    0 0.0000000 0.000000 0.000000    0  0.00000    0 17.151706    0     0
[31,]    0 0.0000000 3.137238 0.000000    0  0.00000    0  0.000000    0     0
[32,]    0 0.0000000 9.302890 0.000000    0  0.00000    0  0.000000    0     0
[33,]    0 0.2675847 0.000000 6.070815    0  6.43189    0  0.000000    0     0
[34,]    0 0.0000000 0.000000 0.000000    0  0.00000    0  0.000000    0     0
[35,]    0 0.7225298 0.000000 0.000000    0  0.00000    0 17.151706    0     0
[36,]    0 0.0000000 7.953534 6.070815    0  0.00000    0  0.000000    0     0
[37,]    0 0.7672122 8.668243 0.000000    0  6.43189    0  0.000000    0     0
[38,]    0 0.5173984 0.000000 0.000000    0  0.00000    0  0.000000    0     0
[39,]    0 0.0000000 2.787767 6.070815    0  0.00000    0  0.000000    0     0
[40,]    0 0.0000000 0.000000 0.000000    0 19.29567    0  0.000000    0     0
[41,]    0 0.0000000 0.000000 6.070815    0  0.00000    0  0.000000    0     0
[42,]    0 0.0000000 0.000000 0.000000    0  0.00000    0  0.000000    0     0
[43,]    0 0.0000000 6.857748 0.000000    0  0.00000    0 17.151706    0     0
[44,]    0 0.0000000 0.000000 6.070815    0 12.86378    0 17.151706    0     0
[45,]    0 0.0000000 0.000000 0.000000    0  0.00000    0  0.000000    0     0
[46,]    0 0.0000000 6.678166 0.000000    0  0.00000    0  0.000000    0     0
[47,]    0 0.4371740 0.000000 0.000000    0 12.86378    0 17.151706    0     0
[48,]    0 0.0000000 0.000000 0.000000    0  0.00000    0  0.000000    0     0
[49,]    0 0.0000000 0.000000 0.000000    0  6.43189    0  0.000000    0     0
[50,]    0 0.0000000 8.482587 0.000000    0  0.00000    0  0.000000    0     0

$Ndateboots
      [,1]      [,2]      [,3]     [,4] [,5]     [,6] [,7]      [,8] [,9] [,10]
 [1,]    0 13.333333  0.000000 3.703704    0 0.000000    0  0.000000    0     0
 [2,]    0 15.555556 23.611111 0.000000    0 0.000000    0  0.000000    0     0
 [3,]    0 15.555556  0.000000 0.000000    0 0.000000    0  0.000000    0     0
 [4,]    0  0.000000  9.722222 0.000000    0 0.000000    0  0.000000    0     0
 [5,]    0 22.222222 25.000000 1.851852    0 0.000000    0 11.111111    0     0
 [6,]    0 22.222222  0.000000 0.000000    0 0.000000    0  0.000000    0     0
 [7,]    0 11.111111  0.000000 0.000000    0 0.000000    0  0.000000    0     0
 [8,]    0  0.000000 26.388889 1.851852    0 0.000000    0  0.000000    0     0
 [9,]    0  0.000000 15.277778 0.000000    0 0.000000    0  3.703704    0     0
[10,]    0  0.000000  0.000000 0.000000    0 5.555556    0  0.000000    0     0
[11,]    0  0.000000  0.000000 0.000000    0 0.000000    0  0.000000    0     0
[12,]    0 22.222222 11.111111 1.851852    0 2.777778    0  0.000000    0     0
[13,]    0  0.000000  0.000000 0.000000    0 2.777778    0  0.000000    0     0
[14,]    0 28.888889  0.000000 0.000000    0 0.000000    0  0.000000    0     0
[15,]    0  8.888889  0.000000 0.000000    0 0.000000    0  0.000000    0     0
[16,]    0  0.000000  0.000000 0.000000    0 0.000000    0  0.000000    0     0
[17,]    0  0.000000  0.000000 0.000000    0 0.000000    0  3.703704    0     0
[18,]    0  0.000000  0.000000 1.851852    0 0.000000    0  0.000000    0     0
[19,]    0  0.000000 30.555556 0.000000    0 5.555556    0 11.111111    0     0
[20,]    0  0.000000  0.000000 0.000000    0 0.000000    0  0.000000    0     0
[21,]    0  0.000000 31.944444 0.000000    0 0.000000    0  0.000000    0     0
[22,]    0  0.000000  0.000000 0.000000    0 0.000000    0  0.000000    0     0
[23,]    0  0.000000  0.000000 5.555556    0 0.000000    0  3.703704    0     0
[24,]    0  0.000000  0.000000 0.000000    0 8.333333    0  0.000000    0     0
[25,]    0  0.000000 11.111111 0.000000    0 0.000000    0  0.000000    0     0
[26,]    0 20.000000 22.222222 0.000000    0 8.333333    0  0.000000    0     0
[27,]    0 31.111111  0.000000 0.000000    0 0.000000    0  0.000000    0     0
[28,]    0  0.000000 16.666667 0.000000    0 0.000000    0  7.407407    0     0
[29,]    0  0.000000 16.666667 0.000000    0 2.777778    0  0.000000    0     0
[30,]    0  0.000000  0.000000 0.000000    0 0.000000    0  7.407407    0     0
[31,]    0  0.000000 12.500000 0.000000    0 0.000000    0  0.000000    0     0
[32,]    0  0.000000 33.333333 0.000000    0 0.000000    0  0.000000    0     0
[33,]    0  4.444444  0.000000 3.703704    0 2.777778    0  0.000000    0     0
[34,]    0  0.000000  0.000000 0.000000    0 0.000000    0  0.000000    0     0
[35,]    0 15.555556  0.000000 0.000000    0 0.000000    0  7.407407    0     0
[36,]    0  0.000000 30.555556 3.703704    0 0.000000    0  0.000000    0     0
[37,]    0 22.222222 36.111111 0.000000    0 2.777778    0  0.000000    0     0
[38,]    0 13.333333  0.000000 0.000000    0 0.000000    0  0.000000    0     0
[39,]    0  0.000000 13.888889 3.703704    0 0.000000    0  0.000000    0     0
[40,]    0  0.000000  0.000000 0.000000    0 8.333333    0  0.000000    0     0
[41,]    0  0.000000  0.000000 3.703704    0 0.000000    0  0.000000    0     0
[42,]    0  0.000000  0.000000 0.000000    0 0.000000    0  0.000000    0     0
[43,]    0  0.000000 25.000000 0.000000    0 0.000000    0  7.407407    0     0
[44,]    0  0.000000  0.000000 3.703704    0 5.555556    0  7.407407    0     0
[45,]    0  0.000000  0.000000 0.000000    0 0.000000    0  0.000000    0     0
[46,]    0  0.000000 26.388889 0.000000    0 0.000000    0  0.000000    0     0
[47,]    0 15.555556  0.000000 0.000000    0 5.555556    0  7.407407    0     0
[48,]    0  0.000000  0.000000 0.000000    0 0.000000    0  0.000000    0     0
[49,]    0  0.000000  0.000000 0.000000    0 2.777778    0  0.000000    0     0
[50,]    0  0.000000 27.777778 0.000000    0 0.000000    0  0.000000    0     0

