$totdays
[1] 391

$Psampest
[1] 0.4825524

$Pbootest
     Mean      2.5%       50%     97.5% 
1.4449165 0.0000000 0.9651048 5.0300935 

$Pboots
 [1] 6.8593219 0.4825524 0.4825524 0.4825524 3.5622456 0.0000000 0.4825524 0.0000000
 [9] 4.0447980 0.9651048 3.0796932 0.4825524 2.5971408 0.4825524 5.0300935 0.0000000
[17] 0.9651048 3.0796932 4.5475411 0.9651048 0.9651048 0.0000000 0.4825524 0.4825524
[25] 1.9302096 0.9651048 0.0000000 0.0000000 2.5971408 0.4825524 3.0796932 0.9651048
[33] 0.4825524 0.4825524 5.0300935 1.4476572 3.0796932 0.4825524 0.9651048 2.3117808
[41] 0.0000000 0.9651048 0.0000000 0.9651048 0.4825524 1.4476572 0.0000000 0.0000000
[49] 0.9651048 2.5971408

$Bboots
 [1] 1.5283763 0.1018918 0.1018918 0.1018918 0.9170258 0.0000000 0.1018918 0.0000000
 [9] 1.0189175 0.2037835 0.8151340 0.1018918 0.7132423 0.1018918 0.8151340 0.0000000
[17] 0.2037835 0.8151340 0.7132423 0.2037835 0.2037835 0.0000000 0.1018918 0.1018918
[25] 0.4075670 0.2037835 0.0000000 0.0000000 0.7132423 0.1018918 0.8151340 0.2037835
[33] 0.1018918 0.1018918 0.8151340 0.3056753 0.8151340 0.1018918 0.2037835 0.8151340
[41] 0.0000000 0.2037835 0.0000000 0.2037835 0.1018918 0.3056753 0.0000000 0.0000000
[49] 0.2037835 0.7132423

$Nboots
 [1] 34.391534  2.292769  2.292769  2.292769 20.634921  0.000000  2.292769  0.000000
 [9] 22.927690  4.585538 18.342152  2.292769 16.049383  2.292769 18.342152  0.000000
[17]  4.585538 18.342152 16.049383  4.585538  4.585538  0.000000  2.292769  2.292769
[25]  9.171076  4.585538  0.000000  0.000000 16.049383  2.292769 18.342152  4.585538
[33]  2.292769  2.292769 18.342152  6.878307 18.342152  2.292769  4.585538 18.342152
[41]  0.000000  4.585538  0.000000  4.585538  2.292769  6.878307  0.000000  0.000000
[49]  4.585538 16.049383

$julians
 [1] 2008 2040 2085 2141 2232 2278 2283 2333 2362 2399

$intdays
[1] 32 45 56 91 46  5 50 29 37

$Pintsampest
[1] 0.0000000 0.2162290 0.2663234 0.0000000 0.0000000 0.0000000 0.0000000 0.0000000
[9] 0.0000000

$Pintboots
          [,1]      [,2]      [,3]   [,4]     [,5]      [,6]     [,7] [,8] [,9]
 [1,] 0.000000 0.2162290 0.2663234 3.0214 1.526141 0.1659673 1.663261    0    0
 [2,] 0.000000 0.2162290 0.2663234 0.0000 0.000000 0.0000000 0.000000    0    0
 [3,] 0.000000 0.2162290 0.2663234 0.0000 0.000000 0.0000000 0.000000    0    0
 [4,] 0.000000 0.2162290 0.2663234 0.0000 0.000000 0.0000000 0.000000    0    0
 [5,] 1.083538 1.9460606 0.5326469 0.0000 0.000000 0.0000000 0.000000    0    0
 [6,] 0.000000 0.0000000 0.0000000 0.0000 0.000000 0.0000000 0.000000    0    0
 [7,] 0.000000 0.2162290 0.2663234 0.0000 0.000000 0.0000000 0.000000    0    0
 [8,] 0.000000 0.0000000 0.0000000 0.0000 0.000000 0.0000000 0.000000    0    0
 [9,] 1.083538 2.1622895 0.7989703 0.0000 0.000000 0.0000000 0.000000    0    0
[10,] 0.000000 0.4324579 0.5326469 0.0000 0.000000 0.0000000 0.000000    0    0
[11,] 1.083538 1.7298316 0.2663234 0.0000 0.000000 0.0000000 0.000000    0    0
[12,] 0.000000 0.2162290 0.2663234 0.0000 0.000000 0.0000000 0.000000    0    0
[13,] 1.083538 1.5136027 0.0000000 0.0000 0.000000 0.0000000 0.000000    0    0
[14,] 0.000000 0.2162290 0.2663234 0.0000 0.000000 0.0000000 0.000000    0    0
[15,] 0.000000 0.2162290 0.2663234 3.0214 1.526141 0.0000000 0.000000    0    0
[16,] 0.000000 0.0000000 0.0000000 0.0000 0.000000 0.0000000 0.000000    0    0
[17,] 0.000000 0.4324579 0.5326469 0.0000 0.000000 0.0000000 0.000000    0    0
[18,] 1.083538 1.7298316 0.2663234 0.0000 0.000000 0.0000000 0.000000    0    0
[19,] 0.000000 0.0000000 0.0000000 3.0214 1.526141 0.0000000 0.000000    0    0
[20,] 0.000000 0.4324579 0.5326469 0.0000 0.000000 0.0000000 0.000000    0    0
[21,] 0.000000 0.4324579 0.5326469 0.0000 0.000000 0.0000000 0.000000    0    0
[22,] 0.000000 0.0000000 0.0000000 0.0000 0.000000 0.0000000 0.000000    0    0
[23,] 0.000000 0.2162290 0.2663234 0.0000 0.000000 0.0000000 0.000000    0    0
[24,] 0.000000 0.2162290 0.2663234 0.0000 0.000000 0.0000000 0.000000    0    0
[25,] 0.000000 0.8649158 1.0652938 0.0000 0.000000 0.0000000 0.000000    0    0
[26,] 0.000000 0.4324579 0.5326469 0.0000 0.000000 0.0000000 0.000000    0    0
[27,] 0.000000 0.0000000 0.0000000 0.0000 0.000000 0.0000000 0.000000    0    0
[28,] 0.000000 0.0000000 0.0000000 0.0000 0.000000 0.0000000 0.000000    0    0
[29,] 1.083538 1.5136027 0.0000000 0.0000 0.000000 0.0000000 0.000000    0    0
[30,] 0.000000 0.2162290 0.2663234 0.0000 0.000000 0.0000000 0.000000    0    0
[31,] 1.083538 1.7298316 0.2663234 0.0000 0.000000 0.0000000 0.000000    0    0
[32,] 0.000000 0.4324579 0.5326469 0.0000 0.000000 0.0000000 0.000000    0    0
[33,] 0.000000 0.2162290 0.2663234 0.0000 0.000000 0.0000000 0.000000    0    0
[34,] 0.000000 0.2162290 0.2663234 0.0000 0.000000 0.0000000 0.000000    0    0
[35,] 0.000000 0.2162290 0.2663234 3.0214 1.526141 0.0000000 0.000000    0    0
[36,] 0.000000 0.6486869 0.7989703 0.0000 0.000000 0.0000000 0.000000    0    0
[37,] 1.083538 1.7298316 0.2663234 0.0000 0.000000 0.0000000 0.000000    0    0
[38,] 0.000000 0.2162290 0.2663234 0.0000 0.000000 0.0000000 0.000000    0    0
[39,] 0.000000 0.4324579 0.5326469 0.0000 0.000000 0.0000000 0.000000    0    0
[40,] 0.000000 0.2162290 0.2663234 0.0000 0.000000 0.1659673 1.663261    0    0
[41,] 0.000000 0.0000000 0.0000000 0.0000 0.000000 0.0000000 0.000000    0    0
[42,] 0.000000 0.4324579 0.5326469 0.0000 0.000000 0.0000000 0.000000    0    0
[43,] 0.000000 0.0000000 0.0000000 0.0000 0.000000 0.0000000 0.000000    0    0
[44,] 0.000000 0.4324579 0.5326469 0.0000 0.000000 0.0000000 0.000000    0    0
[45,] 0.000000 0.2162290 0.2663234 0.0000 0.000000 0.0000000 0.000000    0    0
[46,] 0.000000 0.6486869 0.7989703 0.0000 0.000000 0.0000000 0.000000    0    0
[47,] 0.000000 0.0000000 0.0000000 0.0000 0.000000 0.0000000 0.000000    0    0
[48,] 0.000000 0.0000000 0.0000000 0.0000 0.000000 0.0000000 0.000000    0    0
[49,] 0.000000 0.4324579 0.5326469 0.0000 0.000000 0.0000000 0.000000    0    0
[50,] 1.083538 1.5136027 0.0000000 0.0000 0.000000 0.0000000 0.000000    0    0

$Bdatesampinfo
       DATE JULIAN N      Mean    Stdev
1  07/01/11   2008 3 0.0000000 0.000000
2  08/02/11   2040 1 0.0000000       NA
3  09/16/11   2085 7 0.9170258 2.426222
4  11/11/11   2141 5 0.0000000 0.000000
5  02/10/12   2232 1 0.0000000       NA
6  03/27/12   2278 3 0.0000000 0.000000
7  04/01/12   2283 1 0.0000000       NA
8  05/21/12   2333 2 0.0000000 0.000000
9  06/19/12   2362 4 0.0000000 0.000000
10 07/26/12   2399 6 0.0000000 0.000000

$Ndatesampinfo
       DATE JULIAN N     Mean    Stdev
1  07/01/11   2008 3  0.00000  0.00000
2  08/02/11   2040 1  0.00000       NA
3  09/16/11   2085 7 20.63492 54.59487
4  11/11/11   2141 5  0.00000  0.00000
5  02/10/12   2232 1  0.00000       NA
6  03/27/12   2278 3  0.00000  0.00000
7  04/01/12   2283 1  0.00000       NA
8  05/21/12   2333 2  0.00000  0.00000
9  06/19/12   2362 4  0.00000  0.00000
10 07/26/12   2399 6  0.00000  0.00000

$Bdateboots
      [,1]    [,2]      [,3] [,4]    [,5] [,6]    [,7] [,8] [,9] [,10]
 [1,]    0 0.00000 0.9170258    0 6.41918    0 6.41918    0    0     0
 [2,]    0 0.00000 0.9170258    0 0.00000    0 0.00000    0    0     0
 [3,]    0 0.00000 0.9170258    0 0.00000    0 0.00000    0    0     0
 [4,]    0 0.00000 0.9170258    0 0.00000    0 0.00000    0    0     0
 [5,]    0 6.41918 1.8340515    0 0.00000    0 0.00000    0    0     0
 [6,]    0 0.00000 0.0000000    0 0.00000    0 0.00000    0    0     0
 [7,]    0 0.00000 0.9170258    0 0.00000    0 0.00000    0    0     0
 [8,]    0 0.00000 0.0000000    0 0.00000    0 0.00000    0    0     0
 [9,]    0 6.41918 2.7510773    0 0.00000    0 0.00000    0    0     0
[10,]    0 0.00000 1.8340515    0 0.00000    0 0.00000    0    0     0
[11,]    0 6.41918 0.9170258    0 0.00000    0 0.00000    0    0     0
[12,]    0 0.00000 0.9170258    0 0.00000    0 0.00000    0    0     0
[13,]    0 6.41918 0.0000000    0 0.00000    0 0.00000    0    0     0
[14,]    0 0.00000 0.9170258    0 0.00000    0 0.00000    0    0     0
[15,]    0 0.00000 0.9170258    0 6.41918    0 0.00000    0    0     0
[16,]    0 0.00000 0.0000000    0 0.00000    0 0.00000    0    0     0
[17,]    0 0.00000 1.8340515    0 0.00000    0 0.00000    0    0     0
[18,]    0 6.41918 0.9170258    0 0.00000    0 0.00000    0    0     0
[19,]    0 0.00000 0.0000000    0 6.41918    0 0.00000    0    0     0
[20,]    0 0.00000 1.8340515    0 0.00000    0 0.00000    0    0     0
[21,]    0 0.00000 1.8340515    0 0.00000    0 0.00000    0    0     0
[22,]    0 0.00000 0.0000000    0 0.00000    0 0.00000    0    0     0
[23,]    0 0.00000 0.9170258    0 0.00000    0 0.00000    0    0     0
[24,]    0 0.00000 0.9170258    0 0.00000    0 0.00000    0    0     0
[25,]    0 0.00000 3.6681030    0 0.00000    0 0.00000    0    0     0
[26,]    0 0.00000 1.8340515    0 0.00000    0 0.00000    0    0     0
[27,]    0 0.00000 0.0000000    0 0.00000    0 0.00000    0    0     0
[28,]    0 0.00000 0.0000000    0 0.00000    0 0.00000    0    0     0
[29,]    0 6.41918 0.0000000    0 0.00000    0 0.00000    0    0     0
[30,]    0 0.00000 0.9170258    0 0.00000    0 0.00000    0    0     0
[31,]    0 6.41918 0.9170258    0 0.00000    0 0.00000    0    0     0
[32,]    0 0.00000 1.8340515    0 0.00000    0 0.00000    0    0     0
[33,]    0 0.00000 0.9170258    0 0.00000    0 0.00000    0    0     0
[34,]    0 0.00000 0.9170258    0 0.00000    0 0.00000    0    0     0
[35,]    0 0.00000 0.9170258    0 6.41918    0 0.00000    0    0     0
[36,]    0 0.00000 2.7510773    0 0.00000    0 0.00000    0    0     0
[37,]    0 6.41918 0.9170258    0 0.00000    0 0.00000    0    0     0
[38,]    0 0.00000 0.9170258    0 0.00000    0 0.00000    0    0     0
[39,]    0 0.00000 1.8340515    0 0.00000    0 0.00000    0    0     0
[40,]    0 0.00000 0.9170258    0 0.00000    0 6.41918    0    0     0
[41,]    0 0.00000 0.0000000    0 0.00000    0 0.00000    0    0     0
[42,]    0 0.00000 1.8340515    0 0.00000    0 0.00000    0    0     0
[43,]    0 0.00000 0.0000000    0 0.00000    0 0.00000    0    0     0
[44,]    0 0.00000 1.8340515    0 0.00000    0 0.00000    0    0     0
[45,]    0 0.00000 0.9170258    0 0.00000    0 0.00000    0    0     0
[46,]    0 0.00000 2.7510773    0 0.00000    0 0.00000    0    0     0
[47,]    0 0.00000 0.0000000    0 0.00000    0 0.00000    0    0     0
[48,]    0 0.00000 0.0000000    0 0.00000    0 0.00000    0    0     0
[49,]    0 0.00000 1.8340515    0 0.00000    0 0.00000    0    0     0
[50,]    0 6.41918 0.0000000    0 0.00000    0 0.00000    0    0     0

$Ndateboots
      [,1]     [,2]     [,3] [,4]     [,5] [,6]     [,7] [,8] [,9] [,10]
 [1,]    0   0.0000 20.63492    0 144.4444    0 144.4444    0    0     0
 [2,]    0   0.0000 20.63492    0   0.0000    0   0.0000    0    0     0
 [3,]    0   0.0000 20.63492    0   0.0000    0   0.0000    0    0     0
 [4,]    0   0.0000 20.63492    0   0.0000    0   0.0000    0    0     0
 [5,]    0 144.4444 41.26984    0   0.0000    0   0.0000    0    0     0
 [6,]    0   0.0000  0.00000    0   0.0000    0   0.0000    0    0     0
 [7,]    0   0.0000 20.63492    0   0.0000    0   0.0000    0    0     0
 [8,]    0   0.0000  0.00000    0   0.0000    0   0.0000    0    0     0
 [9,]    0 144.4444 61.90476    0   0.0000    0   0.0000    0    0     0
[10,]    0   0.0000 41.26984    0   0.0000    0   0.0000    0    0     0
[11,]    0 144.4444 20.63492    0   0.0000    0   0.0000    0    0     0
[12,]    0   0.0000 20.63492    0   0.0000    0   0.0000    0    0     0
[13,]    0 144.4444  0.00000    0   0.0000    0   0.0000    0    0     0
[14,]    0   0.0000 20.63492    0   0.0000    0   0.0000    0    0     0
[15,]    0   0.0000 20.63492    0 144.4444    0   0.0000    0    0     0
[16,]    0   0.0000  0.00000    0   0.0000    0   0.0000    0    0     0
[17,]    0   0.0000 41.26984    0   0.0000    0   0.0000    0    0     0
[18,]    0 144.4444 20.63492    0   0.0000    0   0.0000    0    0     0
[19,]    0   0.0000  0.00000    0 144.4444    0   0.0000    0    0     0
[20,]    0   0.0000 41.26984    0   0.0000    0   0.0000    0    0     0
[21,]    0   0.0000 41.26984    0   0.0000    0   0.0000    0    0     0
[22,]    0   0.0000  0.00000    0   0.0000    0   0.0000    0    0     0
[23,]    0   0.0000 20.63492    0   0.0000    0   0.0000    0    0     0
[24,]    0   0.0000 20.63492    0   0.0000    0   0.0000    0    0     0
[25,]    0   0.0000 82.53968    0   0.0000    0   0.0000    0    0     0
[26,]    0   0.0000 41.26984    0   0.0000    0   0.0000    0    0     0
[27,]    0   0.0000  0.00000    0   0.0000    0   0.0000    0    0     0
[28,]    0   0.0000  0.00000    0   0.0000    0   0.0000    0    0     0
[29,]    0 144.4444  0.00000    0   0.0000    0   0.0000    0    0     0
[30,]    0   0.0000 20.63492    0   0.0000    0   0.0000    0    0     0
[31,]    0 144.4444 20.63492    0   0.0000    0   0.0000    0    0     0
[32,]    0   0.0000 41.26984    0   0.0000    0   0.0000    0    0     0
[33,]    0   0.0000 20.63492    0   0.0000    0   0.0000    0    0     0
[34,]    0   0.0000 20.63492    0   0.0000    0   0.0000    0    0     0
[35,]    0   0.0000 20.63492    0 144.4444    0   0.0000    0    0     0
[36,]    0   0.0000 61.90476    0   0.0000    0   0.0000    0    0     0
[37,]    0 144.4444 20.63492    0   0.0000    0   0.0000    0    0     0
[38,]    0   0.0000 20.63492    0   0.0000    0   0.0000    0    0     0
[39,]    0   0.0000 41.26984    0   0.0000    0   0.0000    0    0     0
[40,]    0   0.0000 20.63492    0   0.0000    0 144.4444    0    0     0
[41,]    0   0.0000  0.00000    0   0.0000    0   0.0000    0    0     0
[42,]    0   0.0000 41.26984    0   0.0000    0   0.0000    0    0     0
[43,]    0   0.0000  0.00000    0   0.0000    0   0.0000    0    0     0
[44,]    0   0.0000 41.26984    0   0.0000    0   0.0000    0    0     0
[45,]    0   0.0000 20.63492    0   0.0000    0   0.0000    0    0     0
[46,]    0   0.0000 61.90476    0   0.0000    0   0.0000    0    0     0
[47,]    0   0.0000  0.00000    0   0.0000    0   0.0000    0    0     0
[48,]    0   0.0000  0.00000    0   0.0000    0   0.0000    0    0     0
[49,]    0   0.0000 41.26984    0   0.0000    0   0.0000    0    0     0
[50,]    0 144.4444  0.00000    0   0.0000    0   0.0000    0    0     0

