$totdays
[1] 391

$Psampest
[1] NA

$Pbootest
     Mean      2.5%       50%     97.5% 
0.2272547 0.0000000 0.0000000 1.7349532 

$Pboots
 [1] 0.6252084 0.0000000 0.0000000 3.1849579 0.0000000 0.1788260 0.0000000 0.0000000
 [9] 0.0000000 0.0000000 0.0000000 0.0000000 0.0000000 0.0000000 0.1788260 0.0000000
[17] 0.9672706 0.0000000 0.0000000 0.0000000 0.0000000 0.0000000 0.9672706 0.0000000
[25] 0.0000000 0.0000000 0.0000000 0.0000000 0.0000000 0.0000000 0.0000000 0.0000000
[33] 0.0000000 0.0000000 0.0000000 1.2504167 0.0000000 1.8756251 0.0000000 0.0000000
[41] 0.0000000 0.0000000 0.0000000 0.0000000 0.0000000 0.8839147 0.0000000 0.0000000
[49] 0.0000000 1.2504167

$Bboots
 [1] 0.1600681 0.0000000 0.0000000 0.6402725 0.0000000 0.0350724 0.0000000 0.0000000
 [9] 0.0000000 0.0000000 0.0000000 0.0000000 0.0000000 0.0000000 0.0350724 0.0000000
[17] 0.1600681 0.0000000 0.0000000 0.0000000 0.0000000 0.0000000 0.1600681 0.0000000
[25] 0.0000000 0.0000000 0.0000000 0.0000000 0.0000000 0.0000000 0.0000000 0.0000000
[33] 0.0000000 0.0000000 0.0000000 0.3201363 0.0000000 0.4802044 0.0000000 0.0000000
[41] 0.0000000 0.0000000 0.0000000 0.0000000 0.0000000 0.2302129 0.0000000 0.0000000
[49] 0.0000000 0.3201363

$Nboots
 [1]  6.172840  0.000000  0.000000 24.691358  0.000000  1.697531  0.000000  0.000000
 [9]  0.000000  0.000000  0.000000  0.000000  0.000000  0.000000  1.697531  0.000000
[17]  6.172840  0.000000  0.000000  0.000000  0.000000  0.000000  6.172840  0.000000
[25]  0.000000  0.000000  0.000000  0.000000  0.000000  0.000000  0.000000  0.000000
[33]  0.000000  0.000000  0.000000 12.345679  0.000000 18.518519  0.000000  0.000000
[41]  0.000000  0.000000  0.000000  0.000000  0.000000  9.567901  0.000000  0.000000
[49]  0.000000 12.345679

$julians
 [1] 2008 2040 2085 2141 2232 2278 2283 2333 2362 2399

$intdays
[1] 32 45 56 91 46  5 50 29 37

$Pintsampest
[1] NA NA NA NA NA NA NA NA NA

$Pintboots
           [,1]      [,2]       [,3] [,4] [,5] [,6] [,7] [,8] [,9]
 [1,]        NA 0.6252084         NA   NA   NA   NA   NA   NA   NA
 [2,]        NA        NA         NA   NA   NA   NA   NA   NA   NA
 [3,]        NA        NA         NA   NA   NA   NA   NA   NA   NA
 [4,] 1.9345411 1.2504167 0.00000000   NA   NA   NA   NA   NA   NA
 [5,]        NA        NA         NA   NA   NA   NA   NA   NA   NA
 [6,]        NA 0.1788260         NA   NA   NA   NA   NA   NA   NA
 [7,]        NA        NA         NA   NA   NA    0    0   NA   NA
 [8,]        NA        NA         NA   NA   NA   NA   NA   NA   NA
 [9,]        NA        NA         NA   NA   NA   NA   NA   NA   NA
[10,]        NA        NA         NA   NA    0    0   NA   NA   NA
[11,]        NA        NA         NA   NA   NA   NA   NA   NA   NA
[12,]        NA        NA         NA   NA   NA   NA   NA   NA    0
[13,]        NA        NA         NA   NA   NA   NA   NA   NA   NA
[14,]        NA        NA         NA   NA   NA   NA   NA   NA    0
[15,]        NA 0.1788260         NA   NA   NA   NA   NA   NA   NA
[16,]        NA        NA         NA   NA   NA   NA   NA   NA   NA
[17,] 0.9672706        NA         NA    0   NA   NA   NA   NA    0
[18,]        NA        NA         NA   NA    0   NA   NA   NA   NA
[19,]        NA        NA         NA   NA   NA   NA   NA   NA   NA
[20,]        NA        NA         NA    0    0   NA   NA    0   NA
[21,]        NA        NA         NA   NA   NA   NA   NA   NA   NA
[22,]        NA        NA         NA   NA   NA   NA   NA   NA   NA
[23,] 0.9672706        NA         NA   NA   NA   NA   NA   NA    0
[24,]        NA        NA         NA   NA   NA   NA   NA   NA   NA
[25,]        NA        NA         NA   NA   NA   NA   NA   NA   NA
[26,]        NA        NA         NA   NA   NA   NA   NA   NA   NA
[27,]        NA        NA         NA   NA   NA   NA   NA   NA   NA
[28,]        NA        NA         NA   NA   NA   NA   NA   NA   NA
[29,]        NA        NA 0.00000000   NA   NA   NA   NA   NA   NA
[30,]        NA        NA         NA   NA   NA   NA   NA   NA   NA
[31,]        NA        NA         NA   NA   NA   NA   NA   NA   NA
[32,]        NA        NA         NA   NA   NA   NA   NA   NA   NA
[33,]        NA        NA         NA   NA   NA   NA   NA   NA   NA
[34,]        NA        NA         NA   NA   NA   NA   NA   NA   NA
[35,]        NA        NA         NA   NA   NA   NA   NA   NA   NA
[36,]        NA 1.2504167         NA   NA   NA   NA   NA   NA   NA
[37,]        NA        NA         NA   NA   NA   NA   NA   NA   NA
[38,]        NA 1.8756251 0.00000000    0   NA   NA   NA   NA   NA
[39,]        NA        NA         NA   NA   NA   NA   NA   NA   NA
[40,]        NA        NA         NA   NA   NA   NA   NA   NA   NA
[41,]        NA        NA         NA   NA   NA   NA   NA   NA   NA
[42,]        NA        NA         NA   NA   NA   NA   NA   NA   NA
[43,]        NA        NA         NA   NA   NA   NA   NA   NA   NA
[44,]        NA        NA         NA   NA   NA   NA   NA   NA   NA
[45,]        NA        NA         NA   NA   NA   NA   NA   NA   NA
[46,]        NA 0.8040343 0.07988035   NA   NA   NA   NA    0    0
[47,]        NA        NA         NA   NA   NA   NA   NA   NA   NA
[48,]        NA        NA         NA   NA   NA   NA   NA   NA   NA
[49,]        NA        NA         NA   NA    0   NA   NA   NA   NA
[50,]        NA 1.2504167         NA   NA   NA   NA   NA   NA    0

$Bdatesampinfo
       DATE JULIAN N Mean Stdev
1  07/01/11   2008 4   NA    NA
2  08/02/11   2040 3   NA    NA
3  09/16/11   2085 8   NA    NA
4  11/11/11   2141 6   NA    NA
5  02/10/12   2232 2   NA    NA
6  03/27/12   2278 4   NA    NA
7  04/01/12   2283 2   NA    NA
8  05/21/12   2333 3   NA    NA
9  06/19/12   2362 5   NA    NA
10 07/26/12   2399 7   NA    NA

$Ndatesampinfo
       DATE JULIAN N Mean Stdev
1  07/01/11   2008 4   NA    NA
2  08/02/11   2040 3   NA    NA
3  09/16/11   2085 8   NA    NA
4  11/11/11   2141 6   NA    NA
5  02/10/12   2232 2   NA    NA
6  03/27/12   2278 4   NA    NA
7  04/01/12   2283 2   NA    NA
8  05/21/12   2333 3   NA    NA
9  06/19/12   2362 5   NA    NA
10 07/26/12   2399 7   NA    NA

$Bdateboots
      [,1]     [,2]      [,3] [,4] [,5] [,6] [,7] [,8] [,9] [,10]
 [1,]    0 2.881226 0.0000000    0    0    0    0    0    0     0
 [2,]    0 0.000000 0.0000000    0    0    0    0    0    0     0
 [3,]    0 8.643679 0.0000000    0    0    0    0    0    0     0
 [4,]    0 5.762453 0.0000000    0    0    0    0    0    0     0
 [5,]    0 0.000000 0.0000000    0    0    0    0    0    0     0
 [6,]    0 0.000000 0.6313031    0    0    0    0    0    0     0
 [7,]    0 2.881226 0.0000000    0    0    0    0    0    0     0
 [8,]    0 0.000000 0.6313031    0    0    0    0    0    0     0
 [9,]    0 0.000000 0.0000000    0    0    0    0    0    0     0
[10,]    0 2.881226 0.0000000    0    0    0    0    0    0     0
[11,]    0 0.000000 0.6313031    0    0    0    0    0    0     0
[12,]    0 0.000000 0.0000000    0    0    0    0    0    0     0
[13,]    0 0.000000 0.0000000    0    0    0    0    0    0     0
[14,]    0 0.000000 0.0000000    0    0    0    0    0    0     0
[15,]    0 0.000000 0.6313031    0    0    0    0    0    0     0
[16,]    0 0.000000 0.0000000    0    0    0    0    0    0     0
[17,]    0 2.881226 0.0000000    0    0    0    0    0    0     0
[18,]    0 0.000000 0.0000000    0    0    0    0    0    0     0
[19,]    0 0.000000 0.0000000    0    0    0    0    0    0     0
[20,]    0 0.000000 0.0000000    0    0    0    0    0    0     0
[21,]    0 0.000000 0.0000000    0    0    0    0    0    0     0
[22,]    0 0.000000 0.0000000    0    0    0    0    0    0     0
[23,]    0 2.881226 0.0000000    0    0    0    0    0    0     0
[24,]    0 0.000000 0.0000000    0    0    0    0    0    0     0
[25,]    0 0.000000 0.3156516    0    0    0    0    0    0     0
[26,]    0 0.000000 0.3156516    0    0    0    0    0    0     0
[27,]    0 0.000000 0.6313031    0    0    0    0    0    0     0
[28,]    0 0.000000 0.0000000    0    0    0    0    0    0     0
[29,]    0 0.000000 0.0000000    0    0    0    0    0    0     0
[30,]    0 0.000000 0.0000000    0    0    0    0    0    0     0
[31,]    0 0.000000 0.0000000    0    0    0    0    0    0     0
[32,]    0 0.000000 0.3156516    0    0    0    0    0    0     0
[33,]    0 0.000000 0.0000000    0    0    0    0    0    0     0
[34,]    0 0.000000 0.3156516    0    0    0    0    0    0     0
[35,]    0 0.000000 0.0000000    0    0    0    0    0    0     0
[36,]    0 5.762453 0.0000000    0    0    0    0    0    0     0
[37,]    0 0.000000 0.0000000    0    0    0    0    0    0     0
[38,]    0 8.643679 0.0000000    0    0    0    0    0    0     0
[39,]    0 0.000000 0.0000000    0    0    0    0    0    0     0
[40,]    0 0.000000 0.0000000    0    0    0    0    0    0     0
[41,]    0 5.762453 0.0000000    0    0    0    0    0    0     0
[42,]    0 0.000000 0.0000000    0    0    0    0    0    0     0
[43,]    0 0.000000 0.0000000    0    0    0    0    0    0     0
[44,]    0 0.000000 0.0000000    0    0    0    0    0    0     0
[45,]    0 0.000000 0.0000000    0    0    0    0    0    0     0
[46,]    0 2.881226 0.6313031    0    0    0    0    0    0     0
[47,]    0 0.000000 0.0000000    0    0    0    0    0    0     0
[48,]    0 0.000000 0.6313031    0    0    0    0    0    0     0
[49,]    0 0.000000 0.0000000    0    0    0    0    0    0     0
[50,]    0 5.762453 0.0000000    0    0    0    0    0    0     0

$Ndateboots
      [,1]     [,2]     [,3] [,4] [,5] [,6] [,7] [,8] [,9] [,10]
 [1,]    0 111.1111  0.00000    0    0    0    0    0    0     0
 [2,]    0   0.0000  0.00000    0    0    0    0    0    0     0
 [3,]    0 333.3333  0.00000    0    0    0    0    0    0     0
 [4,]    0 222.2222  0.00000    0    0    0    0    0    0     0
 [5,]    0   0.0000  0.00000    0    0    0    0    0    0     0
 [6,]    0   0.0000 30.55556    0    0    0    0    0    0     0
 [7,]    0 111.1111  0.00000    0    0    0    0    0    0     0
 [8,]    0   0.0000 30.55556    0    0    0    0    0    0     0
 [9,]    0   0.0000  0.00000    0    0    0    0    0    0     0
[10,]    0 111.1111  0.00000    0    0    0    0    0    0     0
[11,]    0   0.0000 30.55556    0    0    0    0    0    0     0
[12,]    0   0.0000  0.00000    0    0    0    0    0    0     0
[13,]    0   0.0000  0.00000    0    0    0    0    0    0     0
[14,]    0   0.0000  0.00000    0    0    0    0    0    0     0
[15,]    0   0.0000 30.55556    0    0    0    0    0    0     0
[16,]    0   0.0000  0.00000    0    0    0    0    0    0     0
[17,]    0 111.1111  0.00000    0    0    0    0    0    0     0
[18,]    0   0.0000  0.00000    0    0    0    0    0    0     0
[19,]    0   0.0000  0.00000    0    0    0    0    0    0     0
[20,]    0   0.0000  0.00000    0    0    0    0    0    0     0
[21,]    0   0.0000  0.00000    0    0    0    0    0    0     0
[22,]    0   0.0000  0.00000    0    0    0    0    0    0     0
[23,]    0 111.1111  0.00000    0    0    0    0    0    0     0
[24,]    0   0.0000  0.00000    0    0    0    0    0    0     0
[25,]    0   0.0000 15.27778    0    0    0    0    0    0     0
[26,]    0   0.0000 15.27778    0    0    0    0    0    0     0
[27,]    0   0.0000 30.55556    0    0    0    0    0    0     0
[28,]    0   0.0000  0.00000    0    0    0    0    0    0     0
[29,]    0   0.0000  0.00000    0    0    0    0    0    0     0
[30,]    0   0.0000  0.00000    0    0    0    0    0    0     0
[31,]    0   0.0000  0.00000    0    0    0    0    0    0     0
[32,]    0   0.0000 15.27778    0    0    0    0    0    0     0
[33,]    0   0.0000  0.00000    0    0    0    0    0    0     0
[34,]    0   0.0000 15.27778    0    0    0    0    0    0     0
[35,]    0   0.0000  0.00000    0    0    0    0    0    0     0
[36,]    0 222.2222  0.00000    0    0    0    0    0    0     0
[37,]    0   0.0000  0.00000    0    0    0    0    0    0     0
[38,]    0 333.3333  0.00000    0    0    0    0    0    0     0
[39,]    0   0.0000  0.00000    0    0    0    0    0    0     0
[40,]    0   0.0000  0.00000    0    0    0    0    0    0     0
[41,]    0 222.2222  0.00000    0    0    0    0    0    0     0
[42,]    0   0.0000  0.00000    0    0    0    0    0    0     0
[43,]    0   0.0000  0.00000    0    0    0    0    0    0     0
[44,]    0   0.0000  0.00000    0    0    0    0    0    0     0
[45,]    0   0.0000  0.00000    0    0    0    0    0    0     0
[46,]    0 111.1111 30.55556    0    0    0    0    0    0     0
[47,]    0   0.0000  0.00000    0    0    0    0    0    0     0
[48,]    0   0.0000 30.55556    0    0    0    0    0    0     0
[49,]    0   0.0000  0.00000    0    0    0    0    0    0     0
[50,]    0 222.2222  0.00000    0    0    0    0    0    0     0

