$totdays
[1] 391

$Psampest
[1] NA

$Pbootest
     Mean      2.5%       50%     97.5% 
 3.496866  0.000000  0.000000 23.001763 

$Pboots
 [1]  0.0000000  0.0000000 11.3304818 26.3403197  0.0000000  0.0000000  0.0000000
 [8]  2.0954298  5.4557696  0.0000000  0.1118521  0.0000000  0.9859689  0.0000000
[15]  0.0000000  0.0000000 11.2670824  0.0000000  0.0000000  0.0000000 19.4508571
[22]  0.0000000  4.0992430  0.0000000  8.5598795  8.4480580 24.0326709  0.0000000
[29]  0.0000000  1.0931927  7.3228057  0.0000000  0.0000000  0.0000000  0.0000000
[36] 11.8190295  0.0000000  0.0000000  0.0000000  3.5526467 17.6815497  0.0000000
[43]  0.0000000  0.0000000  0.0000000  0.9859689  0.0000000 10.2105061  0.0000000
[50]  0.0000000

$Bboots
 [1] 0.00000000 0.00000000 2.20921209 5.58388604 0.00000000 0.00000000 0.00000000
 [8] 0.76171429 1.28542918 0.00000000 0.03167087 0.00000000 0.23039496 0.00000000
[15] 0.00000000 0.00000000 2.65462199 0.00000000 0.00000000 0.00000000 4.61209803
[22] 0.00000000 0.99210925 0.00000000 2.01678418 1.61604211 5.08186954 0.00000000
[29] 0.00000000 0.46078992 1.40079068 0.00000000 0.00000000 0.00000000 0.00000000
[36] 2.78466573 0.00000000 0.00000000 0.00000000 0.76171429 3.79914885 0.00000000
[43] 0.00000000 0.00000000 0.00000000 0.23039496 0.00000000 2.40473032 0.00000000
[50] 0.00000000

$Nboots
 [1] 0.0000000 0.0000000 2.7006173 9.1049383 0.0000000 0.0000000 0.0000000 0.4115226
 [9] 3.4979424 0.0000000 0.1763668 0.0000000 0.3086420 0.0000000 0.0000000 0.0000000
[17] 3.2407407 0.0000000 0.0000000 0.0000000 7.1869489 0.0000000 0.7201646 0.0000000
[25] 4.7839506 2.1604938 6.5329218 0.0000000 0.0000000 0.6172840 1.6975309 0.0000000
[33] 0.0000000 0.0000000 0.0000000 3.9094650 0.0000000 0.0000000 0.0000000 0.4115226
[41] 7.9218107 0.0000000 0.0000000 0.0000000 0.0000000 0.3086420 0.0000000 3.7551440
[49] 0.0000000 0.0000000

$julians
 [1] 2008 2040 2085 2141 2232 2278 2283 2333 2362 2399

$intdays
[1] 32 45 56 91 46  5 50 29 37

$Pintsampest
[1] NA NA NA NA NA NA NA NA NA

$Pintboots
           [,1]      [,2]      [,3] [,4]      [,5]       [,6]     [,7]     [,8]
 [1,]        NA        NA        NA   NA        NA         NA       NA       NA
 [2,]        NA        NA        NA   NA        NA         NA       NA       NA
 [3,]        NA        NA 10.344513    0 0.9859689         NA       NA       NA
 [4,]        NA 12.302248 14.038072   NA        NA         NA       NA       NA
 [5,]        NA        NA        NA   NA        NA         NA       NA       NA
 [6,]        NA        NA        NA   NA        NA         NA       NA       NA
 [7,]        NA        NA        NA   NA        NA         NA       NA       NA
 [8,]        NA        NA        NA   NA        NA         NA       NA 2.095430
 [9,]        NA  5.455770        NA   NA        NA         NA       NA       NA
[10,]        NA        NA        NA    0        NA         NA       NA       NA
[11,]        NA        NA        NA   NA 0.0000000         NA       NA       NA
[12,]        NA        NA        NA   NA        NA         NA       NA       NA
[13,]        NA        NA        NA   NA 0.9859689         NA       NA       NA
[14,]        NA        NA        NA   NA        NA         NA       NA       NA
[15,]        NA        NA        NA   NA        NA         NA       NA       NA
[16,]        NA        NA        NA   NA        NA         NA       NA       NA
[17,]        NA 11.267082        NA   NA        NA         NA       NA       NA
[18,]        NA        NA        NA   NA        NA 0.00000000       NA       NA
[19,]        NA        NA        NA   NA        NA         NA       NA       NA
[20,]        NA        NA        NA   NA        NA         NA       NA       NA
[21,]        NA  7.781634  8.470152   NA        NA         NA       NA 3.143145
[22,]        NA        NA        NA   NA        NA         NA       NA       NA
[23,]        NA        NA        NA    0 0.4929845 0.05361189 3.552647       NA
[24,]        NA        NA        NA   NA        NA         NA       NA       NA
[25,]        NA  8.559879        NA   NA        NA         NA       NA       NA
[26,]        NA        NA  8.448058   NA        NA         NA       NA       NA
[27,]        NA 10.935335 13.097336   NA        NA         NA       NA       NA
[28,]        NA        NA        NA    0        NA         NA       NA       NA
[29,]        NA        NA        NA   NA        NA         NA       NA       NA
[30,]        NA        NA        NA   NA 0.9859689 0.10722378       NA       NA
[31,]        NA        NA  7.322806    0        NA         NA       NA       NA
[32,]        NA        NA        NA   NA        NA         NA       NA       NA
[33,]        NA        NA        NA   NA        NA         NA       NA       NA
[34,]        NA        NA        NA   NA        NA         NA       NA       NA
[35,]        NA        NA        NA   NA        NA         NA       NA       NA
[36,]        NA 11.819029        NA   NA        NA         NA 0.000000 0.000000
[37,]        NA        NA        NA   NA        NA         NA       NA       NA
[38,]        NA        NA        NA   NA        NA         NA       NA       NA
[39,]        NA        NA        NA   NA        NA         NA       NA       NA
[40,]        NA        NA        NA   NA        NA         NA 3.552647       NA
[41,] 0.4317577  8.062401  9.187391   NA        NA         NA       NA       NA
[42,]        NA        NA        NA   NA        NA         NA       NA       NA
[43,]        NA        NA        NA   NA        NA         NA       NA       NA
[44,]        NA        NA        NA   NA        NA 0.00000000       NA       NA
[45,]        NA        NA        NA   NA        NA         NA       NA       NA
[46,]        NA        NA        NA   NA 0.9859689         NA       NA       NA
[47,]        NA        NA        NA   NA        NA         NA       NA       NA
[48,]        NA  9.717522        NA   NA 0.4929845         NA       NA       NA
[49,]        NA        NA        NA   NA        NA         NA       NA       NA
[50,]        NA        NA        NA   NA        NA         NA       NA       NA
            [,9]
 [1,]         NA
 [2,]         NA
 [3,]         NA
 [4,]         NA
 [5,]         NA
 [6,]         NA
 [7,] 0.00000000
 [8,]         NA
 [9,]         NA
[10,]         NA
[11,] 0.11185207
[12,]         NA
[13,]         NA
[14,]         NA
[15,]         NA
[16,]         NA
[17,] 0.00000000
[18,] 0.00000000
[19,]         NA
[20,]         NA
[21,] 0.05592604
[22,]         NA
[23,]         NA
[24,]         NA
[25,]         NA
[26,]         NA
[27,]         NA
[28,]         NA
[29,]         NA
[30,]         NA
[31,]         NA
[32,]         NA
[33,]         NA
[34,]         NA
[35,]         NA
[36,]         NA
[37,]         NA
[38,]         NA
[39,]         NA
[40,]         NA
[41,] 0.00000000
[42,]         NA
[43,]         NA
[44,]         NA
[45,]         NA
[46,]         NA
[47,]         NA
[48,]         NA
[49,]         NA
[50,]         NA

$Bdatesampinfo
       DATE JULIAN N Mean Stdev
1  07/01/11   2008 4   NA    NA
2  08/02/11   2040 3   NA    NA
3  09/16/11   2085 8   NA    NA
4  11/11/11   2141 6   NA    NA
5  02/10/12   2232 2   NA    NA
6  03/27/12   2278 4   NA    NA
7  04/01/12   2283 2   NA    NA
8  05/21/12   2333 3   NA    NA
9  06/19/12   2362 5   NA    NA
10 07/26/12   2399 7   NA    NA

$Ndatesampinfo
       DATE JULIAN N Mean Stdev
1  07/01/11   2008 4   NA    NA
2  08/02/11   2040 3   NA    NA
3  09/16/11   2085 8   NA    NA
4  11/11/11   2141 6   NA    NA
5  02/10/12   2232 2   NA    NA
6  03/27/12   2278 4   NA    NA
7  04/01/12   2283 2   NA    NA
8  05/21/12   2333 3   NA    NA
9  06/19/12   2362 5   NA    NA
10 07/26/12   2399 7   NA    NA

$Bdateboots
      [,1]     [,2]     [,3] [,4] [,5]     [,6] [,7]     [,8] [,9]     [,10]
 [1,]    0 0.000000 39.05521    0    0 2.073555    0 13.71086    0 0.0000000
 [2,]    0 0.000000  0.00000    0    0 0.000000    0  0.00000    0 0.0000000
 [3,]    0 0.000000 35.61871    0    0 4.147109    0  0.00000    0 0.2850379
 [4,]    0 3.836777 48.33659    0    0 0.000000    0  0.00000    0 0.0000000
 [5,]    0 0.000000  0.00000    0    0 6.220664    0  0.00000    0 0.0000000
 [6,]    0 1.278926  0.00000    0    0 0.000000    0 13.71086    0 0.0000000
 [7,]    0 0.000000  0.00000    0    0 0.000000    0  0.00000    0 0.0000000
 [8,]    0 0.000000 38.39586    0    0 0.000000    0 13.71086    0 0.0000000
 [9,]    0 2.557851 20.57987    0    0 2.073555    0  0.00000    0 0.2850379
[10,]    0 0.000000  0.00000    0    0 0.000000    0  0.00000    0 0.0000000
[11,]    0 0.000000 32.60133    0    0 0.000000    0  0.00000    0 0.5700757
[12,]    0 0.000000  0.00000    0    0 0.000000    0  0.00000    0 0.0000000
[13,]    0 3.836777  0.00000    0    0 4.147109    0  0.00000    0 0.0000000
[14,]    0 0.000000  0.00000    0    0 6.220664    0  0.00000    0 0.0000000
[15,]    0 0.000000 39.76116    0    0 0.000000    0  0.00000    0 0.5700757
[16,]    0 0.000000  0.00000    0    0 0.000000    0  0.00000    0 0.0000000
[17,]    0 0.000000 47.78320    0    0 0.000000    0  0.00000    0 0.0000000
[18,]    0 0.000000  0.00000    0    0 0.000000    0  0.00000    0 0.0000000
[19,]    0 0.000000 36.19413    0    0 4.147109    0  0.00000    0 0.0000000
[20,]    0 0.000000  0.00000    0    0 0.000000    0  0.00000    0 0.0000000
[21,]    0 3.836777 29.16483    0    0 2.073555    0 20.56629    0 0.2850379
[22,]    0 0.000000  0.00000    0    0 4.147109    0  0.00000    0 0.0000000
[23,]    0 0.000000  0.00000    0    0 2.073555    0 13.71086    0 0.0000000
[24,]    0 0.000000  0.00000    0    0 0.000000    0  0.00000    0 0.0000000
[25,]    0 3.836777 32.46534    0    0 0.000000    0 13.71086    0 0.0000000
[26,]    0 0.000000 29.08876    0    0 0.000000    0  0.00000    0 0.5700757
[27,]    0 1.278926 45.09736    0    0 0.000000    0  0.00000    0 0.0000000
[28,]    0 0.000000  0.00000    0    0 0.000000    0  0.00000    0 0.0000000
[29,]    0 0.000000 26.51451    0    0 0.000000    0  0.00000    0 0.8551136
[30,]    0 0.000000  0.00000    0    0 4.147109    0  0.00000    0 0.0000000
[31,]    0 0.000000 25.21423    0    0 0.000000    0  0.00000    0 0.0000000
[32,]    0 0.000000  0.00000    0    0 0.000000    0  0.00000    0 0.0000000
[33,]    0 1.278926  0.00000    0    0 4.147109    0  0.00000    0 0.0000000
[34,]    0 0.000000  0.00000    0    0 0.000000    0  0.00000    0 0.0000000
[35,]    0 1.278926  0.00000    0    0 6.220664    0 13.71086    0 0.0000000
[36,]    0 1.278926 48.84506    0    0 0.000000    0  0.00000    0 0.0000000
[37,]    0 0.000000  0.00000    0    0 0.000000    0  0.00000    0 0.0000000
[38,]    0 0.000000 42.03198    0    0 0.000000    0  0.00000    0 0.2850379
[39,]    0 0.000000  0.00000    0    0 0.000000    0  0.00000    0 0.5700757
[40,]    0 0.000000  0.00000    0    0 0.000000    0 13.71086    0 0.0000000
[41,]    0 2.557851 31.63449    0    0 0.000000    0  0.00000    0 0.0000000
[42,]    0 0.000000  0.00000    0    0 0.000000    0  0.00000    0 0.2850379
[43,]    0 0.000000  0.00000    0    0 6.220664    0  0.00000    0 0.0000000
[44,]    0 0.000000  0.00000    0    0 0.000000    0  0.00000    0 0.0000000
[45,]    0 0.000000  0.00000    0    0 0.000000    0  0.00000    0 0.0000000
[46,]    0 1.278926  0.00000    0    0 4.147109    0  0.00000    0 0.0000000
[47,]    0 0.000000  0.00000    0    0 0.000000    0  0.00000    0 0.5700757
[48,]    0 1.278926 39.93267    0    0 2.073555    0  0.00000    0 0.0000000
[49,]    0 0.000000  0.00000    0    0 0.000000    0 13.71086    0 0.2850379
[50,]    0 0.000000  0.00000    0    0 0.000000    0  0.00000    0 0.0000000

$Ndateboots
      [,1]     [,2]     [,3] [,4] [,5]     [,6] [,7]      [,8] [,9]    [,10]
 [1,]    0  0.00000 45.83333    0    0 2.777778    0  7.407407    0 0.000000
 [2,]    0  0.00000  0.00000    0    0 0.000000    0  0.000000    0 0.000000
 [3,]    0  0.00000 43.05556    0    0 5.555556    0  0.000000    0 1.587302
 [4,]    0 44.44444 59.72222    0    0 0.000000    0  0.000000    0 0.000000
 [5,]    0  0.00000  0.00000    0    0 8.333333    0  0.000000    0 0.000000
 [6,]    0 14.81481  0.00000    0    0 0.000000    0  7.407407    0 0.000000
 [7,]    0  0.00000  0.00000    0    0 0.000000    0  0.000000    0 0.000000
 [8,]    0  0.00000 48.61111    0    0 0.000000    0  7.407407    0 0.000000
 [9,]    0 29.62963 33.33333    0    0 2.777778    0  0.000000    0 1.587302
[10,]    0  0.00000  0.00000    0    0 0.000000    0  0.000000    0 0.000000
[11,]    0  0.00000 38.88889    0    0 0.000000    0  0.000000    0 3.174603
[12,]    0  0.00000  0.00000    0    0 0.000000    0  0.000000    0 0.000000
[13,]    0 44.44444  0.00000    0    0 5.555556    0  0.000000    0 0.000000
[14,]    0  0.00000  0.00000    0    0 8.333333    0  0.000000    0 0.000000
[15,]    0  0.00000 47.22222    0    0 0.000000    0  0.000000    0 3.174603
[16,]    0  0.00000  0.00000    0    0 0.000000    0  0.000000    0 0.000000
[17,]    0  0.00000 58.33333    0    0 0.000000    0  0.000000    0 0.000000
[18,]    0  0.00000  0.00000    0    0 0.000000    0  0.000000    0 0.000000
[19,]    0  0.00000 38.88889    0    0 5.555556    0  0.000000    0 0.000000
[20,]    0  0.00000  0.00000    0    0 0.000000    0  0.000000    0 0.000000
[21,]    0 44.44444 36.11111    0    0 2.777778    0 11.111111    0 1.587302
[22,]    0  0.00000  0.00000    0    0 5.555556    0  0.000000    0 0.000000
[23,]    0  0.00000  0.00000    0    0 2.777778    0  7.407407    0 0.000000
[24,]    0  0.00000  0.00000    0    0 0.000000    0  0.000000    0 0.000000
[25,]    0 44.44444 41.66667    0    0 0.000000    0  7.407407    0 0.000000
[26,]    0  0.00000 38.88889    0    0 0.000000    0  0.000000    0 3.174603
[27,]    0 14.81481 51.38889    0    0 0.000000    0  0.000000    0 0.000000
[28,]    0  0.00000  0.00000    0    0 0.000000    0  0.000000    0 0.000000
[29,]    0  0.00000 34.72222    0    0 0.000000    0  0.000000    0 4.761905
[30,]    0  0.00000  0.00000    0    0 5.555556    0  0.000000    0 0.000000
[31,]    0  0.00000 30.55556    0    0 0.000000    0  0.000000    0 0.000000
[32,]    0  0.00000  0.00000    0    0 0.000000    0  0.000000    0 0.000000
[33,]    0 14.81481  0.00000    0    0 5.555556    0  0.000000    0 0.000000
[34,]    0  0.00000  0.00000    0    0 0.000000    0  0.000000    0 0.000000
[35,]    0 14.81481  0.00000    0    0 8.333333    0  7.407407    0 0.000000
[36,]    0 14.81481 55.55556    0    0 0.000000    0  0.000000    0 0.000000
[37,]    0  0.00000  0.00000    0    0 0.000000    0  0.000000    0 0.000000
[38,]    0  0.00000 50.00000    0    0 0.000000    0  0.000000    0 1.587302
[39,]    0  0.00000  0.00000    0    0 0.000000    0  0.000000    0 3.174603
[40,]    0  0.00000  0.00000    0    0 0.000000    0  7.407407    0 0.000000
[41,]    0 29.62963 41.66667    0    0 0.000000    0  0.000000    0 0.000000
[42,]    0  0.00000  0.00000    0    0 0.000000    0  0.000000    0 1.587302
[43,]    0  0.00000  0.00000    0    0 8.333333    0  0.000000    0 0.000000
[44,]    0  0.00000  0.00000    0    0 0.000000    0  0.000000    0 0.000000
[45,]    0  0.00000  0.00000    0    0 0.000000    0  0.000000    0 0.000000
[46,]    0 14.81481  0.00000    0    0 5.555556    0  0.000000    0 0.000000
[47,]    0  0.00000  0.00000    0    0 0.000000    0  0.000000    0 3.174603
[48,]    0 14.81481 50.00000    0    0 2.777778    0  0.000000    0 0.000000
[49,]    0  0.00000  0.00000    0    0 0.000000    0  7.407407    0 1.587302
[50,]    0  0.00000  0.00000    0    0 0.000000    0  0.000000    0 0.000000

