$totdays
[1] 365

$Psampest
[1] 0.4825524

$Pbootest
     Mean      2.5%       50%     97.5% 
1.3252989 0.0000000 0.9651048 3.5622456 

$Pboots
 [1] 0.4825524 0.0000000 5.8703563 0.4825524 0.0000000 1.8255584 0.9651048 0.0000000
 [9] 0.4825524 0.0000000 0.9651048 1.4476572 0.4825524 3.0796932 0.9651048 0.0000000
[17] 0.4825524 1.8255584 3.5622456 0.4825524 0.9651048 3.2732156 0.0000000 3.0796932
[25] 0.4825524 0.4825524 0.0000000 3.0796932 2.3081108 2.4127620 0.9651048 3.5622456
[33] 2.3081108 3.0796932 0.0000000 0.0000000 2.7906632 0.0000000 0.4825524 0.4825524
[41] 0.9651048 3.5622456 1.9302096 1.4476572 0.0000000 0.4825524 0.4825524 0.4825524
[49] 2.3081108 1.4476572

$Bboots
 [1] 0.1146282 0.0000000 1.9486797 0.1146282 0.0000000 0.8023975 0.2292564 0.0000000
 [9] 0.1146282 0.0000000 0.2292564 0.3438847 0.1146282 0.9170258 0.2292564 0.0000000
[17] 0.1146282 0.8023975 1.0316540 0.1146282 0.2292564 1.1462822 0.0000000 0.9170258
[25] 0.1146282 0.1146282 0.0000000 0.9170258 0.9170258 0.5731411 0.2292564 1.0316540
[33] 0.9170258 0.9170258 0.0000000 0.0000000 1.0316540 0.0000000 0.1146282 0.1146282
[41] 0.2292564 1.0316540 0.4585129 0.3438847 0.0000000 0.1146282 0.1146282 0.1146282
[49] 0.9170258 0.3438847

$Nboots
 [1]  2.579365  0.000000 43.849206  2.579365  0.000000 18.055556  5.158730  0.000000
 [9]  2.579365  0.000000  5.158730  7.738095  2.579365 20.634921  5.158730  0.000000
[17]  2.579365 18.055556 23.214286  2.579365  5.158730 25.793651  0.000000 20.634921
[25]  2.579365  2.579365  0.000000 20.634921 20.634921 12.896825  5.158730 23.214286
[33] 20.634921 20.634921  0.000000  0.000000 23.214286  0.000000  2.579365  2.579365
[41]  5.158730 23.214286 10.317460  7.738095  0.000000  2.579365  2.579365  2.579365
[49] 20.634921  7.738095

$julians
[1] 2008 2040 2085 2141 2278 2283 2333 2362 2399

$intdays
[1]  32  45  56 137   5  50  29  37 -26

$Pintsampest
[1] 0.0000000 0.2162290 0.2663234 0.0000000 0.0000000 0.0000000 0.0000000 0.0000000
[9] 0.0000000

$Pintboots
          [,1]      [,2]      [,3] [,4]      [,5]     [,6] [,7] [,8] [,9]
 [1,] 0.000000 0.2162290 0.2663234    0 0.0000000 0.000000    0    0    0
 [2,] 0.000000 0.0000000 0.0000000    0 0.0000000 0.000000    0    0    0
 [3,] 1.083538 2.1622895 0.7989703    0 0.1658849 1.659673    0    0    0
 [4,] 0.000000 0.2162290 0.2663234    0 0.0000000 0.000000    0    0    0
 [5,] 0.000000 0.0000000 0.0000000    0 0.0000000 0.000000    0    0    0
 [6,] 0.000000 0.0000000 0.0000000    0 0.1658849 1.659673    0    0    0
 [7,] 0.000000 0.4324579 0.5326469    0 0.0000000 0.000000    0    0    0
 [8,] 0.000000 0.0000000 0.0000000    0 0.0000000 0.000000    0    0    0
 [9,] 0.000000 0.2162290 0.2663234    0 0.0000000 0.000000    0    0    0
[10,] 0.000000 0.0000000 0.0000000    0 0.0000000 0.000000    0    0    0
[11,] 0.000000 0.4324579 0.5326469    0 0.0000000 0.000000    0    0    0
[12,] 0.000000 0.6486869 0.7989703    0 0.0000000 0.000000    0    0    0
[13,] 0.000000 0.2162290 0.2663234    0 0.0000000 0.000000    0    0    0
[14,] 1.083538 1.7298316 0.2663234    0 0.0000000 0.000000    0    0    0
[15,] 0.000000 0.4324579 0.5326469    0 0.0000000 0.000000    0    0    0
[16,] 0.000000 0.0000000 0.0000000    0 0.0000000 0.000000    0    0    0
[17,] 0.000000 0.2162290 0.2663234    0 0.0000000 0.000000    0    0    0
[18,] 0.000000 0.0000000 0.0000000    0 0.1658849 1.659673    0    0    0
[19,] 1.083538 1.9460606 0.5326469    0 0.0000000 0.000000    0    0    0
[20,] 0.000000 0.2162290 0.2663234    0 0.0000000 0.000000    0    0    0
[21,] 0.000000 0.4324579 0.5326469    0 0.0000000 0.000000    0    0    0
[22,] 0.000000 0.6486869 0.7989703    0 0.1658849 1.659673    0    0    0
[23,] 0.000000 0.0000000 0.0000000    0 0.0000000 0.000000    0    0    0
[24,] 1.083538 1.7298316 0.2663234    0 0.0000000 0.000000    0    0    0
[25,] 0.000000 0.2162290 0.2663234    0 0.0000000 0.000000    0    0    0
[26,] 0.000000 0.2162290 0.2663234    0 0.0000000 0.000000    0    0    0
[27,] 0.000000 0.0000000 0.0000000    0 0.0000000 0.000000    0    0    0
[28,] 1.083538 1.7298316 0.2663234    0 0.0000000 0.000000    0    0    0
[29,] 0.000000 0.2162290 0.2663234    0 0.1658849 1.659673    0    0    0
[30,] 0.000000 1.0811448 1.3316172    0 0.0000000 0.000000    0    0    0
[31,] 0.000000 0.4324579 0.5326469    0 0.0000000 0.000000    0    0    0
[32,] 1.083538 1.9460606 0.5326469    0 0.0000000 0.000000    0    0    0
[33,] 0.000000 0.2162290 0.2663234    0 0.1658849 1.659673    0    0    0
[34,] 1.083538 1.7298316 0.2663234    0 0.0000000 0.000000    0    0    0
[35,] 0.000000 0.0000000 0.0000000    0 0.0000000 0.000000    0    0    0
[36,] 0.000000 0.0000000 0.0000000    0 0.0000000 0.000000    0    0    0
[37,] 0.000000 0.4324579 0.5326469    0 0.1658849 1.659673    0    0    0
[38,] 0.000000 0.0000000 0.0000000    0 0.0000000 0.000000    0    0    0
[39,] 0.000000 0.2162290 0.2663234    0 0.0000000 0.000000    0    0    0
[40,] 0.000000 0.2162290 0.2663234    0 0.0000000 0.000000    0    0    0
[41,] 0.000000 0.4324579 0.5326469    0 0.0000000 0.000000    0    0    0
[42,] 1.083538 1.9460606 0.5326469    0 0.0000000 0.000000    0    0    0
[43,] 0.000000 0.8649158 1.0652938    0 0.0000000 0.000000    0    0    0
[44,] 0.000000 0.6486869 0.7989703    0 0.0000000 0.000000    0    0    0
[45,] 0.000000 0.0000000 0.0000000    0 0.0000000 0.000000    0    0    0
[46,] 0.000000 0.2162290 0.2663234    0 0.0000000 0.000000    0    0    0
[47,] 0.000000 0.2162290 0.2663234    0 0.0000000 0.000000    0    0    0
[48,] 0.000000 0.2162290 0.2663234    0 0.0000000 0.000000    0    0    0
[49,] 0.000000 0.2162290 0.2663234    0 0.1658849 1.659673    0    0    0
[50,] 0.000000 0.6486869 0.7989703    0 0.0000000 0.000000    0    0    0

$Bdatesampinfo
      DATE JULIAN N      Mean    Stdev
1 07/01/11   2008 3 0.0000000 0.000000
2 08/02/11   2040 1 0.0000000       NA
3 09/16/11   2085 7 0.9170258 2.426222
4 11/11/11   2141 4 0.0000000 0.000000
5 03/27/12   2278 3 0.0000000 0.000000
6 04/01/12   2283 1 0.0000000       NA
7 05/21/12   2333 2 0.0000000 0.000000
8 06/19/12   2362 4 0.0000000 0.000000
9 07/26/12   2399 6 0.0000000 0.000000

$Ndatesampinfo
      DATE JULIAN N     Mean    Stdev
1 07/01/11   2008 3  0.00000  0.00000
2 08/02/11   2040 1  0.00000       NA
3 09/16/11   2085 7 20.63492 54.59487
4 11/11/11   2141 4  0.00000  0.00000
5 03/27/12   2278 3  0.00000  0.00000
6 04/01/12   2283 1  0.00000       NA
7 05/21/12   2333 2  0.00000  0.00000
8 06/19/12   2362 4  0.00000  0.00000
9 07/26/12   2399 6  0.00000  0.00000

$Bdateboots
      [,1]    [,2]      [,3] [,4] [,5]    [,6] [,7] [,8] [,9]
 [1,]    0 0.00000 0.9170258    0    0 0.00000    0    0    0
 [2,]    0 0.00000 0.0000000    0    0 0.00000    0    0    0
 [3,]    0 6.41918 2.7510773    0    0 6.41918    0    0    0
 [4,]    0 0.00000 0.9170258    0    0 0.00000    0    0    0
 [5,]    0 0.00000 0.0000000    0    0 0.00000    0    0    0
 [6,]    0 0.00000 0.0000000    0    0 6.41918    0    0    0
 [7,]    0 0.00000 1.8340515    0    0 0.00000    0    0    0
 [8,]    0 0.00000 0.0000000    0    0 0.00000    0    0    0
 [9,]    0 0.00000 0.9170258    0    0 0.00000    0    0    0
[10,]    0 0.00000 0.0000000    0    0 0.00000    0    0    0
[11,]    0 0.00000 1.8340515    0    0 0.00000    0    0    0
[12,]    0 0.00000 2.7510773    0    0 0.00000    0    0    0
[13,]    0 0.00000 0.9170258    0    0 0.00000    0    0    0
[14,]    0 6.41918 0.9170258    0    0 0.00000    0    0    0
[15,]    0 0.00000 1.8340515    0    0 0.00000    0    0    0
[16,]    0 0.00000 0.0000000    0    0 0.00000    0    0    0
[17,]    0 0.00000 0.9170258    0    0 0.00000    0    0    0
[18,]    0 0.00000 0.0000000    0    0 6.41918    0    0    0
[19,]    0 6.41918 1.8340515    0    0 0.00000    0    0    0
[20,]    0 0.00000 0.9170258    0    0 0.00000    0    0    0
[21,]    0 0.00000 1.8340515    0    0 0.00000    0    0    0
[22,]    0 0.00000 2.7510773    0    0 6.41918    0    0    0
[23,]    0 0.00000 0.0000000    0    0 0.00000    0    0    0
[24,]    0 6.41918 0.9170258    0    0 0.00000    0    0    0
[25,]    0 0.00000 0.9170258    0    0 0.00000    0    0    0
[26,]    0 0.00000 0.9170258    0    0 0.00000    0    0    0
[27,]    0 0.00000 0.0000000    0    0 0.00000    0    0    0
[28,]    0 6.41918 0.9170258    0    0 0.00000    0    0    0
[29,]    0 0.00000 0.9170258    0    0 6.41918    0    0    0
[30,]    0 0.00000 4.5851288    0    0 0.00000    0    0    0
[31,]    0 0.00000 1.8340515    0    0 0.00000    0    0    0
[32,]    0 6.41918 1.8340515    0    0 0.00000    0    0    0
[33,]    0 0.00000 0.9170258    0    0 6.41918    0    0    0
[34,]    0 6.41918 0.9170258    0    0 0.00000    0    0    0
[35,]    0 0.00000 0.0000000    0    0 0.00000    0    0    0
[36,]    0 0.00000 0.0000000    0    0 0.00000    0    0    0
[37,]    0 0.00000 1.8340515    0    0 6.41918    0    0    0
[38,]    0 0.00000 0.0000000    0    0 0.00000    0    0    0
[39,]    0 0.00000 0.9170258    0    0 0.00000    0    0    0
[40,]    0 0.00000 0.9170258    0    0 0.00000    0    0    0
[41,]    0 0.00000 1.8340515    0    0 0.00000    0    0    0
[42,]    0 6.41918 1.8340515    0    0 0.00000    0    0    0
[43,]    0 0.00000 3.6681030    0    0 0.00000    0    0    0
[44,]    0 0.00000 2.7510773    0    0 0.00000    0    0    0
[45,]    0 0.00000 0.0000000    0    0 0.00000    0    0    0
[46,]    0 0.00000 0.9170258    0    0 0.00000    0    0    0
[47,]    0 0.00000 0.9170258    0    0 0.00000    0    0    0
[48,]    0 0.00000 0.9170258    0    0 0.00000    0    0    0
[49,]    0 0.00000 0.9170258    0    0 6.41918    0    0    0
[50,]    0 0.00000 2.7510773    0    0 0.00000    0    0    0

$Ndateboots
      [,1]     [,2]      [,3] [,4] [,5]     [,6] [,7] [,8] [,9]
 [1,]    0   0.0000  20.63492    0    0   0.0000    0    0    0
 [2,]    0   0.0000   0.00000    0    0   0.0000    0    0    0
 [3,]    0 144.4444  61.90476    0    0 144.4444    0    0    0
 [4,]    0   0.0000  20.63492    0    0   0.0000    0    0    0
 [5,]    0   0.0000   0.00000    0    0   0.0000    0    0    0
 [6,]    0   0.0000   0.00000    0    0 144.4444    0    0    0
 [7,]    0   0.0000  41.26984    0    0   0.0000    0    0    0
 [8,]    0   0.0000   0.00000    0    0   0.0000    0    0    0
 [9,]    0   0.0000  20.63492    0    0   0.0000    0    0    0
[10,]    0   0.0000   0.00000    0    0   0.0000    0    0    0
[11,]    0   0.0000  41.26984    0    0   0.0000    0    0    0
[12,]    0   0.0000  61.90476    0    0   0.0000    0    0    0
[13,]    0   0.0000  20.63492    0    0   0.0000    0    0    0
[14,]    0 144.4444  20.63492    0    0   0.0000    0    0    0
[15,]    0   0.0000  41.26984    0    0   0.0000    0    0    0
[16,]    0   0.0000   0.00000    0    0   0.0000    0    0    0
[17,]    0   0.0000  20.63492    0    0   0.0000    0    0    0
[18,]    0   0.0000   0.00000    0    0 144.4444    0    0    0
[19,]    0 144.4444  41.26984    0    0   0.0000    0    0    0
[20,]    0   0.0000  20.63492    0    0   0.0000    0    0    0
[21,]    0   0.0000  41.26984    0    0   0.0000    0    0    0
[22,]    0   0.0000  61.90476    0    0 144.4444    0    0    0
[23,]    0   0.0000   0.00000    0    0   0.0000    0    0    0
[24,]    0 144.4444  20.63492    0    0   0.0000    0    0    0
[25,]    0   0.0000  20.63492    0    0   0.0000    0    0    0
[26,]    0   0.0000  20.63492    0    0   0.0000    0    0    0
[27,]    0   0.0000   0.00000    0    0   0.0000    0    0    0
[28,]    0 144.4444  20.63492    0    0   0.0000    0    0    0
[29,]    0   0.0000  20.63492    0    0 144.4444    0    0    0
[30,]    0   0.0000 103.17460    0    0   0.0000    0    0    0
[31,]    0   0.0000  41.26984    0    0   0.0000    0    0    0
[32,]    0 144.4444  41.26984    0    0   0.0000    0    0    0
[33,]    0   0.0000  20.63492    0    0 144.4444    0    0    0
[34,]    0 144.4444  20.63492    0    0   0.0000    0    0    0
[35,]    0   0.0000   0.00000    0    0   0.0000    0    0    0
[36,]    0   0.0000   0.00000    0    0   0.0000    0    0    0
[37,]    0   0.0000  41.26984    0    0 144.4444    0    0    0
[38,]    0   0.0000   0.00000    0    0   0.0000    0    0    0
[39,]    0   0.0000  20.63492    0    0   0.0000    0    0    0
[40,]    0   0.0000  20.63492    0    0   0.0000    0    0    0
[41,]    0   0.0000  41.26984    0    0   0.0000    0    0    0
[42,]    0 144.4444  41.26984    0    0   0.0000    0    0    0
[43,]    0   0.0000  82.53968    0    0   0.0000    0    0    0
[44,]    0   0.0000  61.90476    0    0   0.0000    0    0    0
[45,]    0   0.0000   0.00000    0    0   0.0000    0    0    0
[46,]    0   0.0000  20.63492    0    0   0.0000    0    0    0
[47,]    0   0.0000  20.63492    0    0   0.0000    0    0    0
[48,]    0   0.0000  20.63492    0    0   0.0000    0    0    0
[49,]    0   0.0000  20.63492    0    0 144.4444    0    0    0
[50,]    0   0.0000  61.90476    0    0   0.0000    0    0    0

