$totdays
[1] 365

$Psampest
[1] NA

$Pbootest
     Mean      2.5%       50%     97.5% 
0.8829336 0.0000000 0.0000000 7.3331539 

$Pboots
 [1] 5.87343345 0.11074153 0.06278664 0.00000000 0.00000000 0.38062870 6.93547988
 [8] 0.00000000 0.00000000 0.00000000 0.86557816 0.44134081 0.00000000 0.00000000
[15] 0.05607208 8.18532617 0.00000000 0.00000000 3.98360387 0.00000000 2.77987135
[22] 0.00000000 0.00000000 0.00000000 0.00000000 0.00000000 0.00000000 0.75035757
[29] 0.31698259 4.62448723 0.00000000 0.00000000 0.00000000 0.00000000 7.44860759
[36] 0.43108912 0.05076016 0.00000000 0.50497718 0.09871505 0.00000000 0.00000000
[43] 0.00000000 0.00000000 0.00000000 0.18977008 0.00000000 0.00000000 0.00000000
[50] 0.05607208

$Bboots
 [1] 1.41554879 0.04605554 0.02611191 0.00000000 0.00000000 0.12200451 1.64659167
 [8] 0.00000000 0.00000000 0.00000000 0.32049538 0.03892659 0.00000000 0.00000000
[15] 0.02331943 2.01344992 0.00000000 0.00000000 0.85729122 0.00000000 0.56444294
[22] 0.00000000 0.00000000 0.00000000 0.00000000 0.00000000 0.00000000 0.24051525
[29] 0.02795810 1.22577676 0.00000000 0.00000000 0.00000000 0.00000000 2.15543506
[36] 0.13817880 0.02111030 0.00000000 0.16186245 0.04105393 0.00000000 0.00000000
[43] 0.00000000 0.00000000 0.00000000 0.01673787 0.00000000 0.00000000 0.00000000
[50] 0.02331943

$Nboots
 [1]  88.495370  10.000000   5.555556   0.000000   0.000000  17.559524 122.916667
 [8]   0.000000   0.000000   0.000000  22.337963   3.333333   0.000000   0.000000
[15]   5.138889 158.260582   0.000000   0.000000  66.718750   0.000000  44.756944
[22]   0.000000   0.000000   0.000000   0.000000   0.000000   0.000000  27.519841
[29]   2.222222  94.241898   0.000000   0.000000   0.000000   0.000000 149.855324
[36]  13.194444   5.000000   0.000000  19.503968   9.444444   0.000000   0.000000
[43]   0.000000   0.000000   0.000000   1.805556   0.000000   0.000000   0.000000
[50]   5.138889

$julians
[1] 2008 2040 2085 2141 2278 2283 2333 2362 2399

$intdays
[1]  32  45  56 137   5  50  29  37 -26

$Pintsampest
[1] NA NA NA NA NA NA NA NA NA

$Pintboots
             [,1]     [,2]     [,3]      [,4] [,5] [,6]       [,7]      [,8] [,9]
 [1,]          NA 3.775057 1.809747 0.2886290   NA   NA         NA        NA   NA
 [2,]          NA       NA       NA        NA   NA   NA 0.11074153        NA   NA
 [3,]          NA       NA       NA        NA   NA    0 0.06278664        NA   NA
 [4,]          NA       NA       NA        NA    0   NA         NA        NA   NA
 [5,]          NA       NA       NA        NA   NA    0         NA        NA   NA
 [6,]          NA       NA       NA        NA   NA   NA         NA 0.3806287   NA
 [7,] 0.003938594 3.077414 3.854127        NA   NA    0         NA        NA   NA
 [8,]          NA       NA       NA        NA   NA   NA         NA        NA   NA
 [9,]          NA       NA       NA        NA   NA   NA         NA        NA   NA
[10,]          NA       NA       NA        NA   NA   NA         NA        NA   NA
[11,] 0.865578157       NA       NA        NA   NA   NA         NA        NA   NA
[12,]          NA       NA       NA 0.4413408   NA   NA         NA        NA   NA
[13,]          NA       NA       NA        NA    0   NA         NA        NA   NA
[14,]          NA       NA       NA        NA   NA   NA         NA        NA   NA
[15,]          NA       NA       NA        NA   NA    0 0.05607208        NA   NA
[16,]          NA 4.070185 3.649942        NA   NA   NA         NA 0.4651987   NA
[17,]          NA       NA       NA        NA   NA   NA         NA        NA   NA
[18,]          NA       NA       NA        NA   NA   NA         NA        NA   NA
[19,]          NA       NA 3.983604        NA   NA   NA         NA        NA   NA
[20,]          NA       NA       NA        NA   NA   NA         NA        NA   NA
[21,]          NA       NA 2.513745 0.2661260   NA   NA         NA        NA   NA
[22,]          NA       NA       NA        NA   NA   NA         NA        NA   NA
[23,]          NA       NA       NA        NA   NA    0         NA        NA   NA
[24,]          NA       NA       NA        NA   NA   NA         NA        NA   NA
[25,]          NA       NA       NA        NA   NA   NA         NA        NA   NA
[26,]          NA       NA       NA        NA   NA   NA         NA        NA   NA
[27,]          NA       NA       NA        NA   NA   NA         NA        NA   NA
[28,]          NA       NA       NA        NA   NA   NA         NA 0.7503576   NA
[29,]          NA       NA       NA 0.3169826   NA   NA         NA        NA   NA
[30,]          NA 4.624487       NA        NA    0   NA         NA        NA   NA
[31,]          NA       NA       NA        NA   NA   NA         NA        NA   NA
[32,]          NA       NA       NA        NA   NA   NA         NA        NA   NA
[33,]          NA       NA       NA        NA   NA    0         NA        NA   NA
[34,]          NA       NA       NA        NA   NA   NA         NA        NA   NA
[35,] 1.721309828 5.727298       NA        NA   NA   NA         NA        NA   NA
[36,]          NA       NA       NA        NA   NA   NA         NA 0.4310891   NA
[37,]          NA       NA       NA        NA    0    0 0.05076016        NA   NA
[38,]          NA       NA       NA        NA    0   NA         NA        NA   NA
[39,]          NA       NA       NA        NA   NA   NA         NA 0.5049772   NA
[40,]          NA       NA       NA        NA   NA   NA 0.09871505        NA   NA
[41,]          NA       NA       NA        NA   NA   NA         NA        NA   NA
[42,]          NA       NA       NA        NA   NA   NA         NA        NA   NA
[43,]          NA       NA       NA        NA   NA   NA         NA        NA   NA
[44,]          NA       NA       NA        NA    0   NA         NA        NA   NA
[45,]          NA       NA       NA        NA   NA   NA         NA        NA   NA
[46,]          NA       NA       NA 0.1897701   NA   NA         NA        NA   NA
[47,]          NA       NA       NA        NA   NA   NA         NA        NA   NA
[48,]          NA       NA       NA        NA    0   NA         NA        NA   NA
[49,]          NA       NA       NA        NA   NA   NA         NA        NA   NA
[50,]          NA       NA       NA        NA   NA   NA 0.05607208        NA   NA

$Bdatesampinfo
      DATE JULIAN N Mean Stdev
1 07/01/11   2008 4   NA    NA
2 08/02/11   2040 3   NA    NA
3 09/16/11   2085 8   NA    NA
4 11/11/11   2141 5   NA    NA
5 03/27/12   2278 4   NA    NA
6 04/01/12   2283 2   NA    NA
7 05/21/12   2333 3   NA    NA
8 06/19/12   2362 5   NA    NA
9 07/26/12   2399 7   NA    NA

$Ndatesampinfo
      DATE JULIAN N Mean Stdev
1 07/01/11   2008 4   NA    NA
2 08/02/11   2040 3   NA    NA
3 09/16/11   2085 8   NA    NA
4 11/11/11   2141 5   NA    NA
5 03/27/12   2278 4   NA    NA
6 04/01/12   2283 2   NA    NA
7 05/21/12   2333 3   NA    NA
8 06/19/12   2362 5   NA    NA
9 07/26/12   2399 7   NA    NA

$Bdateboots
            [,1]      [,2]      [,3]      [,4] [,5] [,6] [,7]       [,8]     [,9]
 [1,] 0.00000000 10.185852  5.824147 0.4073168    0    0    0 0.00000000 2.940579
 [2,] 0.01166667  0.000000  5.989551 0.0000000    0    0    0 0.73688857 0.000000
 [3,] 0.01166667  0.000000  9.578731 0.0000000    0    0    0 0.41779049 0.000000
 [4,] 0.00000000  0.000000  2.983397 0.0000000    0    0    0 0.00000000 0.000000
 [5,] 0.01166667  0.000000  4.659019 0.0000000    0    0    0 0.00000000 0.000000
 [6,] 0.00000000  0.000000  0.000000 0.0000000    0    0    0 0.41779049 1.534282
 [7,] 0.02333333  0.000000 13.051298 0.2195367    0    0    0 0.00000000 1.523555
 [8,] 0.00000000  5.092926  0.000000 0.2995625    0    0    0 0.00000000 0.000000
 [9,] 0.00000000  0.000000  0.000000 0.3673039    0    0    0 0.00000000 2.718650
[10,] 0.00000000  0.000000  0.000000 0.0000000    0    0    0 0.08201288 0.000000
[11,] 0.03500000  5.092926  0.000000 0.0000000    0    0    0 0.00000000 1.729677
[12,] 0.02333333  0.000000  0.000000 0.6228255    0    0    0 0.00000000 0.000000
[13,] 0.02333333  0.000000  5.376667 0.0000000    0    0    0 0.69220903 0.000000
[14,] 0.00000000  5.092926  0.000000 0.0000000    0    0    0 0.00000000 0.000000
[15,] 0.00000000  0.000000  0.000000 0.0000000    0    0    0 0.37311095 0.000000
[16,] 0.00000000  5.092926 12.168709 0.3990605    0    0    0 0.39177762 1.994016
[17,] 0.00000000  0.000000  0.000000 0.0000000    0    0    0 0.00000000 1.317433
[18,] 0.00000000  0.000000  0.000000 0.3755602    0    0    0 0.00000000 1.385590
[19,] 0.00000000  0.000000 13.269330 0.4473297    0    0    0 0.64752949 0.000000
[20,] 0.00000000  0.000000  3.512409 0.0000000    0    0    0 0.00000000 0.000000
[21,] 0.00000000  0.000000  8.279967 0.3755602    0    0    0 0.72755524 0.000000
[22,] 0.00000000  0.000000  0.000000 0.0000000    0    0    0 0.01866667 0.000000
[23,] 0.01166667  0.000000  0.000000 0.0000000    0    0    0 0.00000000 0.000000
[24,] 0.00000000  5.092926  0.000000 0.0000000    0    0    0 0.00000000 3.574746
[25,] 0.00000000  5.092926  0.000000 0.0000000    0    0    0 0.00000000 0.000000
[26,] 0.00000000  0.000000  7.020520 0.0000000    0    0    0 0.00000000 2.470114
[27,] 0.00000000  0.000000  0.000000 0.0000000    0    0    0 0.00000000 2.554944
[28,] 0.00000000  0.000000  0.000000 0.4390734    0    0    0 0.70154236 3.146702
[29,] 0.00000000 10.185852  0.000000 0.4473297    0    0    0 0.00000000 1.951607
[30,] 0.00000000 10.185852  9.426576 0.0000000    0    0    0 0.00000000 2.152633
[31,] 0.00000000  0.000000  0.000000 0.0000000    0    0    0 0.00000000 0.000000
[32,] 0.03500000  0.000000  5.943562 0.0000000    0    0    0 0.00000000 0.000000
[33,] 0.03500000  0.000000  0.000000 0.0000000    0    0    0 0.00000000 0.000000
[34,] 0.02333333  0.000000  0.000000 0.0000000    0    0    0 0.33776474 0.000000
[35,] 0.01166667 10.185852 14.103590 0.0000000    0    0    0 0.00000000 1.249271
[36,] 0.00000000  0.000000  0.000000 0.0000000    0    0    0 0.00000000 2.210861
[37,] 0.00000000 15.278778  0.000000 0.0000000    0    0    0 0.33776474 0.000000
[38,] 0.01166667  0.000000  6.234589 0.0000000    0    0    0 0.41779049 0.000000
[39,] 0.00000000  0.000000  0.000000 0.0000000    0    0    0 0.63819615 1.951603
[40,] 0.00000000  0.000000  0.000000 0.0000000    0    0    0 0.65686282 0.000000
[41,] 0.00000000 10.185852  0.000000 0.0000000    0    0    0 0.00000000 1.359845
[42,] 0.00000000  0.000000  0.000000 0.5150711    0    0    0 0.41779049 0.000000
[43,] 0.01166667  0.000000  9.480638 0.0000000    0    0    0 0.06334621 0.000000
[44,] 0.00000000  0.000000  0.000000 0.0000000    0    0    0 0.70154236 0.000000
[45,] 0.00000000  5.092926  0.000000 0.0000000    0    0    0 0.00000000 1.787893
[46,] 0.02333333  0.000000  0.000000 0.2678059    0    0    0 0.00000000 0.000000
[47,] 0.00000000  0.000000  9.673048 0.0000000    0    0    0 0.69220903 0.000000
[48,] 0.00000000  0.000000  0.000000 0.0000000    0    0    0 0.70154236 0.000000
[49,] 0.01166667  0.000000  0.000000 0.0000000    0    0    0 0.00000000 1.179472
[50,] 0.00000000 10.185852  0.000000 0.0000000    0    0    0 0.37311095 0.000000

$Ndateboots
           [,1]      [,2]      [,3]     [,4] [,5] [,6] [,7]       [,8]      [,9]
 [1,]  0.000000  681.4815  336.1111 31.11111    0    0    0   0.000000 279.36508
 [2,]  5.555556    0.0000  572.2222  0.00000    0    0    0 160.000000   0.00000
 [3,]  5.555556    0.0000  666.6667  0.00000    0    0    0  88.888889   0.00000
 [4,]  0.000000    0.0000  236.1111  0.00000    0    0    0   0.000000   0.00000
 [5,]  5.555556    0.0000  368.0556  0.00000    0    0    0   0.000000   0.00000
 [6,]  0.000000    0.0000    0.0000  0.00000    0    0    0  88.888889 192.06349
 [7,] 11.111111    0.0000  972.2222 11.11111    0    0    0   0.000000 111.11111
 [8,]  0.000000  340.7407    0.0000 20.00000    0    0    0   0.000000   0.00000
 [9,]  0.000000    0.0000    0.0000 26.66667    0    0    0   0.000000 212.69841
[10,]  0.000000    0.0000    0.0000  0.00000    0    0    0  24.444444   0.00000
[11,] 16.666667  340.7407    0.0000  0.00000    0    0    0   0.000000 114.28571
[12,] 11.111111    0.0000    0.0000 53.33333    0    0    0   0.000000   0.00000
[13,] 11.111111    0.0000  576.3889  0.00000    0    0    0 153.333333   0.00000
[14,]  0.000000  340.7407    0.0000  0.00000    0    0    0   0.000000   0.00000
[15,]  0.000000    0.0000    0.0000  0.00000    0    0    0  82.222222   0.00000
[16,]  0.000000  340.7407  972.2222 17.77778    0    0    0  91.111111 138.09524
[17,]  0.000000    0.0000    0.0000  0.00000    0    0    0   0.000000 107.93651
[18,]  0.000000    0.0000    0.0000 40.00000    0    0    0   0.000000 125.39683
[19,]  0.000000    0.0000 1031.9444 35.55556    0    0    0 146.666667   0.00000
[20,]  0.000000    0.0000  177.7778  0.00000    0    0    0   0.000000   0.00000
[21,]  0.000000    0.0000  636.1111 40.00000    0    0    0 155.555556   0.00000
[22,]  0.000000    0.0000    0.0000  0.00000    0    0    0   8.888889   0.00000
[23,]  5.555556    0.0000    0.0000  0.00000    0    0    0   0.000000   0.00000
[24,]  0.000000  340.7407    0.0000  0.00000    0    0    0   0.000000 330.15873
[25,]  0.000000  340.7407    0.0000  0.00000    0    0    0   0.000000   0.00000
[26,]  0.000000    0.0000  534.7222  0.00000    0    0    0   0.000000 241.26984
[27,]  0.000000    0.0000    0.0000  0.00000    0    0    0   0.000000 188.88889
[28,]  0.000000    0.0000    0.0000 22.22222    0    0    0 157.777778 282.53968
[29,]  0.000000  681.4815    0.0000 35.55556    0    0    0   0.000000 180.95238
[30,]  0.000000  681.4815  826.3889  0.00000    0    0    0   0.000000 157.14286
[31,]  0.000000    0.0000    0.0000  0.00000    0    0    0   0.000000   0.00000
[32,] 16.666667    0.0000  441.6667  0.00000    0    0    0   0.000000   0.00000
[33,] 16.666667    0.0000    0.0000  0.00000    0    0    0   0.000000   0.00000
[34,] 11.111111    0.0000    0.0000  0.00000    0    0    0  80.000000   0.00000
[35,]  5.555556  681.4815 1029.1667  0.00000    0    0    0   0.000000  79.36508
[36,]  0.000000    0.0000    0.0000  0.00000    0    0    0   0.000000 211.11111
[37,]  0.000000 1022.2222    0.0000  0.00000    0    0    0  80.000000   0.00000
[38,]  5.555556    0.0000  540.2778  0.00000    0    0    0  88.888889   0.00000
[39,]  0.000000    0.0000    0.0000  0.00000    0    0    0 142.222222 169.84127
[40,]  0.000000    0.0000    0.0000  0.00000    0    0    0 151.111111   0.00000
[41,]  0.000000  681.4815    0.0000  0.00000    0    0    0   0.000000  76.19048
[42,]  0.000000    0.0000    0.0000 42.22222    0    0    0  88.888889   0.00000
[43,]  5.555556    0.0000  655.5556  0.00000    0    0    0  15.555556   0.00000
[44,]  0.000000    0.0000    0.0000  0.00000    0    0    0 157.777778   0.00000
[45,]  0.000000  340.7407    0.0000  0.00000    0    0    0   0.000000 134.92063
[46,] 11.111111    0.0000    0.0000 28.88889    0    0    0   0.000000   0.00000
[47,]  0.000000    0.0000  800.0000  0.00000    0    0    0 153.333333   0.00000
[48,]  0.000000    0.0000    0.0000  0.00000    0    0    0 157.777778   0.00000
[49,]  5.555556    0.0000    0.0000  0.00000    0    0    0   0.000000 133.33333
[50,]  0.000000  681.4815    0.0000  0.00000    0    0    0  82.222222   0.00000

