$totdays
[1] 391

$Psampest
[1] 13.34543

$Pbootest
     Mean      2.5%       50%     97.5% 
 28.21809   0.00000  13.34543 137.31812 

$Pboots
 [1]   0.00000  13.34543  13.34543  40.03630  13.34543  26.69087   0.00000  13.34543
 [9]   0.00000  71.82631   0.00000  26.69087   0.00000  13.34543   0.00000   0.00000
[17]   0.00000  13.34543  13.34543  26.69087  26.69087 197.59283  13.34543  13.34543
[25] 152.45739  85.17174  63.93446  13.34543  26.69087  26.69087  26.69087  26.69087
[33]   0.00000   0.00000  13.34543  26.69087  71.82631   0.00000  26.69087  26.69087
[41]  71.82631  26.69087   0.00000  13.34543  13.34543  63.93446  71.82631   0.00000
[49]  13.34543  13.34543

$Bboots
 [1]  0.000000  2.817760  2.817760  8.453281  2.817760  5.635520  0.000000  2.817760
 [9]  0.000000 19.724321  0.000000  5.635520  0.000000  2.817760  0.000000  0.000000
[17]  0.000000  2.817760  2.817760  5.635520  5.635520 39.448643  2.817760  2.817760
[25] 25.359842 22.542082 22.542082  2.817760  5.635520  5.635520  5.635520  5.635520
[33]  0.000000  0.000000  2.817760  5.635520 19.724321  0.000000  5.635520  5.635520
[41] 19.724321  5.635520  0.000000  2.817760  2.817760 22.542082 19.724321  0.000000
[49]  2.817760  2.817760

$Nboots
 [1] 0.0000000 0.5291005 0.5291005 1.5873016 0.5291005 1.0582011 0.0000000 0.5291005
 [9] 0.0000000 3.7037037 0.0000000 1.0582011 0.0000000 0.5291005 0.0000000 0.0000000
[17] 0.0000000 0.5291005 0.5291005 1.0582011 1.0582011 7.4074074 0.5291005 0.5291005
[25] 4.7619048 4.2328042 4.2328042 0.5291005 1.0582011 1.0582011 1.0582011 1.0582011
[33] 0.0000000 0.0000000 0.5291005 1.0582011 3.7037037 0.0000000 1.0582011 1.0582011
[41] 3.7037037 1.0582011 0.0000000 0.5291005 0.5291005 4.2328042 3.7037037 0.0000000
[49] 0.5291005 0.5291005

$julians
 [1] 2008 2040 2085 2141 2232 2278 2283 2333 2362 2399

$intdays
[1] 32 45 56 91 46  5 50 29 37

$Pintsampest
[1] 0.000000 5.980010 7.365424 0.000000 0.000000 0.000000 0.000000 0.000000 0.000000

$Pintboots
          [,1]     [,2]      [,3]     [,4]     [,5]     [,6]     [,7] [,8] [,9]
 [1,]  0.00000  0.00000  0.000000  0.00000  0.00000 0.000000  0.00000    0    0
 [2,]  0.00000  5.98001  7.365424  0.00000  0.00000 0.000000  0.00000    0    0
 [3,]  0.00000  5.98001  7.365424  0.00000  0.00000 0.000000  0.00000    0    0
 [4,]  0.00000 17.94003 22.096272  0.00000  0.00000 0.000000  0.00000    0    0
 [5,]  0.00000  5.98001  7.365424  0.00000  0.00000 0.000000  0.00000    0    0
 [6,]  0.00000 11.96002 14.730848  0.00000  0.00000 0.000000  0.00000    0    0
 [7,]  0.00000  0.00000  0.000000  0.00000  0.00000 0.000000  0.00000    0    0
 [8,]  0.00000  5.98001  7.365424  0.00000  0.00000 0.000000  0.00000    0    0
 [9,]  0.00000  0.00000  0.000000  0.00000  0.00000 0.000000  0.00000    0    0
[10,] 29.96623 41.86007  0.000000  0.00000  0.00000 0.000000  0.00000    0    0
[11,]  0.00000  0.00000  0.000000  0.00000  0.00000 0.000000  0.00000    0    0
[12,]  0.00000 11.96002 14.730848  0.00000  0.00000 0.000000  0.00000    0    0
[13,]  0.00000  0.00000  0.000000  0.00000  0.00000 0.000000  0.00000    0    0
[14,]  0.00000  5.98001  7.365424  0.00000  0.00000 0.000000  0.00000    0    0
[15,]  0.00000  0.00000  0.000000  0.00000  0.00000 0.000000  0.00000    0    0
[16,]  0.00000  0.00000  0.000000  0.00000  0.00000 0.000000  0.00000    0    0
[17,]  0.00000  0.00000  0.000000  0.00000  0.00000 0.000000  0.00000    0    0
[18,]  0.00000  5.98001  7.365424  0.00000  0.00000 0.000000  0.00000    0    0
[19,]  0.00000  5.98001  7.365424  0.00000  0.00000 0.000000  0.00000    0    0
[20,]  0.00000 11.96002 14.730848  0.00000  0.00000 0.000000  0.00000    0    0
[21,]  0.00000 11.96002 14.730848  0.00000  0.00000 0.000000  0.00000    0    0
[22,] 29.96623 41.86007  0.000000 83.55965 42.20687 0.000000  0.00000    0    0
[23,]  0.00000  5.98001  7.365424  0.00000  0.00000 0.000000  0.00000    0    0
[24,]  0.00000  5.98001  7.365424  0.00000  0.00000 0.000000  0.00000    0    0
[25,]  0.00000 11.96002 14.730848 83.55965 42.20687 0.000000  0.00000    0    0
[26,] 29.96623 47.84008  7.365424  0.00000  0.00000 0.000000  0.00000    0    0
[27,]  0.00000  5.98001  7.365424  0.00000  0.00000 4.589983 45.99904    0    0
[28,]  0.00000  5.98001  7.365424  0.00000  0.00000 0.000000  0.00000    0    0
[29,]  0.00000 11.96002 14.730848  0.00000  0.00000 0.000000  0.00000    0    0
[30,]  0.00000 11.96002 14.730848  0.00000  0.00000 0.000000  0.00000    0    0
[31,]  0.00000 11.96002 14.730848  0.00000  0.00000 0.000000  0.00000    0    0
[32,]  0.00000 11.96002 14.730848  0.00000  0.00000 0.000000  0.00000    0    0
[33,]  0.00000  0.00000  0.000000  0.00000  0.00000 0.000000  0.00000    0    0
[34,]  0.00000  0.00000  0.000000  0.00000  0.00000 0.000000  0.00000    0    0
[35,]  0.00000  5.98001  7.365424  0.00000  0.00000 0.000000  0.00000    0    0
[36,]  0.00000 11.96002 14.730848  0.00000  0.00000 0.000000  0.00000    0    0
[37,] 29.96623 41.86007  0.000000  0.00000  0.00000 0.000000  0.00000    0    0
[38,]  0.00000  0.00000  0.000000  0.00000  0.00000 0.000000  0.00000    0    0
[39,]  0.00000 11.96002 14.730848  0.00000  0.00000 0.000000  0.00000    0    0
[40,]  0.00000 11.96002 14.730848  0.00000  0.00000 0.000000  0.00000    0    0
[41,] 29.96623 41.86007  0.000000  0.00000  0.00000 0.000000  0.00000    0    0
[42,]  0.00000 11.96002 14.730848  0.00000  0.00000 0.000000  0.00000    0    0
[43,]  0.00000  0.00000  0.000000  0.00000  0.00000 0.000000  0.00000    0    0
[44,]  0.00000  5.98001  7.365424  0.00000  0.00000 0.000000  0.00000    0    0
[45,]  0.00000  5.98001  7.365424  0.00000  0.00000 0.000000  0.00000    0    0
[46,]  0.00000  5.98001  7.365424  0.00000  0.00000 4.589983 45.99904    0    0
[47,] 29.96623 41.86007  0.000000  0.00000  0.00000 0.000000  0.00000    0    0
[48,]  0.00000  0.00000  0.000000  0.00000  0.00000 0.000000  0.00000    0    0
[49,]  0.00000  5.98001  7.365424  0.00000  0.00000 0.000000  0.00000    0    0
[50,]  0.00000  5.98001  7.365424  0.00000  0.00000 0.000000  0.00000    0    0

$Bdatesampinfo
       DATE JULIAN N     Mean    Stdev
1  07/01/11   2008 3  0.00000  0.00000
2  08/02/11   2040 1  0.00000       NA
3  09/16/11   2085 7 25.35984 67.09583
4  11/11/11   2141 5  0.00000  0.00000
5  02/10/12   2232 1  0.00000       NA
6  03/27/12   2278 3  0.00000  0.00000
7  04/01/12   2283 1  0.00000       NA
8  05/21/12   2333 2  0.00000  0.00000
9  06/19/12   2362 4  0.00000  0.00000
10 07/26/12   2399 6  0.00000  0.00000

$Ndatesampinfo
       DATE JULIAN N     Mean    Stdev
1  07/01/11   2008 3 0.000000  0.00000
2  08/02/11   2040 1 0.000000       NA
3  09/16/11   2085 7 4.761905 12.59882
4  11/11/11   2141 5 0.000000  0.00000
5  02/10/12   2232 1 0.000000       NA
6  03/27/12   2278 3 0.000000  0.00000
7  04/01/12   2283 1 0.000000       NA
8  05/21/12   2333 2 0.000000  0.00000
9  06/19/12   2362 4 0.000000  0.00000
10 07/26/12   2399 6 0.000000  0.00000

$Bdateboots
      [,1]     [,2]     [,3] [,4]     [,5] [,6]     [,7] [,8] [,9] [,10]
 [1,]    0   0.0000  0.00000    0   0.0000    0   0.0000    0    0     0
 [2,]    0   0.0000 25.35984    0   0.0000    0   0.0000    0    0     0
 [3,]    0   0.0000 25.35984    0   0.0000    0   0.0000    0    0     0
 [4,]    0   0.0000 76.07953    0   0.0000    0   0.0000    0    0     0
 [5,]    0   0.0000 25.35984    0   0.0000    0   0.0000    0    0     0
 [6,]    0   0.0000 50.71968    0   0.0000    0   0.0000    0    0     0
 [7,]    0   0.0000  0.00000    0   0.0000    0   0.0000    0    0     0
 [8,]    0   0.0000 25.35984    0   0.0000    0   0.0000    0    0     0
 [9,]    0   0.0000  0.00000    0   0.0000    0   0.0000    0    0     0
[10,]    0 177.5189  0.00000    0   0.0000    0   0.0000    0    0     0
[11,]    0   0.0000  0.00000    0   0.0000    0   0.0000    0    0     0
[12,]    0   0.0000 50.71968    0   0.0000    0   0.0000    0    0     0
[13,]    0   0.0000  0.00000    0   0.0000    0   0.0000    0    0     0
[14,]    0   0.0000 25.35984    0   0.0000    0   0.0000    0    0     0
[15,]    0   0.0000  0.00000    0   0.0000    0   0.0000    0    0     0
[16,]    0   0.0000  0.00000    0   0.0000    0   0.0000    0    0     0
[17,]    0   0.0000  0.00000    0   0.0000    0   0.0000    0    0     0
[18,]    0   0.0000 25.35984    0   0.0000    0   0.0000    0    0     0
[19,]    0   0.0000 25.35984    0   0.0000    0   0.0000    0    0     0
[20,]    0   0.0000 50.71968    0   0.0000    0   0.0000    0    0     0
[21,]    0   0.0000 50.71968    0   0.0000    0   0.0000    0    0     0
[22,]    0 177.5189  0.00000    0 177.5189    0   0.0000    0    0     0
[23,]    0   0.0000 25.35984    0   0.0000    0   0.0000    0    0     0
[24,]    0   0.0000 25.35984    0   0.0000    0   0.0000    0    0     0
[25,]    0   0.0000 50.71968    0 177.5189    0   0.0000    0    0     0
[26,]    0 177.5189 25.35984    0   0.0000    0   0.0000    0    0     0
[27,]    0   0.0000 25.35984    0   0.0000    0 177.5189    0    0     0
[28,]    0   0.0000 25.35984    0   0.0000    0   0.0000    0    0     0
[29,]    0   0.0000 50.71968    0   0.0000    0   0.0000    0    0     0
[30,]    0   0.0000 50.71968    0   0.0000    0   0.0000    0    0     0
[31,]    0   0.0000 50.71968    0   0.0000    0   0.0000    0    0     0
[32,]    0   0.0000 50.71968    0   0.0000    0   0.0000    0    0     0
[33,]    0   0.0000  0.00000    0   0.0000    0   0.0000    0    0     0
[34,]    0   0.0000  0.00000    0   0.0000    0   0.0000    0    0     0
[35,]    0   0.0000 25.35984    0   0.0000    0   0.0000    0    0     0
[36,]    0   0.0000 50.71968    0   0.0000    0   0.0000    0    0     0
[37,]    0 177.5189  0.00000    0   0.0000    0   0.0000    0    0     0
[38,]    0   0.0000  0.00000    0   0.0000    0   0.0000    0    0     0
[39,]    0   0.0000 50.71968    0   0.0000    0   0.0000    0    0     0
[40,]    0   0.0000 50.71968    0   0.0000    0   0.0000    0    0     0
[41,]    0 177.5189  0.00000    0   0.0000    0   0.0000    0    0     0
[42,]    0   0.0000 50.71968    0   0.0000    0   0.0000    0    0     0
[43,]    0   0.0000  0.00000    0   0.0000    0   0.0000    0    0     0
[44,]    0   0.0000 25.35984    0   0.0000    0   0.0000    0    0     0
[45,]    0   0.0000 25.35984    0   0.0000    0   0.0000    0    0     0
[46,]    0   0.0000 25.35984    0   0.0000    0 177.5189    0    0     0
[47,]    0 177.5189  0.00000    0   0.0000    0   0.0000    0    0     0
[48,]    0   0.0000  0.00000    0   0.0000    0   0.0000    0    0     0
[49,]    0   0.0000 25.35984    0   0.0000    0   0.0000    0    0     0
[50,]    0   0.0000 25.35984    0   0.0000    0   0.0000    0    0     0

$Ndateboots
      [,1]     [,2]      [,3] [,4]     [,5] [,6]     [,7] [,8] [,9] [,10]
 [1,]    0  0.00000  0.000000    0  0.00000    0  0.00000    0    0     0
 [2,]    0  0.00000  4.761905    0  0.00000    0  0.00000    0    0     0
 [3,]    0  0.00000  4.761905    0  0.00000    0  0.00000    0    0     0
 [4,]    0  0.00000 14.285714    0  0.00000    0  0.00000    0    0     0
 [5,]    0  0.00000  4.761905    0  0.00000    0  0.00000    0    0     0
 [6,]    0  0.00000  9.523810    0  0.00000    0  0.00000    0    0     0
 [7,]    0  0.00000  0.000000    0  0.00000    0  0.00000    0    0     0
 [8,]    0  0.00000  4.761905    0  0.00000    0  0.00000    0    0     0
 [9,]    0  0.00000  0.000000    0  0.00000    0  0.00000    0    0     0
[10,]    0 33.33333  0.000000    0  0.00000    0  0.00000    0    0     0
[11,]    0  0.00000  0.000000    0  0.00000    0  0.00000    0    0     0
[12,]    0  0.00000  9.523810    0  0.00000    0  0.00000    0    0     0
[13,]    0  0.00000  0.000000    0  0.00000    0  0.00000    0    0     0
[14,]    0  0.00000  4.761905    0  0.00000    0  0.00000    0    0     0
[15,]    0  0.00000  0.000000    0  0.00000    0  0.00000    0    0     0
[16,]    0  0.00000  0.000000    0  0.00000    0  0.00000    0    0     0
[17,]    0  0.00000  0.000000    0  0.00000    0  0.00000    0    0     0
[18,]    0  0.00000  4.761905    0  0.00000    0  0.00000    0    0     0
[19,]    0  0.00000  4.761905    0  0.00000    0  0.00000    0    0     0
[20,]    0  0.00000  9.523810    0  0.00000    0  0.00000    0    0     0
[21,]    0  0.00000  9.523810    0  0.00000    0  0.00000    0    0     0
[22,]    0 33.33333  0.000000    0 33.33333    0  0.00000    0    0     0
[23,]    0  0.00000  4.761905    0  0.00000    0  0.00000    0    0     0
[24,]    0  0.00000  4.761905    0  0.00000    0  0.00000    0    0     0
[25,]    0  0.00000  9.523810    0 33.33333    0  0.00000    0    0     0
[26,]    0 33.33333  4.761905    0  0.00000    0  0.00000    0    0     0
[27,]    0  0.00000  4.761905    0  0.00000    0 33.33333    0    0     0
[28,]    0  0.00000  4.761905    0  0.00000    0  0.00000    0    0     0
[29,]    0  0.00000  9.523810    0  0.00000    0  0.00000    0    0     0
[30,]    0  0.00000  9.523810    0  0.00000    0  0.00000    0    0     0
[31,]    0  0.00000  9.523810    0  0.00000    0  0.00000    0    0     0
[32,]    0  0.00000  9.523810    0  0.00000    0  0.00000    0    0     0
[33,]    0  0.00000  0.000000    0  0.00000    0  0.00000    0    0     0
[34,]    0  0.00000  0.000000    0  0.00000    0  0.00000    0    0     0
[35,]    0  0.00000  4.761905    0  0.00000    0  0.00000    0    0     0
[36,]    0  0.00000  9.523810    0  0.00000    0  0.00000    0    0     0
[37,]    0 33.33333  0.000000    0  0.00000    0  0.00000    0    0     0
[38,]    0  0.00000  0.000000    0  0.00000    0  0.00000    0    0     0
[39,]    0  0.00000  9.523810    0  0.00000    0  0.00000    0    0     0
[40,]    0  0.00000  9.523810    0  0.00000    0  0.00000    0    0     0
[41,]    0 33.33333  0.000000    0  0.00000    0  0.00000    0    0     0
[42,]    0  0.00000  9.523810    0  0.00000    0  0.00000    0    0     0
[43,]    0  0.00000  0.000000    0  0.00000    0  0.00000    0    0     0
[44,]    0  0.00000  4.761905    0  0.00000    0  0.00000    0    0     0
[45,]    0  0.00000  4.761905    0  0.00000    0  0.00000    0    0     0
[46,]    0  0.00000  4.761905    0  0.00000    0 33.33333    0    0     0
[47,]    0 33.33333  0.000000    0  0.00000    0  0.00000    0    0     0
[48,]    0  0.00000  0.000000    0  0.00000    0  0.00000    0    0     0
[49,]    0  0.00000  4.761905    0  0.00000    0  0.00000    0    0     0
[50,]    0  0.00000  4.761905    0  0.00000    0  0.00000    0    0     0

