$totdays
[1] 365

$Psampest
[1] 0.09649451

$Pbootest
      Mean       2.5%        50%      97.5% 
0.24532503 0.00000000 0.09649451 0.92046269 

$Pboots
 [1] 0.09649451 0.51934219 0.09649451 0.09649451 0.09649451 0.00000000 0.61583670
 [8] 0.19298902 0.51934219 0.51934219 0.00000000 0.09649451 0.09649451 0.38597803
[15] 0.09649451 0.61583670 0.00000000 0.00000000 0.19298902 0.00000000 0.28948353
[22] 0.00000000 0.00000000 0.00000000 0.36505126 0.71233121 0.09649451 0.00000000
[29] 0.09649451 0.36505126 0.00000000 0.38597803 0.28948353 0.09649451 0.28948353
[36] 0.46154576 0.09649451 0.98088796 0.00000000 0.09649451 0.61583670 0.61583670
[43] 1.07738247 0.09649451 0.09649451 0.51934219 0.00000000 0.00000000 0.19298902
[50] 0.19298902

$Bboots
 [1] 0.02292185 0.16045295 0.02292185 0.02292185 0.02292185 0.00000000 0.18337480
 [8] 0.04584370 0.16045295 0.16045295 0.00000000 0.02292185 0.02292185 0.09168740
[15] 0.02292185 0.18337480 0.00000000 0.00000000 0.04584370 0.00000000 0.06876555
[22] 0.00000000 0.00000000 0.00000000 0.16045295 0.20629665 0.02292185 0.00000000
[29] 0.02292185 0.16045295 0.00000000 0.09168740 0.06876555 0.02292185 0.06876555
[36] 0.18337480 0.02292185 0.34382775 0.00000000 0.02292185 0.18337480 0.18337480
[43] 0.36674960 0.02292185 0.02292185 0.16045295 0.00000000 0.00000000 0.04584370
[50] 0.04584370

$Nboots
 [1] 0.5952381 4.1666667 0.5952381 0.5952381 0.5952381 0.0000000 4.7619048 1.1904762
 [9] 4.1666667 4.1666667 0.0000000 0.5952381 0.5952381 2.3809524 0.5952381 4.7619048
[17] 0.0000000 0.0000000 1.1904762 0.0000000 1.7857143 0.0000000 0.0000000 0.0000000
[25] 4.1666667 5.3571429 0.5952381 0.0000000 0.5952381 4.1666667 0.0000000 2.3809524
[33] 1.7857143 0.5952381 1.7857143 4.7619048 0.5952381 8.9285714 0.0000000 0.5952381
[41] 4.7619048 4.7619048 9.5238095 0.5952381 0.5952381 4.1666667 0.0000000 0.0000000
[49] 1.1904762 1.1904762

$julians
[1] 2008 2040 2085 2141 2278 2283 2333 2362 2399

$intdays
[1]  32  45  56 137   5  50  29  37 -26

$Pintsampest
[1] 0.00000000 0.04323863 0.05325587 0.00000000 0.00000000 0.00000000 0.00000000
[8] 0.00000000 0.00000000

$Pintboots
           [,1]       [,2]       [,3] [,4]      [,5]      [,6] [,7] [,8] [,9]
 [1,] 0.0000000 0.04323863 0.05325587    0 0.0000000 0.0000000    0    0    0
 [2,] 0.2166718 0.30267043 0.00000000    0 0.0000000 0.0000000    0    0    0
 [3,] 0.0000000 0.04323863 0.05325587    0 0.0000000 0.0000000    0    0    0
 [4,] 0.0000000 0.04323863 0.05325587    0 0.0000000 0.0000000    0    0    0
 [5,] 0.0000000 0.04323863 0.05325587    0 0.0000000 0.0000000    0    0    0
 [6,] 0.0000000 0.00000000 0.00000000    0 0.0000000 0.0000000    0    0    0
 [7,] 0.2166718 0.34590907 0.05325587    0 0.0000000 0.0000000    0    0    0
 [8,] 0.0000000 0.08647727 0.10651175    0 0.0000000 0.0000000    0    0    0
 [9,] 0.2166718 0.30267043 0.00000000    0 0.0000000 0.0000000    0    0    0
[10,] 0.2166718 0.30267043 0.00000000    0 0.0000000 0.0000000    0    0    0
[11,] 0.0000000 0.00000000 0.00000000    0 0.0000000 0.0000000    0    0    0
[12,] 0.0000000 0.04323863 0.05325587    0 0.0000000 0.0000000    0    0    0
[13,] 0.0000000 0.04323863 0.05325587    0 0.0000000 0.0000000    0    0    0
[14,] 0.0000000 0.17295453 0.21302350    0 0.0000000 0.0000000    0    0    0
[15,] 0.0000000 0.04323863 0.05325587    0 0.0000000 0.0000000    0    0    0
[16,] 0.2166718 0.34590907 0.05325587    0 0.0000000 0.0000000    0    0    0
[17,] 0.0000000 0.00000000 0.00000000    0 0.0000000 0.0000000    0    0    0
[18,] 0.0000000 0.00000000 0.00000000    0 0.0000000 0.0000000    0    0    0
[19,] 0.0000000 0.08647727 0.10651175    0 0.0000000 0.0000000    0    0    0
[20,] 0.0000000 0.00000000 0.00000000    0 0.0000000 0.0000000    0    0    0
[21,] 0.0000000 0.12971590 0.15976762    0 0.0000000 0.0000000    0    0    0
[22,] 0.0000000 0.00000000 0.00000000    0 0.0000000 0.0000000    0    0    0
[23,] 0.0000000 0.00000000 0.00000000    0 0.0000000 0.0000000    0    0    0
[24,] 0.0000000 0.00000000 0.00000000    0 0.0000000 0.0000000    0    0    0
[25,] 0.0000000 0.00000000 0.00000000    0 0.0331715 0.3318798    0    0    0
[26,] 0.2166718 0.38914770 0.10651175    0 0.0000000 0.0000000    0    0    0
[27,] 0.0000000 0.04323863 0.05325587    0 0.0000000 0.0000000    0    0    0
[28,] 0.0000000 0.00000000 0.00000000    0 0.0000000 0.0000000    0    0    0
[29,] 0.0000000 0.04323863 0.05325587    0 0.0000000 0.0000000    0    0    0
[30,] 0.0000000 0.00000000 0.00000000    0 0.0331715 0.3318798    0    0    0
[31,] 0.0000000 0.00000000 0.00000000    0 0.0000000 0.0000000    0    0    0
[32,] 0.0000000 0.17295453 0.21302350    0 0.0000000 0.0000000    0    0    0
[33,] 0.0000000 0.12971590 0.15976762    0 0.0000000 0.0000000    0    0    0
[34,] 0.0000000 0.04323863 0.05325587    0 0.0000000 0.0000000    0    0    0
[35,] 0.0000000 0.12971590 0.15976762    0 0.0000000 0.0000000    0    0    0
[36,] 0.0000000 0.04323863 0.05325587    0 0.0331715 0.3318798    0    0    0
[37,] 0.0000000 0.04323863 0.05325587    0 0.0000000 0.0000000    0    0    0
[38,] 0.2166718 0.34590907 0.05325587    0 0.0331715 0.3318798    0    0    0
[39,] 0.0000000 0.00000000 0.00000000    0 0.0000000 0.0000000    0    0    0
[40,] 0.0000000 0.04323863 0.05325587    0 0.0000000 0.0000000    0    0    0
[41,] 0.2166718 0.34590907 0.05325587    0 0.0000000 0.0000000    0    0    0
[42,] 0.2166718 0.34590907 0.05325587    0 0.0000000 0.0000000    0    0    0
[43,] 0.2166718 0.38914770 0.10651175    0 0.0331715 0.3318798    0    0    0
[44,] 0.0000000 0.04323863 0.05325587    0 0.0000000 0.0000000    0    0    0
[45,] 0.0000000 0.04323863 0.05325587    0 0.0000000 0.0000000    0    0    0
[46,] 0.2166718 0.30267043 0.00000000    0 0.0000000 0.0000000    0    0    0
[47,] 0.0000000 0.00000000 0.00000000    0 0.0000000 0.0000000    0    0    0
[48,] 0.0000000 0.00000000 0.00000000    0 0.0000000 0.0000000    0    0    0
[49,] 0.0000000 0.08647727 0.10651175    0 0.0000000 0.0000000    0    0    0
[50,] 0.0000000 0.08647727 0.10651175    0 0.0000000 0.0000000    0    0    0

$Bdatesampinfo
      DATE JULIAN N      Mean     Stdev
1 07/01/11   2008 3 0.0000000 0.0000000
2 08/02/11   2040 1 0.0000000        NA
3 09/16/11   2085 7 0.1833748 0.4851641
4 11/11/11   2141 4 0.0000000 0.0000000
5 03/27/12   2278 3 0.0000000 0.0000000
6 04/01/12   2283 1 0.0000000        NA
7 05/21/12   2333 2 0.0000000 0.0000000
8 06/19/12   2362 4 0.0000000 0.0000000
9 07/26/12   2399 6 0.0000000 0.0000000

$Ndatesampinfo
      DATE JULIAN N     Mean    Stdev
1 07/01/11   2008 3 0.000000  0.00000
2 08/02/11   2040 1 0.000000       NA
3 09/16/11   2085 7 4.761905 12.59882
4 11/11/11   2141 4 0.000000  0.00000
5 03/27/12   2278 3 0.000000  0.00000
6 04/01/12   2283 1 0.000000       NA
7 05/21/12   2333 2 0.000000  0.00000
8 06/19/12   2362 4 0.000000  0.00000
9 07/26/12   2399 6 0.000000  0.00000

$Bdateboots
      [,1]     [,2]      [,3] [,4] [,5]     [,6] [,7] [,8] [,9]
 [1,]    0 0.000000 0.1833748    0    0 0.000000    0    0    0
 [2,]    0 1.283624 0.0000000    0    0 0.000000    0    0    0
 [3,]    0 0.000000 0.1833748    0    0 0.000000    0    0    0
 [4,]    0 0.000000 0.1833748    0    0 0.000000    0    0    0
 [5,]    0 0.000000 0.1833748    0    0 0.000000    0    0    0
 [6,]    0 0.000000 0.0000000    0    0 0.000000    0    0    0
 [7,]    0 1.283624 0.1833748    0    0 0.000000    0    0    0
 [8,]    0 0.000000 0.3667496    0    0 0.000000    0    0    0
 [9,]    0 1.283624 0.0000000    0    0 0.000000    0    0    0
[10,]    0 1.283624 0.0000000    0    0 0.000000    0    0    0
[11,]    0 0.000000 0.0000000    0    0 0.000000    0    0    0
[12,]    0 0.000000 0.1833748    0    0 0.000000    0    0    0
[13,]    0 0.000000 0.1833748    0    0 0.000000    0    0    0
[14,]    0 0.000000 0.7334992    0    0 0.000000    0    0    0
[15,]    0 0.000000 0.1833748    0    0 0.000000    0    0    0
[16,]    0 1.283624 0.1833748    0    0 0.000000    0    0    0
[17,]    0 0.000000 0.0000000    0    0 0.000000    0    0    0
[18,]    0 0.000000 0.0000000    0    0 0.000000    0    0    0
[19,]    0 0.000000 0.3667496    0    0 0.000000    0    0    0
[20,]    0 0.000000 0.0000000    0    0 0.000000    0    0    0
[21,]    0 0.000000 0.5501244    0    0 0.000000    0    0    0
[22,]    0 0.000000 0.0000000    0    0 0.000000    0    0    0
[23,]    0 0.000000 0.0000000    0    0 0.000000    0    0    0
[24,]    0 0.000000 0.0000000    0    0 0.000000    0    0    0
[25,]    0 0.000000 0.0000000    0    0 1.283624    0    0    0
[26,]    0 1.283624 0.3667496    0    0 0.000000    0    0    0
[27,]    0 0.000000 0.1833748    0    0 0.000000    0    0    0
[28,]    0 0.000000 0.0000000    0    0 0.000000    0    0    0
[29,]    0 0.000000 0.1833748    0    0 0.000000    0    0    0
[30,]    0 0.000000 0.0000000    0    0 1.283624    0    0    0
[31,]    0 0.000000 0.0000000    0    0 0.000000    0    0    0
[32,]    0 0.000000 0.7334992    0    0 0.000000    0    0    0
[33,]    0 0.000000 0.5501244    0    0 0.000000    0    0    0
[34,]    0 0.000000 0.1833748    0    0 0.000000    0    0    0
[35,]    0 0.000000 0.5501244    0    0 0.000000    0    0    0
[36,]    0 0.000000 0.1833748    0    0 1.283624    0    0    0
[37,]    0 0.000000 0.1833748    0    0 0.000000    0    0    0
[38,]    0 1.283624 0.1833748    0    0 1.283624    0    0    0
[39,]    0 0.000000 0.0000000    0    0 0.000000    0    0    0
[40,]    0 0.000000 0.1833748    0    0 0.000000    0    0    0
[41,]    0 1.283624 0.1833748    0    0 0.000000    0    0    0
[42,]    0 1.283624 0.1833748    0    0 0.000000    0    0    0
[43,]    0 1.283624 0.3667496    0    0 1.283624    0    0    0
[44,]    0 0.000000 0.1833748    0    0 0.000000    0    0    0
[45,]    0 0.000000 0.1833748    0    0 0.000000    0    0    0
[46,]    0 1.283624 0.0000000    0    0 0.000000    0    0    0
[47,]    0 0.000000 0.0000000    0    0 0.000000    0    0    0
[48,]    0 0.000000 0.0000000    0    0 0.000000    0    0    0
[49,]    0 0.000000 0.3667496    0    0 0.000000    0    0    0
[50,]    0 0.000000 0.3667496    0    0 0.000000    0    0    0

$Ndateboots
      [,1]     [,2]      [,3] [,4] [,5]     [,6] [,7] [,8] [,9]
 [1,]    0  0.00000  4.761905    0    0  0.00000    0    0    0
 [2,]    0 33.33333  0.000000    0    0  0.00000    0    0    0
 [3,]    0  0.00000  4.761905    0    0  0.00000    0    0    0
 [4,]    0  0.00000  4.761905    0    0  0.00000    0    0    0
 [5,]    0  0.00000  4.761905    0    0  0.00000    0    0    0
 [6,]    0  0.00000  0.000000    0    0  0.00000    0    0    0
 [7,]    0 33.33333  4.761905    0    0  0.00000    0    0    0
 [8,]    0  0.00000  9.523810    0    0  0.00000    0    0    0
 [9,]    0 33.33333  0.000000    0    0  0.00000    0    0    0
[10,]    0 33.33333  0.000000    0    0  0.00000    0    0    0
[11,]    0  0.00000  0.000000    0    0  0.00000    0    0    0
[12,]    0  0.00000  4.761905    0    0  0.00000    0    0    0
[13,]    0  0.00000  4.761905    0    0  0.00000    0    0    0
[14,]    0  0.00000 19.047619    0    0  0.00000    0    0    0
[15,]    0  0.00000  4.761905    0    0  0.00000    0    0    0
[16,]    0 33.33333  4.761905    0    0  0.00000    0    0    0
[17,]    0  0.00000  0.000000    0    0  0.00000    0    0    0
[18,]    0  0.00000  0.000000    0    0  0.00000    0    0    0
[19,]    0  0.00000  9.523810    0    0  0.00000    0    0    0
[20,]    0  0.00000  0.000000    0    0  0.00000    0    0    0
[21,]    0  0.00000 14.285714    0    0  0.00000    0    0    0
[22,]    0  0.00000  0.000000    0    0  0.00000    0    0    0
[23,]    0  0.00000  0.000000    0    0  0.00000    0    0    0
[24,]    0  0.00000  0.000000    0    0  0.00000    0    0    0
[25,]    0  0.00000  0.000000    0    0 33.33333    0    0    0
[26,]    0 33.33333  9.523810    0    0  0.00000    0    0    0
[27,]    0  0.00000  4.761905    0    0  0.00000    0    0    0
[28,]    0  0.00000  0.000000    0    0  0.00000    0    0    0
[29,]    0  0.00000  4.761905    0    0  0.00000    0    0    0
[30,]    0  0.00000  0.000000    0    0 33.33333    0    0    0
[31,]    0  0.00000  0.000000    0    0  0.00000    0    0    0
[32,]    0  0.00000 19.047619    0    0  0.00000    0    0    0
[33,]    0  0.00000 14.285714    0    0  0.00000    0    0    0
[34,]    0  0.00000  4.761905    0    0  0.00000    0    0    0
[35,]    0  0.00000 14.285714    0    0  0.00000    0    0    0
[36,]    0  0.00000  4.761905    0    0 33.33333    0    0    0
[37,]    0  0.00000  4.761905    0    0  0.00000    0    0    0
[38,]    0 33.33333  4.761905    0    0 33.33333    0    0    0
[39,]    0  0.00000  0.000000    0    0  0.00000    0    0    0
[40,]    0  0.00000  4.761905    0    0  0.00000    0    0    0
[41,]    0 33.33333  4.761905    0    0  0.00000    0    0    0
[42,]    0 33.33333  4.761905    0    0  0.00000    0    0    0
[43,]    0 33.33333  9.523810    0    0 33.33333    0    0    0
[44,]    0  0.00000  4.761905    0    0  0.00000    0    0    0
[45,]    0  0.00000  4.761905    0    0  0.00000    0    0    0
[46,]    0 33.33333  0.000000    0    0  0.00000    0    0    0
[47,]    0  0.00000  0.000000    0    0  0.00000    0    0    0
[48,]    0  0.00000  0.000000    0    0  0.00000    0    0    0
[49,]    0  0.00000  9.523810    0    0  0.00000    0    0    0
[50,]    0  0.00000  9.523810    0    0  0.00000    0    0    0

