$totdays
[1] 391

$Psampest
[1] NA

$Pbootest
     Mean      2.5%       50%     97.5% 
0.7934804 0.0000000 0.0000000 5.2027360 

$Pboots
 [1] 0.000000000 4.418259948 0.000000000 1.848260873 0.000000000 0.000000000 0.000000000
 [8] 0.558232743 3.776230499 0.000000000 0.000000000 0.000000000 0.000000000 0.415784840
[15] 0.000000000 0.000000000 0.144069769 0.000000000 0.000000000 2.317153858 0.051619789
[22] 8.072766556 0.000000000 0.540633606 0.000000000 0.000000000 5.430487099 0.008254660
[29] 0.000000000 0.001969297 0.000000000 0.000000000 0.000000000 3.675084105 0.198790972
[36] 0.000000000 3.376815240 0.510206878 0.000000000 3.560497112 0.768902738 0.000000000
[43] 0.000000000 0.000000000 0.000000000 0.000000000 0.000000000 0.000000000 0.000000000
[50] 0.000000000

$Bboots
 [1] 0.0000000000 0.8400246760 0.0000000000 0.4356544522 0.0000000000 0.0000000000
 [7] 0.0000000000 0.1671143798 0.8897208474 0.0000000000 0.0000000000 0.0000000000
[13] 0.0000000000 0.1223121782 0.0000000000 0.0000000000 0.0170048112 0.0000000000
[19] 0.0000000000 0.4446776167 0.0187647079 1.7323190062 0.0000000000 0.1531709551
[25] 0.0000000000 0.0000000000 1.3151948100 0.0030007153 0.0000000000 0.0006481481
[31] 0.0000000000 0.0000000000 0.0000000000 0.8658896650 0.0234636514 0.0000000000
[37] 0.6459620615 0.1444650826 0.0000000000 0.6810991631 0.1965177230 0.0000000000
[43] 0.0000000000 0.0000000000 0.0000000000 0.0000000000 0.0000000000 0.0000000000
[49] 0.0000000000 0.0000000000

$Nboots
 [1]   0.000000  69.367284   0.000000  27.854938   0.000000   0.000000   0.000000
 [8]  28.447972  64.609053   0.000000   0.000000   0.000000   0.000000  14.338624
[15]   0.000000   0.000000   1.234568   0.000000   0.000000  37.860082   4.444444
[22] 132.253086   0.000000  15.793651   0.000000   0.000000 106.036890   0.617284
[29]   0.000000   0.308642   0.000000   0.000000   0.000000  65.612140   1.337449
[36]   0.000000  53.163580  14.656085   0.000000  51.903292  22.845385   0.000000
[43]   0.000000   0.000000   0.000000   0.000000   0.000000   0.000000   0.000000
[50]   0.000000

$julians
 [1] 2008 2040 2085 2141 2232 2278 2283 2333 2362 2399

$intdays
[1] 32 45 56 91 46  5 50 29 37

$Pintsampest
[1] NA NA NA NA NA NA NA NA NA

$Pintboots
             [,1]     [,2]     [,3]       [,4] [,5] [,6] [,7]       [,8]      [,9]
 [1,]          NA       NA       NA         NA   NA   NA   NA         NA        NA
 [2,]          NA       NA 4.347844 0.07041569   NA   NA   NA         NA        NA
 [3,]          NA       NA       NA         NA   NA   NA   NA         NA        NA
 [4,] 0.001969297 1.846292       NA         NA   NA    0   NA         NA        NA
 [5,]          NA       NA       NA         NA   NA   NA   NA         NA        NA
 [6,]          NA       NA       NA         NA   NA   NA   NA         NA        NA
 [7,]          NA       NA       NA         NA   NA   NA   NA         NA        NA
 [8,]          NA       NA       NA         NA   NA   NA    0 0.11261694 0.4456158
 [9,]          NA 3.776230       NA         NA   NA   NA   NA         NA        NA
[10,]          NA       NA       NA         NA   NA   NA   NA         NA        NA
[11,]          NA       NA       NA         NA   NA   NA   NA         NA        NA
[12,]          NA       NA       NA         NA    0   NA   NA         NA        NA
[13,]          NA       NA       NA         NA   NA    0   NA         NA        NA
[14,]          NA       NA       NA         NA   NA   NA   NA 0.05702167 0.3587632
[15,]          NA       NA       NA         NA   NA   NA   NA         NA        NA
[16,]          NA       NA       NA         NA   NA   NA    0         NA        NA
[17,]          NA       NA       NA 0.14406977   NA   NA   NA         NA        NA
[18,]          NA       NA       NA         NA   NA   NA   NA         NA        NA
[19,]          NA       NA       NA         NA   NA   NA   NA         NA        NA
[20,]          NA       NA 2.308899         NA   NA    0    0 0.00825466        NA
[21,]          NA       NA       NA         NA   NA   NA   NA 0.05161979        NA
[22,]          NA 4.243307 3.829460         NA   NA    0    0         NA        NA
[23,]          NA       NA       NA         NA   NA   NA   NA         NA        NA
[24,] 0.001969297       NA       NA         NA   NA   NA   NA         NA 0.5386643
[25,]          NA       NA       NA         NA   NA   NA   NA         NA        NA
[26,]          NA       NA       NA         NA   NA   NA   NA         NA        NA
[27,]          NA 4.679251       NA         NA   NA   NA   NA         NA 0.7512363
[28,]          NA       NA       NA         NA   NA   NA   NA 0.00825466        NA
[29,]          NA       NA       NA         NA   NA   NA   NA         NA        NA
[30,] 0.001969297       NA       NA         NA   NA   NA   NA         NA        NA
[31,]          NA       NA       NA         NA   NA   NA   NA         NA        NA
[32,]          NA       NA       NA         NA   NA   NA   NA         NA        NA
[33,]          NA       NA       NA         NA   NA   NA   NA         NA        NA
[34,]          NA 3.675084       NA         NA   NA   NA   NA         NA        NA
[35,]          NA       NA       NA 0.19879097    0   NA   NA         NA        NA
[36,]          NA       NA       NA         NA   NA   NA   NA         NA        NA
[37,]          NA       NA 3.376815         NA   NA   NA   NA         NA        NA
[38,]          NA       NA       NA         NA   NA   NA   NA         NA 0.5102069
[39,]          NA       NA       NA         NA   NA   NA   NA         NA        NA
[40,]          NA       NA 3.560497         NA   NA   NA   NA         NA        NA
[41,]          NA       NA       NA 0.12837529   NA   NA   NA         NA 0.6405275
[42,]          NA       NA       NA         NA   NA   NA   NA         NA        NA
[43,]          NA       NA       NA         NA   NA   NA   NA         NA        NA
[44,]          NA       NA       NA         NA   NA    0   NA         NA        NA
[45,]          NA       NA       NA         NA   NA   NA   NA         NA        NA
[46,]          NA       NA       NA         NA   NA   NA   NA         NA        NA
[47,]          NA       NA       NA         NA   NA   NA   NA         NA        NA
[48,]          NA       NA       NA         NA   NA   NA   NA         NA        NA
[49,]          NA       NA       NA         NA   NA   NA   NA         NA        NA
[50,]          NA       NA       NA         NA   NA   NA   NA         NA        NA

$Bdatesampinfo
       DATE JULIAN N Mean Stdev
1  07/01/11   2008 4   NA    NA
2  08/02/11   2040 3   NA    NA
3  09/16/11   2085 8   NA    NA
4  11/11/11   2141 6   NA    NA
5  02/10/12   2232 2   NA    NA
6  03/27/12   2278 4   NA    NA
7  04/01/12   2283 2   NA    NA
8  05/21/12   2333 3   NA    NA
9  06/19/12   2362 5   NA    NA
10 07/26/12   2399 7   NA    NA

$Ndatesampinfo
       DATE JULIAN N Mean Stdev
1  07/01/11   2008 4   NA    NA
2  08/02/11   2040 3   NA    NA
3  09/16/11   2085 8   NA    NA
4  11/11/11   2141 6   NA    NA
5  02/10/12   2232 2   NA    NA
6  03/27/12   2278 4   NA    NA
7  04/01/12   2283 2   NA    NA
8  05/21/12   2333 3   NA    NA
9  06/19/12   2362 5   NA    NA
10 07/26/12   2399 7   NA    NA

$Bdateboots
            [,1]      [,2]      [,3]      [,4] [,5] [,6] [,7] [,8]       [,9]     [,10]
 [1,] 0.01166667  0.000000  0.000000 0.0000000    0    0    0    0 0.77223478 0.0000000
 [2,] 0.00000000  0.000000 14.821238 0.1496032    0    0    0    0 0.00000000 0.0000000
 [3,] 0.00000000  0.000000 12.411407 0.0000000    0    0    0    0 0.36377762 0.0000000
 [4,] 0.01166667  0.000000  7.830113 0.0000000    0    0    0    0 0.00000000 0.0000000
 [5,] 0.00000000  5.092926  0.000000 0.0000000    0    0    0    0 0.00000000 0.0000000
 [6,] 0.00000000  0.000000  0.000000 0.0000000    0    0    0    0 0.06334621 0.0000000
 [7,] 0.00000000  0.000000  0.000000 0.0000000    0    0    0    0 0.00000000 0.0000000
 [8,] 0.00000000  0.000000 10.662790 0.0000000    0    0    0    0 0.73688857 1.5342817
 [9,] 0.00000000  5.092926 10.922049 0.0000000    0    0    0    0 0.00000000 1.9465225
[10,] 0.02333333  0.000000  6.288652 0.0000000    0    0    0    0 0.00000000 0.4972506
[11,] 0.00000000  0.000000  0.000000 0.0000000    0    0    0    0 0.46247004 0.0000000
[12,] 0.00000000 10.185852  0.000000 0.0000000    0    0    0    0 0.00000000 0.0000000
[13,] 0.00000000  0.000000  8.215459 0.0000000    0    0    0    0 0.33776474 0.0000000
[14,] 0.02333333  0.000000  0.000000 0.0000000    0    0    0    0 0.37311095 1.4553973
[15,] 0.02333333  0.000000 14.149579 0.0000000    0    0    0    0 0.70154236 0.0000000
[16,] 0.00000000  0.000000  0.000000 0.0000000    0    0    0    0 0.00000000 1.5235510
[17,] 0.00000000  0.000000  0.000000 0.3060866    0    0    0    0 0.00000000 2.4701185
[18,] 0.00000000  0.000000 11.545379 0.0000000    0    0    0    0 0.00000000 0.0000000
[19,] 0.00000000  0.000000  0.000000 0.0000000    0    0    0    0 0.00000000 0.0000000
[20,] 0.00000000  0.000000  7.311547 0.6386370    0    0    0    0 0.05401288 0.0000000
[21,] 0.00000000  0.000000  0.000000 0.0000000    0    0    0    0 0.33776474 0.0000000
[22,] 0.00000000  5.092926 12.902918 0.2829794    0    0    0    0 0.00000000 0.0000000
[23,] 0.00000000 10.185852  0.000000 0.4292260    0    0    0    0 0.00000000 2.5283383
[24,] 0.01166667  0.000000  0.000000 0.0000000    0    0    0    0 0.32843141 2.4169791
[25,] 0.02333333  0.000000  0.000000 0.0000000    0    0    0    0 0.00000000 0.0000000
[26,] 0.00000000  0.000000 15.398579 0.0000000    0    0    0    0 0.00000000 0.0000000
[27,] 0.00000000 10.185852  9.658828 0.0000000    0    0    0    0 0.41779049 3.4110358
[28,] 0.02333333  0.000000  0.000000 0.0000000    0    0    0    0 0.05401288 0.0000000
[29,] 0.00000000  0.000000  4.753337 0.0000000    0    0    0    0 0.06334621 0.0000000
[30,] 0.01166667  0.000000  0.000000 0.0000000    0    0    0    0 0.00000000 0.0000000
[31,] 0.03500000  0.000000  0.000000 0.2462787    0    0    0    0 0.00000000 0.0000000
[32,] 0.00000000 10.185852  0.000000 0.0000000    0    0    0    0 0.00000000 2.6762369
[33,] 0.00000000  0.000000  0.000000 0.0000000    0    0    0    0 0.00000000 0.0000000
[34,] 0.00000000  5.092926 10.493088 0.0000000    0    0    0    0 0.00000000 0.0000000
[35,] 0.00000000  0.000000  0.000000 0.4223457    0    0    0    0 0.00000000 0.0000000
[36,] 0.00000000  0.000000  0.000000 0.0000000    0    0    0    0 0.11735909 0.0000000
[37,] 0.01166667  0.000000 11.164747 0.4625700    0    0    0    0 0.00000000 0.0000000
[38,] 0.02333333  0.000000  0.000000 0.0000000    0    0    0    0 0.34709808 2.2532734
[39,] 0.00000000  0.000000  0.000000 0.0000000    0    0    0    0 0.38244429 0.0000000
[40,] 0.01166667  0.000000 11.777631 0.4821536    0    0    0    0 0.00000000 0.0000000
[41,] 0.01166667  0.000000  0.000000 0.2727425    0    0    0    0 1.01130710 2.2532694
[42,] 0.00000000  0.000000  0.000000 0.0000000    0    0    0    0 0.00000000 2.5857734
[43,] 0.03500000  0.000000  0.000000 0.0000000    0    0    0    0 0.00000000 1.4712004
[44,] 0.02333333  0.000000  0.000000 0.4223457    0    0    0    0 0.09869242 0.0000000
[45,] 0.02333333  0.000000 13.199678 0.0000000    0    0    0    0 0.00000000 0.0000000
[46,] 0.00000000  0.000000  0.000000 0.0000000    0    0    0    0 0.00000000 0.0000000
[47,] 0.00000000  0.000000  0.000000 0.0000000    0    0    0    0 0.00000000 3.1466975
[48,] 0.00000000  0.000000  0.000000 0.0000000    0    0    0    0 0.00000000 0.0000000
[49,] 0.02333333  0.000000  0.000000 0.0000000    0    0    0    0 0.00000000 0.0000000
[50,] 0.02333333  0.000000  0.000000 0.4027621    0    0    0    0 0.00000000 2.4220677

$Ndateboots
           [,1]     [,2]      [,3]      [,4] [,5] [,6] [,7] [,8]      [,9]     [,10]
 [1,]  5.555556   0.0000    0.0000  0.000000    0    0    0    0 162.22222   0.00000
 [2,]  0.000000   0.0000 1237.5000  5.555556    0    0    0    0   0.00000   0.00000
 [3,]  0.000000   0.0000 1068.0556  0.000000    0    0    0    0  77.77778   0.00000
 [4,]  5.555556   0.0000  495.8333  0.000000    0    0    0    0   0.00000   0.00000
 [5,]  0.000000 340.7407    0.0000  0.000000    0    0    0    0   0.00000   0.00000
 [6,]  0.000000   0.0000    0.0000  0.000000    0    0    0    0  15.55556   0.00000
 [7,]  0.000000   0.0000    0.0000  0.000000    0    0    0    0   0.00000   0.00000
 [8,]  0.000000   0.0000  897.2222  0.000000    0    0    0    0 160.00000 192.06349
 [9,]  0.000000 340.7407  822.2222  0.000000    0    0    0    0   0.00000 187.30159
[10,] 11.111111   0.0000  369.4444  0.000000    0    0    0    0   0.00000  26.98413
[11,]  0.000000   0.0000    0.0000  0.000000    0    0    0    0  95.55556   0.00000
[12,]  0.000000 681.4815    0.0000  0.000000    0    0    0    0   0.00000   0.00000
[13,]  0.000000   0.0000  727.7778  0.000000    0    0    0    0  80.00000   0.00000
[14,] 11.111111   0.0000    0.0000  0.000000    0    0    0    0  82.22222  93.65079
[15,] 11.111111   0.0000 1159.7222  0.000000    0    0    0    0 157.77778   0.00000
[16,]  0.000000   0.0000    0.0000  0.000000    0    0    0    0   0.00000 100.00000
[17,]  0.000000   0.0000    0.0000 22.222222    0    0    0    0   0.00000 252.38095
[18,]  0.000000   0.0000  897.2222  0.000000    0    0    0    0   0.00000   0.00000
[19,]  0.000000   0.0000    0.0000  0.000000    0    0    0    0   0.00000   0.00000
[20,]  0.000000   0.0000  633.3333 37.037037    0    0    0    0  11.11111   0.00000
[21,]  0.000000   0.0000    0.0000  0.000000    0    0    0    0  80.00000   0.00000
[22,]  0.000000 340.7407 1009.7222 20.370370    0    0    0    0   0.00000   0.00000
[23,]  0.000000 681.4815    0.0000 35.185185    0    0    0    0   0.00000 284.12698
[24,]  5.555556   0.0000    0.0000  0.000000    0    0    0    0  75.55556 203.17460
[25,] 11.111111   0.0000    0.0000  0.000000    0    0    0    0   0.00000   0.00000
[26,]  0.000000   0.0000 1181.9444  0.000000    0    0    0    0   0.00000   0.00000
[27,]  0.000000 681.4815  843.0556  0.000000    0    0    0    0  88.88889 295.23810
[28,] 11.111111   0.0000    0.0000  0.000000    0    0    0    0  11.11111   0.00000
[29,]  0.000000   0.0000  501.3889  0.000000    0    0    0    0  15.55556   0.00000
[30,]  5.555556   0.0000    0.0000  0.000000    0    0    0    0   0.00000   0.00000
[31,] 16.666667   0.0000    0.0000 25.925926    0    0    0    0   0.00000   0.00000
[32,]  0.000000 681.4815    0.0000  0.000000    0    0    0    0   0.00000 244.44444
[33,]  0.000000   0.0000    0.0000  0.000000    0    0    0    0   0.00000   0.00000
[34,]  0.000000 340.7407  840.2778  0.000000    0    0    0    0   0.00000   0.00000
[35,]  0.000000   0.0000    0.0000 24.074074    0    0    0    0   0.00000   0.00000
[36,]  0.000000   0.0000    0.0000  0.000000    0    0    0    0  26.66667   0.00000
[37,]  5.555556   0.0000  918.0556 38.888889    0    0    0    0   0.00000   0.00000
[38,] 11.111111   0.0000    0.0000  0.000000    0    0    0    0  84.44444 179.36508
[39,]  0.000000   0.0000    0.0000  0.000000    0    0    0    0  86.66667   0.00000
[40,]  5.555556   0.0000  913.8889 20.370370    0    0    0    0   0.00000   0.00000
[41,]  5.555556   0.0000    0.0000 18.518519    0    0    0    0 224.44444 168.25397
[42,]  0.000000   0.0000    0.0000  0.000000    0    0    0    0   0.00000 231.74603
[43,] 16.666667   0.0000    0.0000  0.000000    0    0    0    0   0.00000 146.03175
[44,] 11.111111   0.0000    0.0000 24.074074    0    0    0    0  17.77778   0.00000
[45,] 11.111111   0.0000  934.7222  0.000000    0    0    0    0   0.00000   0.00000
[46,]  0.000000   0.0000    0.0000  0.000000    0    0    0    0   0.00000   0.00000
[47,]  0.000000   0.0000    0.0000  0.000000    0    0    0    0   0.00000 271.42857
[48,]  0.000000   0.0000    0.0000  0.000000    0    0    0    0   0.00000   0.00000
[49,] 11.111111   0.0000    0.0000  0.000000    0    0    0    0   0.00000   0.00000
[50,] 11.111111   0.0000    0.0000 42.592593    0    0    0    0   0.00000 207.93651

