$totdays
[1] 365

$Psampest
[1] 0.4603819

$Pbootest
     Mean      2.5%       50%     97.5% 
0.7486217 0.0000000 0.4603819 2.4621927 

$Pboots
 [1] 0.9207637 0.9207637 0.9207637 0.0000000 0.0000000 0.4603819 2.5657787 0.4603819
 [9] 0.4603819 0.4603819 0.4603819 0.0000000 2.1053968 1.3811456 0.0000000 0.9207637
[17] 0.0000000 0.9207637 0.9207637 1.4484445 1.6450149 1.3811456 0.0000000 0.9880627
[25] 1.6450149 0.0000000 1.3811456 0.0000000 0.9207637 0.0000000 0.0000000 0.4603819
[33] 0.4603819 0.4603819 1.3811456 0.4603819 2.5657787 1.6450149 0.9207637 0.0000000
[41] 1.3811456 0.9207637 0.4603819 0.0000000 0.4603819 0.4603819 0.0000000 2.1053968
[49] 0.0000000 0.0000000

$Bboots
 [1] 0.2086708 0.2086708 0.2086708 0.0000000 0.0000000 0.1043354 0.5216770 0.1043354
 [9] 0.1043354 0.1043354 0.1043354 0.0000000 0.4173416 0.3130062 0.0000000 0.2086708
[17] 0.0000000 0.2086708 0.2086708 0.5216770 0.3130062 0.3130062 0.0000000 0.4173416
[25] 0.3130062 0.0000000 0.3130062 0.0000000 0.2086708 0.0000000 0.0000000 0.1043354
[33] 0.1043354 0.1043354 0.3130062 0.1043354 0.5216770 0.3130062 0.2086708 0.0000000
[41] 0.3130062 0.2086708 0.1043354 0.0000000 0.1043354 0.1043354 0.0000000 0.4173416
[49] 0.0000000 0.0000000

$Nboots
 [1] 0.9259259 0.9259259 0.9259259 0.0000000 0.0000000 0.4629630 2.3148148 0.4629630
 [9] 0.4629630 0.4629630 0.4629630 0.0000000 1.8518519 1.3888889 0.0000000 0.9259259
[17] 0.0000000 0.9259259 0.9259259 2.3148148 1.3888889 1.3888889 0.0000000 1.8518519
[25] 1.3888889 0.0000000 1.3888889 0.0000000 0.9259259 0.0000000 0.0000000 0.4629630
[33] 0.4629630 0.4629630 1.3888889 0.4629630 2.3148148 1.3888889 0.9259259 0.0000000
[41] 1.3888889 0.9259259 0.4629630 0.0000000 0.4629630 0.4629630 0.0000000 1.8518519
[49] 0.0000000 0.0000000

$julians
[1] 2008 2040 2085 2141 2278 2283 2333 2362 2399

$intdays
[1]  32  45  56 137   5  50  29  37 -26

$Pintsampest
[1] 0.00000000 0.00000000 0.00000000 0.44473925 0.01564262 0.00000000 0.00000000
[8] 0.00000000 0.00000000

$Pintboots
          [,1]      [,2] [,3]      [,4]       [,5]     [,6] [,7] [,8] [,9]
 [1,] 0.000000 0.0000000    0 0.8894785 0.03128524 0.000000    0    0    0
 [2,] 0.000000 0.0000000    0 0.8894785 0.03128524 0.000000    0    0    0
 [3,] 0.000000 0.0000000    0 0.8894785 0.03128524 0.000000    0    0    0
 [4,] 0.000000 0.0000000    0 0.0000000 0.00000000 0.000000    0    0    0
 [5,] 0.000000 0.0000000    0 0.0000000 0.00000000 0.000000    0    0    0
 [6,] 0.000000 0.0000000    0 0.4447393 0.01564262 0.000000    0    0    0
 [7,] 0.817879 0.8271359    0 0.8894785 0.03128524 0.000000    0    0    0
 [8,] 0.000000 0.0000000    0 0.4447393 0.01564262 0.000000    0    0    0
 [9,] 0.000000 0.0000000    0 0.4447393 0.01564262 0.000000    0    0    0
[10,] 0.000000 0.0000000    0 0.4447393 0.01564262 0.000000    0    0    0
[11,] 0.000000 0.0000000    0 0.4447393 0.01564262 0.000000    0    0    0
[12,] 0.000000 0.0000000    0 0.0000000 0.00000000 0.000000    0    0    0
[13,] 0.817879 0.8271359    0 0.4447393 0.01564262 0.000000    0    0    0
[14,] 0.000000 0.0000000    0 1.3342178 0.04692786 0.000000    0    0    0
[15,] 0.000000 0.0000000    0 0.0000000 0.00000000 0.000000    0    0    0
[16,] 0.000000 0.0000000    0 0.8894785 0.03128524 0.000000    0    0    0
[17,] 0.000000 0.0000000    0 0.0000000 0.00000000 0.000000    0    0    0
[18,] 0.000000 0.0000000    0 0.8894785 0.03128524 0.000000    0    0    0
[19,] 0.000000 0.0000000    0 0.8894785 0.03128524 0.000000    0    0    0
[20,] 0.000000 0.0000000    0 0.8894785 0.07821309 0.480753    0    0    0
[21,] 0.817879 0.8271359    0 0.0000000 0.00000000 0.000000    0    0    0
[22,] 0.000000 0.0000000    0 1.3342178 0.04692786 0.000000    0    0    0
[23,] 0.000000 0.0000000    0 0.0000000 0.00000000 0.000000    0    0    0
[24,] 0.000000 0.0000000    0 0.4447393 0.06257047 0.480753    0    0    0
[25,] 0.817879 0.8271359    0 0.0000000 0.00000000 0.000000    0    0    0
[26,] 0.000000 0.0000000    0 0.0000000 0.00000000 0.000000    0    0    0
[27,] 0.000000 0.0000000    0 1.3342178 0.04692786 0.000000    0    0    0
[28,] 0.000000 0.0000000    0 0.0000000 0.00000000 0.000000    0    0    0
[29,] 0.000000 0.0000000    0 0.8894785 0.03128524 0.000000    0    0    0
[30,] 0.000000 0.0000000    0 0.0000000 0.00000000 0.000000    0    0    0
[31,] 0.000000 0.0000000    0 0.0000000 0.00000000 0.000000    0    0    0
[32,] 0.000000 0.0000000    0 0.4447393 0.01564262 0.000000    0    0    0
[33,] 0.000000 0.0000000    0 0.4447393 0.01564262 0.000000    0    0    0
[34,] 0.000000 0.0000000    0 0.4447393 0.01564262 0.000000    0    0    0
[35,] 0.000000 0.0000000    0 1.3342178 0.04692786 0.000000    0    0    0
[36,] 0.000000 0.0000000    0 0.4447393 0.01564262 0.000000    0    0    0
[37,] 0.817879 0.8271359    0 0.8894785 0.03128524 0.000000    0    0    0
[38,] 0.817879 0.8271359    0 0.0000000 0.00000000 0.000000    0    0    0
[39,] 0.000000 0.0000000    0 0.8894785 0.03128524 0.000000    0    0    0
[40,] 0.000000 0.0000000    0 0.0000000 0.00000000 0.000000    0    0    0
[41,] 0.000000 0.0000000    0 1.3342178 0.04692786 0.000000    0    0    0
[42,] 0.000000 0.0000000    0 0.8894785 0.03128524 0.000000    0    0    0
[43,] 0.000000 0.0000000    0 0.4447393 0.01564262 0.000000    0    0    0
[44,] 0.000000 0.0000000    0 0.0000000 0.00000000 0.000000    0    0    0
[45,] 0.000000 0.0000000    0 0.4447393 0.01564262 0.000000    0    0    0
[46,] 0.000000 0.0000000    0 0.4447393 0.01564262 0.000000    0    0    0
[47,] 0.000000 0.0000000    0 0.0000000 0.00000000 0.000000    0    0    0
[48,] 0.817879 0.8271359    0 0.4447393 0.01564262 0.000000    0    0    0
[49,] 0.000000 0.0000000    0 0.0000000 0.00000000 0.000000    0    0    0
[50,] 0.000000 0.0000000    0 0.0000000 0.00000000 0.000000    0    0    0

$Bdatesampinfo
      DATE JULIAN N      Mean    Stdev
1 07/01/11   2008 3 0.0000000 0.000000
2 08/02/11   2040 1 0.0000000       NA
3 09/16/11   2085 7 0.0000000 0.000000
4 11/11/11   2141 4 0.0000000 0.000000
5 03/27/12   2278 3 0.8346833 1.445714
6 04/01/12   2283 1 0.0000000       NA
7 05/21/12   2333 2 0.0000000 0.000000
8 06/19/12   2362 4 0.0000000 0.000000
9 07/26/12   2399 6 0.0000000 0.000000

$Ndatesampinfo
      DATE JULIAN N     Mean    Stdev
1 07/01/11   2008 3 0.000000 0.000000
2 08/02/11   2040 1 0.000000       NA
3 09/16/11   2085 7 0.000000 0.000000
4 11/11/11   2141 4 0.000000 0.000000
5 03/27/12   2278 3 3.703704 6.415003
6 04/01/12   2283 1 0.000000       NA
7 05/21/12   2333 2 0.000000 0.000000
8 06/19/12   2362 4 0.000000 0.000000
9 07/26/12   2399 6 0.000000 0.000000

$Bdateboots
      [,1]    [,2] [,3] [,4]      [,5]    [,6] [,7] [,8] [,9]
 [1,]    0 0.00000    0    0 1.6693666 0.00000    0    0    0
 [2,]    0 0.00000    0    0 1.6693666 0.00000    0    0    0
 [3,]    0 0.00000    0    0 1.6693666 0.00000    0    0    0
 [4,]    0 0.00000    0    0 0.0000000 0.00000    0    0    0
 [5,]    0 0.00000    0    0 0.0000000 0.00000    0    0    0
 [6,]    0 0.00000    0    0 0.8346833 0.00000    0    0    0
 [7,]    0 2.50405    0    0 1.6693666 0.00000    0    0    0
 [8,]    0 0.00000    0    0 0.8346833 0.00000    0    0    0
 [9,]    0 0.00000    0    0 0.8346833 0.00000    0    0    0
[10,]    0 0.00000    0    0 0.8346833 0.00000    0    0    0
[11,]    0 0.00000    0    0 0.8346833 0.00000    0    0    0
[12,]    0 0.00000    0    0 0.0000000 0.00000    0    0    0
[13,]    0 2.50405    0    0 0.8346833 0.00000    0    0    0
[14,]    0 0.00000    0    0 2.5040498 0.00000    0    0    0
[15,]    0 0.00000    0    0 0.0000000 0.00000    0    0    0
[16,]    0 0.00000    0    0 1.6693666 0.00000    0    0    0
[17,]    0 0.00000    0    0 0.0000000 0.00000    0    0    0
[18,]    0 0.00000    0    0 1.6693666 0.00000    0    0    0
[19,]    0 0.00000    0    0 1.6693666 0.00000    0    0    0
[20,]    0 0.00000    0    0 1.6693666 2.50405    0    0    0
[21,]    0 2.50405    0    0 0.0000000 0.00000    0    0    0
[22,]    0 0.00000    0    0 2.5040498 0.00000    0    0    0
[23,]    0 0.00000    0    0 0.0000000 0.00000    0    0    0
[24,]    0 0.00000    0    0 0.8346833 2.50405    0    0    0
[25,]    0 2.50405    0    0 0.0000000 0.00000    0    0    0
[26,]    0 0.00000    0    0 0.0000000 0.00000    0    0    0
[27,]    0 0.00000    0    0 2.5040498 0.00000    0    0    0
[28,]    0 0.00000    0    0 0.0000000 0.00000    0    0    0
[29,]    0 0.00000    0    0 1.6693666 0.00000    0    0    0
[30,]    0 0.00000    0    0 0.0000000 0.00000    0    0    0
[31,]    0 0.00000    0    0 0.0000000 0.00000    0    0    0
[32,]    0 0.00000    0    0 0.8346833 0.00000    0    0    0
[33,]    0 0.00000    0    0 0.8346833 0.00000    0    0    0
[34,]    0 0.00000    0    0 0.8346833 0.00000    0    0    0
[35,]    0 0.00000    0    0 2.5040498 0.00000    0    0    0
[36,]    0 0.00000    0    0 0.8346833 0.00000    0    0    0
[37,]    0 2.50405    0    0 1.6693666 0.00000    0    0    0
[38,]    0 2.50405    0    0 0.0000000 0.00000    0    0    0
[39,]    0 0.00000    0    0 1.6693666 0.00000    0    0    0
[40,]    0 0.00000    0    0 0.0000000 0.00000    0    0    0
[41,]    0 0.00000    0    0 2.5040498 0.00000    0    0    0
[42,]    0 0.00000    0    0 1.6693666 0.00000    0    0    0
[43,]    0 0.00000    0    0 0.8346833 0.00000    0    0    0
[44,]    0 0.00000    0    0 0.0000000 0.00000    0    0    0
[45,]    0 0.00000    0    0 0.8346833 0.00000    0    0    0
[46,]    0 0.00000    0    0 0.8346833 0.00000    0    0    0
[47,]    0 0.00000    0    0 0.0000000 0.00000    0    0    0
[48,]    0 2.50405    0    0 0.8346833 0.00000    0    0    0
[49,]    0 0.00000    0    0 0.0000000 0.00000    0    0    0
[50,]    0 0.00000    0    0 0.0000000 0.00000    0    0    0

$Ndateboots
      [,1]     [,2] [,3] [,4]      [,5]     [,6] [,7] [,8] [,9]
 [1,]    0  0.00000    0    0  7.407407  0.00000    0    0    0
 [2,]    0  0.00000    0    0  7.407407  0.00000    0    0    0
 [3,]    0  0.00000    0    0  7.407407  0.00000    0    0    0
 [4,]    0  0.00000    0    0  0.000000  0.00000    0    0    0
 [5,]    0  0.00000    0    0  0.000000  0.00000    0    0    0
 [6,]    0  0.00000    0    0  3.703704  0.00000    0    0    0
 [7,]    0 11.11111    0    0  7.407407  0.00000    0    0    0
 [8,]    0  0.00000    0    0  3.703704  0.00000    0    0    0
 [9,]    0  0.00000    0    0  3.703704  0.00000    0    0    0
[10,]    0  0.00000    0    0  3.703704  0.00000    0    0    0
[11,]    0  0.00000    0    0  3.703704  0.00000    0    0    0
[12,]    0  0.00000    0    0  0.000000  0.00000    0    0    0
[13,]    0 11.11111    0    0  3.703704  0.00000    0    0    0
[14,]    0  0.00000    0    0 11.111111  0.00000    0    0    0
[15,]    0  0.00000    0    0  0.000000  0.00000    0    0    0
[16,]    0  0.00000    0    0  7.407407  0.00000    0    0    0
[17,]    0  0.00000    0    0  0.000000  0.00000    0    0    0
[18,]    0  0.00000    0    0  7.407407  0.00000    0    0    0
[19,]    0  0.00000    0    0  7.407407  0.00000    0    0    0
[20,]    0  0.00000    0    0  7.407407 11.11111    0    0    0
[21,]    0 11.11111    0    0  0.000000  0.00000    0    0    0
[22,]    0  0.00000    0    0 11.111111  0.00000    0    0    0
[23,]    0  0.00000    0    0  0.000000  0.00000    0    0    0
[24,]    0  0.00000    0    0  3.703704 11.11111    0    0    0
[25,]    0 11.11111    0    0  0.000000  0.00000    0    0    0
[26,]    0  0.00000    0    0  0.000000  0.00000    0    0    0
[27,]    0  0.00000    0    0 11.111111  0.00000    0    0    0
[28,]    0  0.00000    0    0  0.000000  0.00000    0    0    0
[29,]    0  0.00000    0    0  7.407407  0.00000    0    0    0
[30,]    0  0.00000    0    0  0.000000  0.00000    0    0    0
[31,]    0  0.00000    0    0  0.000000  0.00000    0    0    0
[32,]    0  0.00000    0    0  3.703704  0.00000    0    0    0
[33,]    0  0.00000    0    0  3.703704  0.00000    0    0    0
[34,]    0  0.00000    0    0  3.703704  0.00000    0    0    0
[35,]    0  0.00000    0    0 11.111111  0.00000    0    0    0
[36,]    0  0.00000    0    0  3.703704  0.00000    0    0    0
[37,]    0 11.11111    0    0  7.407407  0.00000    0    0    0
[38,]    0 11.11111    0    0  0.000000  0.00000    0    0    0
[39,]    0  0.00000    0    0  7.407407  0.00000    0    0    0
[40,]    0  0.00000    0    0  0.000000  0.00000    0    0    0
[41,]    0  0.00000    0    0 11.111111  0.00000    0    0    0
[42,]    0  0.00000    0    0  7.407407  0.00000    0    0    0
[43,]    0  0.00000    0    0  3.703704  0.00000    0    0    0
[44,]    0  0.00000    0    0  0.000000  0.00000    0    0    0
[45,]    0  0.00000    0    0  3.703704  0.00000    0    0    0
[46,]    0  0.00000    0    0  3.703704  0.00000    0    0    0
[47,]    0  0.00000    0    0  0.000000  0.00000    0    0    0
[48,]    0 11.11111    0    0  3.703704  0.00000    0    0    0
[49,]    0  0.00000    0    0  0.000000  0.00000    0    0    0
[50,]    0  0.00000    0    0  0.000000  0.00000    0    0    0

