$totdays
[1] 365

$Psampest
[1] NA

$Pbootest
      Mean       2.5%        50%      97.5% 
0.01940986 0.00000000 0.00000000 0.22154940 

$Pboots
 [1] 0.00000000 0.00000000 0.00000000 0.00000000 0.00000000 0.00000000 0.00000000
 [8] 0.00000000 0.00000000 0.00000000 0.00000000 0.00000000 0.00000000 0.00000000
[15] 0.50613585 0.11443081 0.00000000 0.00000000 0.00000000 0.00000000 0.00000000
[22] 0.00000000 0.00000000 0.00000000 0.00000000 0.00000000 0.00000000 0.00000000
[29] 0.00000000 0.00000000 0.00000000 0.00000000 0.00000000 0.25264835 0.00000000
[36] 0.00000000 0.00000000 0.00000000 0.00000000 0.00000000 0.00000000 0.00000000
[43] 0.00000000 0.09727808 0.00000000 0.00000000 0.00000000 0.00000000 0.00000000
[50] 0.00000000

$Bboots
 [1] 0.00000000 0.00000000 0.00000000 0.00000000 0.00000000 0.00000000 0.00000000
 [8] 0.00000000 0.00000000 0.00000000 0.00000000 0.00000000 0.00000000 0.00000000
[15] 0.33652874 0.06479918 0.00000000 0.00000000 0.00000000 0.00000000 0.00000000
[22] 0.00000000 0.00000000 0.00000000 0.00000000 0.00000000 0.00000000 0.00000000
[29] 0.00000000 0.00000000 0.00000000 0.00000000 0.00000000 0.30907400 0.00000000
[36] 0.00000000 0.00000000 0.00000000 0.00000000 0.00000000 0.00000000 0.00000000
[43] 0.00000000 0.19263975 0.00000000 0.00000000 0.00000000 0.00000000 0.00000000
[50] 0.00000000

$Nboots
 [1]  0.000000  0.000000  0.000000  0.000000  0.000000  0.000000  0.000000  0.000000
 [9]  0.000000  0.000000  0.000000  0.000000  0.000000  0.000000 10.763889  3.090278
[17]  0.000000  0.000000  0.000000  0.000000  0.000000  0.000000  0.000000  0.000000
[25]  0.000000  0.000000  0.000000  0.000000  0.000000  0.000000  0.000000  0.000000
[33]  0.000000  9.045139  0.000000  0.000000  0.000000  0.000000  0.000000  0.000000
[41]  0.000000  0.000000  0.000000  5.972222  0.000000  0.000000  0.000000  0.000000
[49]  0.000000  0.000000

$julians
[1] 2008 2040 2085 2141 2278 2283 2333 2362 2399

$intdays
[1]  32  45  56 137   5  50  29  37 -26

$Pintsampest
[1] NA NA NA NA NA NA NA NA NA

$Pintboots
            [,1]       [,2]        [,3] [,4] [,5] [,6] [,7] [,8] [,9]
 [1,]         NA         NA          NA   NA   NA   NA   NA   NA   NA
 [2,]         NA         NA          NA   NA   NA   NA    0    0   NA
 [3,]         NA         NA          NA   NA   NA   NA   NA   NA   NA
 [4,]         NA         NA          NA   NA   NA   NA   NA   NA   NA
 [5,]         NA         NA          NA   NA   NA   NA   NA   NA   NA
 [6,]         NA         NA          NA   NA   NA   NA   NA   NA   NA
 [7,]         NA         NA          NA   NA   NA   NA    0   NA   NA
 [8,]         NA         NA          NA   NA    0   NA   NA   NA   NA
 [9,]         NA         NA          NA   NA   NA   NA   NA   NA   NA
[10,]         NA         NA          NA   NA   NA   NA   NA    0   NA
[11,]         NA         NA          NA   NA    0    0    0    0   NA
[12,]         NA         NA          NA   NA   NA   NA   NA    0   NA
[13,]         NA         NA          NA   NA   NA   NA   NA   NA   NA
[14,]         NA         NA          NA    0   NA   NA   NA   NA   NA
[15,] 0.50613585         NA          NA   NA   NA   NA   NA   NA   NA
[16,] 0.09449176 0.01079700 0.009142056    0   NA   NA   NA   NA   NA
[17,]         NA         NA          NA   NA   NA   NA   NA   NA   NA
[18,]         NA         NA          NA   NA   NA   NA   NA   NA   NA
[19,]         NA         NA          NA   NA   NA   NA   NA   NA   NA
[20,]         NA         NA          NA   NA   NA   NA   NA    0   NA
[21,]         NA         NA          NA   NA   NA   NA   NA   NA   NA
[22,]         NA         NA          NA   NA   NA   NA   NA   NA   NA
[23,]         NA         NA          NA   NA   NA   NA   NA   NA   NA
[24,]         NA         NA          NA   NA   NA   NA    0   NA   NA
[25,]         NA         NA          NA   NA   NA   NA   NA   NA   NA
[26,]         NA         NA          NA   NA   NA   NA   NA   NA   NA
[27,]         NA         NA          NA   NA   NA   NA   NA   NA   NA
[28,]         NA         NA          NA   NA   NA   NA   NA    0   NA
[29,]         NA         NA          NA   NA   NA   NA   NA   NA   NA
[30,]         NA         NA          NA   NA   NA   NA   NA   NA   NA
[31,]         NA         NA          NA   NA   NA    0   NA   NA   NA
[32,]         NA         NA          NA   NA   NA   NA   NA   NA   NA
[33,]         NA         NA          NA   NA   NA   NA   NA   NA   NA
[34,] 0.19370619 0.05894215          NA   NA   NA   NA   NA   NA   NA
[35,]         NA         NA          NA   NA   NA   NA   NA   NA   NA
[36,]         NA         NA          NA   NA   NA   NA   NA   NA   NA
[37,]         NA         NA          NA   NA   NA   NA   NA   NA   NA
[38,]         NA         NA          NA    0   NA   NA   NA   NA   NA
[39,]         NA         NA          NA   NA   NA   NA   NA   NA   NA
[40,]         NA         NA 0.000000000    0    0   NA   NA   NA   NA
[41,]         NA         NA          NA   NA   NA   NA   NA   NA   NA
[42,]         NA         NA          NA   NA   NA   NA   NA   NA   NA
[43,]         NA         NA          NA   NA   NA   NA   NA   NA   NA
[44,]         NA 0.09727808          NA   NA   NA   NA   NA    0   NA
[45,]         NA         NA          NA   NA   NA   NA   NA   NA   NA
[46,]         NA         NA          NA   NA   NA   NA    0   NA   NA
[47,]         NA         NA          NA   NA   NA   NA   NA   NA   NA
[48,]         NA         NA 0.000000000   NA   NA   NA   NA   NA   NA
[49,]         NA         NA          NA   NA   NA   NA   NA   NA   NA
[50,]         NA         NA          NA   NA   NA   NA   NA   NA   NA

$Bdatesampinfo
      DATE JULIAN N Mean Stdev
1 07/01/11   2008 4   NA    NA
2 08/02/11   2040 5   NA    NA
3 09/16/11   2085 8   NA    NA
4 11/11/11   2141 5   NA    NA
5 03/27/12   2278 4   NA    NA
6 04/01/12   2283 2   NA    NA
7 05/21/12   2333 3   NA    NA
8 06/19/12   2362 5   NA    NA
9 07/26/12   2399 7   NA    NA

$Ndatesampinfo
      DATE JULIAN N Mean Stdev
1 07/01/11   2008 4   NA    NA
2 08/02/11   2040 5   NA    NA
3 09/16/11   2085 8   NA    NA
4 11/11/11   2141 5   NA    NA
5 03/27/12   2278 4   NA    NA
6 04/01/12   2283 2   NA    NA
7 05/21/12   2333 3   NA    NA
8 06/19/12   2362 5   NA    NA
9 07/26/12   2399 7   NA    NA

$Bdateboots
            [,1]      [,2]        [,3] [,4] [,5] [,6] [,7] [,8] [,9]
 [1,] 0.00000000 0.0000000 0.001616667    0    0    0    0    0    0
 [2,] 0.09514031 0.0000000 0.000000000    0    0    0    0    0    0
 [3,] 0.00000000 0.0000000 0.001616667    0    0    0    0    0    0
 [4,] 0.00000000 3.3310794 0.000000000    0    0    0    0    0    0
 [5,] 0.00000000 6.8700940 0.000000000    0    0    0    0    0    0
 [6,] 0.00000000 1.9991484 0.000000000    0    0    0    0    0    0
 [7,] 0.00000000 0.0000000 0.004850000    0    0    0    0    0    0
 [8,] 0.03171344 0.0000000 0.000000000    0    0    0    0    0    0
 [9,] 0.00000000 3.0822361 0.000000000    0    0    0    0    0    0
[10,] 0.00000000 1.1239959 0.000000000    0    0    0    0    0    0
[11,] 0.03171344 0.0000000 0.000000000    0    0    0    0    0    0
[12,] 0.00000000 0.0000000 0.000000000    0    0    0    0    0    0
[13,] 0.00000000 0.0000000 0.000000000    0    0    0    0    0    0
[14,] 0.06342687 0.0000000 0.000000000    0    0    0    0    0    0
[15,] 0.09514031 5.2893196 0.000000000    0    0    0    0    0    0
[16,] 0.03171344 0.4976867 0.004850000    0    0    0    0    0    0
[17,] 0.00000000 5.2893196 0.000000000    0    0    0    0    0    0
[18,] 0.00000000 0.0000000 0.000000000    0    0    0    0    0    0
[19,] 0.00000000 0.0000000 0.000000000    0    0    0    0    0    0
[20,] 0.00000000 0.0000000 0.000000000    0    0    0    0    0    0
[21,] 0.00000000 0.0000000 0.000000000    0    0    0    0    0    0
[22,] 0.06342687 0.0000000 0.000000000    0    0    0    0    0    0
[23,] 0.00000000 0.0000000 0.000000000    0    0    0    0    0    0
[24,] 0.00000000 0.0000000 0.000000000    0    0    0    0    0    0
[25,] 0.00000000 0.0000000 0.000000000    0    0    0    0    0    0
[26,] 0.00000000 0.0000000 0.000000000    0    0    0    0    0    0
[27,] 0.00000000 0.0000000 0.000000000    0    0    0    0    0    0
[28,] 0.00000000 4.6630105 0.000000000    0    0    0    0    0    0
[29,] 0.00000000 0.0000000 0.000000000    0    0    0    0    0    0
[30,] 0.00000000 2.9536137 0.000000000    0    0    0    0    0    0
[31,] 0.00000000 2.9536137 0.000000000    0    0    0    0    0    0
[32,] 0.00000000 0.0000000 0.000000000    0    0    0    0    0    0
[33,] 0.03171344 0.0000000 0.000000000    0    0    0    0    0    0
[34,] 0.03171344 2.4559269 0.001616667    0    0    0    0    0    0
[35,] 0.06342687 0.0000000 0.000000000    0    0    0    0    0    0
[36,] 0.00000000 0.0000000 0.000000000    0    0    0    0    0    0
[37,] 0.00000000 0.0000000 0.000000000    0    0    0    0    0    0
[38,] 0.00000000 0.0000000 0.000000000    0    0    0    0    0    0
[39,] 0.00000000 0.0000000 0.000000000    0    0    0    0    0    0
[40,] 0.03171344 0.0000000 0.000000000    0    0    0    0    0    0
[41,] 0.03171344 0.0000000 0.003233333    0    0    0    0    0    0
[42,] 0.00000000 0.0000000 0.000000000    0    0    0    0    0    0
[43,] 0.00000000 0.0000000 0.000000000    0    0    0    0    0    0
[44,] 0.00000000 3.0822361 0.000000000    0    0    0    0    0    0
[45,] 0.00000000 0.0000000 0.003233333    0    0    0    0    0    0
[46,] 0.00000000 0.0000000 0.000000000    0    0    0    0    0    0
[47,] 0.06342687 0.0000000 0.001616667    0    0    0    0    0    0
[48,] 0.00000000 0.0000000 0.000000000    0    0    0    0    0    0
[49,] 0.06342687 0.0000000 0.001616667    0    0    0    0    0    0
[50,] 0.00000000 5.5381630 0.000000000    0    0    0    0    0    0

$Ndateboots
           [,1]      [,2]     [,3] [,4] [,5] [,6] [,7] [,8] [,9]
 [1,]  0.000000   0.00000 1.388889    0    0    0    0    0    0
 [2,] 16.666667   0.00000 0.000000    0    0    0    0    0    0
 [3,]  0.000000   0.00000 1.388889    0    0    0    0    0    0
 [4,]  0.000000 104.44444 0.000000    0    0    0    0    0    0
 [5,]  0.000000 188.88889 0.000000    0    0    0    0    0    0
 [6,]  0.000000  80.00000 0.000000    0    0    0    0    0    0
 [7,]  0.000000   0.00000 4.166667    0    0    0    0    0    0
 [8,]  5.555556   0.00000 0.000000    0    0    0    0    0    0
 [9,]  0.000000  95.55556 0.000000    0    0    0    0    0    0
[10,]  0.000000  44.44444 0.000000    0    0    0    0    0    0
[11,]  5.555556   0.00000 0.000000    0    0    0    0    0    0
[12,]  0.000000   0.00000 0.000000    0    0    0    0    0    0
[13,]  0.000000   0.00000 0.000000    0    0    0    0    0    0
[14,] 11.111111   0.00000 0.000000    0    0    0    0    0    0
[15,] 16.666667 155.55556 0.000000    0    0    0    0    0    0
[16,]  5.555556  17.77778 4.166667    0    0    0    0    0    0
[17,]  0.000000 155.55556 0.000000    0    0    0    0    0    0
[18,]  0.000000   0.00000 0.000000    0    0    0    0    0    0
[19,]  0.000000   0.00000 0.000000    0    0    0    0    0    0
[20,]  0.000000   0.00000 0.000000    0    0    0    0    0    0
[21,]  0.000000   0.00000 0.000000    0    0    0    0    0    0
[22,] 11.111111   0.00000 0.000000    0    0    0    0    0    0
[23,]  0.000000   0.00000 0.000000    0    0    0    0    0    0
[24,]  0.000000   0.00000 0.000000    0    0    0    0    0    0
[25,]  0.000000   0.00000 0.000000    0    0    0    0    0    0
[26,]  0.000000   0.00000 0.000000    0    0    0    0    0    0
[27,]  0.000000   0.00000 0.000000    0    0    0    0    0    0
[28,]  0.000000 128.88889 0.000000    0    0    0    0    0    0
[29,]  0.000000   0.00000 0.000000    0    0    0    0    0    0
[30,]  0.000000  86.66667 0.000000    0    0    0    0    0    0
[31,]  0.000000  86.66667 0.000000    0    0    0    0    0    0
[32,]  0.000000   0.00000 0.000000    0    0    0    0    0    0
[33,]  5.555556   0.00000 0.000000    0    0    0    0    0    0
[34,]  5.555556  68.88889 1.388889    0    0    0    0    0    0
[35,] 11.111111   0.00000 0.000000    0    0    0    0    0    0
[36,]  0.000000   0.00000 0.000000    0    0    0    0    0    0
[37,]  0.000000   0.00000 0.000000    0    0    0    0    0    0
[38,]  0.000000   0.00000 0.000000    0    0    0    0    0    0
[39,]  0.000000   0.00000 0.000000    0    0    0    0    0    0
[40,]  5.555556   0.00000 0.000000    0    0    0    0    0    0
[41,]  5.555556   0.00000 2.777778    0    0    0    0    0    0
[42,]  0.000000   0.00000 0.000000    0    0    0    0    0    0
[43,]  0.000000   0.00000 0.000000    0    0    0    0    0    0
[44,]  0.000000  95.55556 0.000000    0    0    0    0    0    0
[45,]  0.000000   0.00000 2.777778    0    0    0    0    0    0
[46,]  0.000000   0.00000 0.000000    0    0    0    0    0    0
[47,] 11.111111   0.00000 1.388889    0    0    0    0    0    0
[48,]  0.000000   0.00000 0.000000    0    0    0    0    0    0
[49,] 11.111111   0.00000 1.388889    0    0    0    0    0    0
[50,]  0.000000 164.44444 0.000000    0    0    0    0    0    0

