$totdays
[1] 365

$Psampest
[1] 3.382931

$Pbootest
     Mean      2.5%       50%     97.5% 
 8.300126  2.256574  4.657086 27.481630 

$Pboots
 [1] 28.1628416 16.6533411  3.4833586  0.7706826 24.9914430  5.1767198  4.7024644
 [8]  4.9292438 22.9984567 10.4598752 11.6624010 28.5501776  7.6152198  4.9533345
[15]  5.8389008  2.2968885  3.0975265  6.0718425  3.5861721  2.6771976  2.5402723
[22]  3.8632444  3.1681688  4.6117084  4.8184447  2.8696928 10.0195424  4.0928953
[29]  2.8804392  4.3823301 24.8591223  3.6956129  2.2448701  2.6333323 11.7734076
[36] 10.2917917  4.0939809 12.9404024 25.1352350 17.7724356 10.0255515  3.1837335
[43] 18.1736420  2.6389080  2.7917823  6.8696993  3.8149534  2.5804323  3.9962082
[50]  3.5663755

$Bboots
 [1] 8.7650153 7.1063340 1.1079934 0.2116723 7.7348853 1.6331701 1.4198201 1.5803935
 [9] 7.1226224 3.2316807 3.6096911 8.8973459 2.3715664 1.7138192 1.8229861 0.7346139
[17] 0.9477716 1.8681731 1.1458934 0.8299969 0.8483257 1.1941656 1.0117289 1.4740158
[25] 1.5402803 0.8911056 3.1366375 1.2804020 0.9196853 1.3841290 7.6862980 1.1891513
[33] 0.6866624 0.8043033 3.6199057 3.1694633 1.2809077 4.5244643 7.7604426 7.4759354
[41] 3.0503061 1.0209072 7.5964112 0.7931822 0.8968523 2.1506859 1.1690830 0.8249381
[49] 1.2451610 1.1387264

$Nboots
 [1] 25.760582 25.297619  7.010582 12.103175 23.065476  8.399471 23.313492  6.167328
 [9] 19.328704 10.367063  9.788360 25.148810  6.977513 24.685847 24.718915  6.167328
[17]  7.010582 13.095238  4.199735  6.200397 10.416667 10.367063  5.704365  5.009921
[25]  5.125661  5.968915  7.440476  7.589286  3.852513  6.514550 24.140212  6.283069
[33]  6.464947 15.839947 13.293651 13.210979  7.820767 14.682540 25.529101 39.963624
[41] 11.937831  4.662698 25.644841  7.969577  2.314815 11.326058 14.880952  3.042328
[49] 10.284392  4.546958

$julians
[1] 2008 2040 2085 2141 2278 2283 2333 2362 2399

$intdays
[1]  32  45  56 137   5  50  29  37 -26

$Pintsampest
[1] 0.00000000 0.16587133 0.20429930 0.00000000 0.00000000 0.00000000 0.02721262
[8] 2.98554727 0.00000000

$Pintboots
            [,1]        [,2]       [,3] [,4]        [,5]        [,6]        [,7]
 [1,] 9.06635090 12.73154672 0.08214089    0 0.000000000  0.00000000 0.021013969
 [2,] 0.02784921  0.30395496 0.32645772    0 1.388019006 13.88708611 0.006198651
 [3,] 0.02784921  0.10559326 0.08214089    0 0.000000000  0.00000000 0.048226588
 [4,] 0.16709528  0.39928801 0.20429930    0 0.000000000  0.00000000 0.000000000
 [5,] 9.06635090 12.79738233 0.16322886    0 0.000000000  0.00000000 0.006198651
 [6,] 0.00000000  0.16587133 0.20429930    0 0.000000000  0.00000000 0.048226588
 [7,] 0.16709528  0.79686627 0.69398588    0 0.014453951  0.14461133 0.027212619
 [8,] 0.00000000  0.03334524 0.04107044    0 0.000000000  0.00000000 0.069240557
 [9,] 9.06635090 12.66485624 0.00000000    0 0.000000000  0.00000000 0.027212619
[10,] 2.59183639  3.88560849 0.32645772    0 0.000000000  0.00000000 0.000000000
[11,] 3.66564532  5.28643978 0.20429930    0 0.000000000  0.00000000 0.042027937
[12,] 9.06635090 12.69820148 0.04107044    0 0.000000000  0.00000000 0.042027937
[13,] 2.59183639  3.65390155 0.04107044    0 0.004263592  0.04265711 0.033411270
[14,] 0.09441127  0.16522907 0.04107044    0 0.101670385  1.01720898 0.018595952
[15,] 0.66409732  1.09355395 0.20429930    0 0.000000000  0.00000000 0.006198651
[16,] 0.00000000  0.13252609 0.16322886    0 0.014453951  0.14461133 0.042027937
[17,] 0.00000000  0.26505218 0.32645772    0 0.000000000  0.00000000 0.042027937
[18,] 0.00000000  0.43092351 0.53075702    0 0.000000000  0.00000000 0.018595952
[19,] 0.00000000  0.03334524 0.04107044    0 0.000000000  0.00000000 0.027212619
[20,] 0.00000000  0.16587133 0.20429930    0 0.000000000  0.00000000 0.027212619
[21,] 0.00000000  0.00000000 0.00000000    0 0.025581554  0.25594264 0.006198651
[22,] 0.09441127  0.39693600 0.32645772    0 0.004263592  0.04265711 0.021013969
[23,] 0.02784921  0.07224802 0.04107044    0 0.000000000  0.00000000 0.033411270
[24,] 0.00000000  0.03334524 0.04107044    0 0.000000000  0.00000000 0.021013969
[25,] 0.00000000  0.03334524 0.04107044    0 0.000000000  0.00000000 0.021013969
[26,] 0.00000000  0.16587133 0.20429930    0 0.000000000  0.00000000 0.021013969
[27,] 2.59183639  3.65390155 0.04107044    0 0.000000000  0.00000000 0.033411270
[28,] 0.02784921  0.20477411 0.20429930    0 0.000000000  0.00000000 0.000000000
[29,] 0.00000000  0.03334524 0.04107044    0 0.000000000  0.00000000 0.027212619
[30,] 0.00000000  0.13252609 0.16322886    0 0.000000000  0.00000000 0.042027937
[31,] 9.06635090 12.83072757 0.20429930    0 0.000000000  0.00000000 0.006198651
[32,] 0.00000000  0.03334524 0.04107044    0 0.004263592  0.04265711 0.054425239
[33,] 0.00000000  0.19921657 0.24536975    0 0.000000000  0.00000000 0.042027937
[34,] 0.16709528  0.43263325 0.24536975    0 0.000000000  0.00000000 0.018595952
[35,] 3.66564532  5.41896587 0.36752816    0 0.000000000  0.00000000 0.033411270
[36,] 2.59183639  3.95229897 0.40859861    0 0.000000000  0.00000000 0.042027937
[37,] 0.09441127  0.29775516 0.20429930    0 0.000000000  0.00000000 0.021013969
[38,] 2.59183639  4.01813458 0.48968657    0 0.396798864  3.96996006 0.027212619
[39,] 9.06635090 12.92990842 0.32645772    0 0.000000000  0.00000000 0.048226588
[40,] 0.66409732  1.06020871 0.16322886    0 1.388019006 13.88708611 0.048226588
[41,] 3.66564532  5.45231111 0.40859861    0 0.000000000  0.00000000 0.000000000
[42,] 0.00000000  0.03334524 0.04107044    0 0.000000000  0.00000000 0.069240557
[43,] 0.00000000  0.26505218 0.32645772    0 1.388019006 13.88708611 0.027212619
[44,] 0.00000000  0.29839742 0.36752816    0 0.000000000  0.00000000 0.027212619
[45,] 0.00000000  0.00000000 0.00000000    0 0.000000000  0.00000000 0.021013969
[46,] 0.00000000  0.29839742 0.36752816    0 0.000000000  0.00000000 0.042027937
[47,] 0.16709528  0.49846886 0.32645772    0 0.000000000  0.00000000 0.000000000
[48,] 0.00000000  0.03334524 0.04107044    0 0.000000000  0.00000000 0.042027937
[49,] 0.00000000  0.29839742 0.36752816    0 0.014453951  0.14461133 0.006198651
[50,] 0.00000000  0.03334524 0.04107044    0 0.000000000  0.00000000 0.018595952
           [,8] [,9]
 [1,] 6.2617891    0
 [2,] 0.7137754    0
 [3,] 3.2195486    0
 [4,] 0.0000000    0
 [5,] 2.9582823    0
 [6,] 4.7583226    0
 [7,] 2.8582390    0
 [8,] 4.7855876    0
 [9,] 1.2400369    0
[10,] 3.6559726    0
[11,] 2.4639887    0
[12,] 6.7025268    0
[13,] 1.2480795    0
[14,] 3.5151484    0
[15,] 3.8707516    0
[16,] 1.8000403    0
[17,] 2.4639887    0
[18,] 5.0915661    0
[19,] 3.4845438    0
[20,] 2.2798144    0
[21,] 2.2525494    0
[22,] 2.9775047    0
[23,] 2.9935898    0
[24,] 4.5162787    0
[25,] 4.7230151    0
[26,] 2.4785082    0
[27,] 3.6993227    0
[28,] 3.6559726    0
[29,] 2.7788109    0
[30,] 4.0445472    0
[31,] 2.7515459    0
[32,] 3.5198513    0
[33,] 1.7582558    0
[34,] 1.7696380    0
[35,] 2.2878569    0
[36,] 3.2970298    0
[37,] 3.4765012    0
[38,] 1.4467733    0
[39,] 2.7642913    0
[40,] 0.5615690    0
[41,] 0.4989965    0
[42,] 3.0400772    0
[43,] 2.2798144    0
[44,] 1.9457698    0
[45,] 2.7707683    0
[46,] 6.1617458    0
[47,] 2.8229315    0
[48,] 2.4639887    0
[49,] 3.1650187    0
[50,] 3.4733639    0

$Bdatesampinfo
      DATE JULIAN N       Mean      Stdev
1 07/01/11   2008 3  0.0000000  0.0000000
2 08/02/11   2040 1  0.0000000         NA
3 09/16/11   2085 7  0.7034594  1.4716570
4 11/11/11   2141 4  0.0000000  0.0000000
5 03/27/12   2278 3  0.0000000  0.0000000
6 04/01/12   2283 1  0.0000000         NA
7 05/21/12   2333 2  0.0000000  0.0000000
8 06/19/12   2362 4  0.1810763  0.2638834
9 07/26/12   2399 6 15.1302100 21.0648799

$Ndatesampinfo
      DATE JULIAN N      Mean     Stdev
1 07/01/11   2008 3  0.000000  0.000000
2 08/02/11   2040 1  0.000000        NA
3 09/16/11   2085 7 30.158730 56.186889
4 11/11/11   2141 4  0.000000  0.000000
5 03/27/12   2278 3  0.000000  0.000000
6 04/01/12   2283 1  0.000000        NA
7 05/21/12   2333 2  0.000000  0.000000
8 06/19/12   2362 4  5.555556  6.415003
9 07/26/12   2399 6 33.333333 56.218270

$Bdateboots
      [,1]       [,2]      [,3] [,4] [,5]       [,6] [,7]       [,8]      [,9]
 [1,]    0 53.7106886 0.2828340    0    0  0.0000000    0 0.13982963 31.973541
 [2,]    0  0.1649865 1.1240848    0    0 53.7106886    0 0.04124663  3.619330
 [3,]    0  0.1649865 0.2828340    0    0  0.0000000    0 0.32090590 16.190442
 [4,]    0  0.9899191 0.7034594    0    0  0.0000000    0 0.00000000  0.000000
 [5,]    0 53.7106886 0.5620424    0    0  0.0000000    0 0.04124663 15.130210
 [6,]    0  0.0000000 0.7034594    0    0  0.0000000    0 0.32090590 24.081991
 [7,]    0  0.9899191 2.3895866    0    0  0.5593185    0 0.18107626 14.477321
 [8,]    0  0.0000000 0.1414170    0    0  0.0000000    0 0.46073553 24.081991
 [9,]    0 53.7106886 0.0000000    0    0  0.0000000    0 0.18107626  6.178429
[10,]    0 15.3545903 1.1240848    0    0  0.0000000    0 0.00000000 18.749540
[11,]    0 21.7159811 0.7034594    0    0  0.0000000    0 0.27965927 12.356857
[12,]    0 53.7106886 0.1414170    0    0  0.0000000    0 0.27965927 34.094005
[13,]    0 15.3545903 0.1414170    0    0  0.1649865    0 0.22232289  6.178429
[14,]    0  0.5593185 0.1414170    0    0  3.9342969    0 0.12373988 17.903563
[15,]    0  3.9342969 0.7034594    0    0  0.0000000    0 0.04124663 19.809772
[16,]    0  0.0000000 0.5620424    0    0  0.5593185    0 0.27965927  8.951781
[17,]    0  0.0000000 1.1240848    0    0  0.0000000    0 0.27965927 12.356857
[18,]    0  0.0000000 1.8275442    0    0  0.0000000    0 0.12373988 25.988201
[19,]    0  0.0000000 0.1414170    0    0  0.0000000    0 0.18107626 17.689308
[20,]    0  0.0000000 0.7034594    0    0  0.0000000    0 0.18107626 11.510880
[21,]    0  0.0000000 0.0000000    0    0  0.9899191    0 0.04124663 11.510880
[22,]    0  0.5593185 1.1240848    0    0  0.1649865    0 0.13982963 15.130210
[23,]    0  0.1649865 0.1414170    0    0  0.0000000    0 0.22232289 15.130210
[24,]    0  0.0000000 0.1414170    0    0  0.0000000    0 0.13982963 23.021760
[25,]    0  0.0000000 0.1414170    0    0  0.0000000    0 0.13982963 24.081991
[26,]    0  0.0000000 0.7034594    0    0  0.0000000    0 0.13982963 12.571112
[27,]    0 15.3545903 0.1414170    0    0  0.0000000    0 0.22232289 18.749540
[28,]    0  0.1649865 0.7034594    0    0  0.0000000    0 0.00000000 18.749540
[29,]    0  0.0000000 0.1414170    0    0  0.0000000    0 0.18107626 14.069978
[30,]    0  0.0000000 0.5620424    0    0  0.0000000    0 0.27965927 20.462661
[31,]    0 53.7106886 0.7034594    0    0  0.0000000    0 0.04124663 14.069978
[32,]    0  0.0000000 0.1414170    0    0  0.1649865    0 0.36215252 17.689308
[33,]    0  0.0000000 0.8448764    0    0  0.0000000    0 0.27965927  8.737527
[34,]    0  0.9899191 0.8448764    0    0  0.0000000    0 0.12373988  8.951781
[35,]    0 21.7159811 1.2655018    0    0  0.0000000    0 0.22232289 11.510880
[36,]    0 15.3545903 1.4069188    0    0  0.0000000    0 0.27965927 16.629077
[37,]    0  0.5593185 0.7034594    0    0  0.0000000    0 0.13982963 17.689308
[38,]    0 15.3545903 1.6861272    0    0 15.3545903    0 0.18107626  7.238660
[39,]    0 53.7106886 1.1240848    0    0  0.0000000    0 0.32090590 13.855724
[40,]    0  3.9342969 0.5620424    0    0 53.7106886    0 0.32090590  2.559098
[41,]    0 21.7159811 1.4069188    0    0  0.0000000    0 0.00000000  2.559098
[42,]    0  0.0000000 0.1414170    0    0  0.0000000    0 0.46073553 15.130210
[43,]    0  0.0000000 1.1240848    0    0 53.7106886    0 0.18107626 11.510880
[44,]    0  0.0000000 1.2655018    0    0  0.0000000    0 0.18107626  9.797759
[45,]    0  0.0000000 0.0000000    0    0  0.0000000    0 0.13982963 14.069978
[46,]    0  0.0000000 1.2655018    0    0  0.0000000    0 0.27965927 31.320652
[47,]    0  0.9899191 1.1240848    0    0  0.0000000    0 0.00000000 14.477321
[48,]    0  0.0000000 0.1414170    0    0  0.0000000    0 0.27965927 12.356857
[49,]    0  0.0000000 1.2655018    0    0  0.5593185    0 0.04124663 16.190442
[50,]    0  0.0000000 0.1414170    0    0  0.0000000    0 0.12373988 17.689308

$Ndateboots
      [,1]      [,2]     [,3] [,4] [,5]      [,6] [,7]      [,8]      [,9]
 [1,]    0 144.44444 19.04762    0    0   0.00000    0  2.777778 79.629630
 [2,]    0  11.11111 41.26984    0    0 144.44444    0  2.777778  5.555556
 [3,]    0  11.11111 19.04762    0    0   0.00000    0  8.333333 35.185185
 [4,]    0  66.66667 30.15873    0    0   0.00000    0  0.000000  0.000000
 [5,]    0 144.44444 20.63492    0    0   0.00000    0  2.777778 33.333333
 [6,]    0   0.00000 30.15873    0    0   0.00000    0  8.333333 57.407407
 [7,]    0  66.66667 92.06349    0    0  11.11111    0  5.555556 22.222222
 [8,]    0   0.00000  9.52381    0    0   0.00000    0 11.111111 57.407407
 [9,]    0 144.44444  0.00000    0    0   0.00000    0  5.555556  9.259259
[10,]    0  22.22222 41.26984    0    0   0.00000    0  0.000000 38.888889
[11,]    0  33.33333 30.15873    0    0   0.00000    0  5.555556 18.518519
[12,]    0 144.44444  9.52381    0    0   0.00000    0  5.555556 83.333333
[13,]    0  22.22222  9.52381    0    0  11.11111    0  8.333333  9.259259
[14,]    0  11.11111  9.52381    0    0 144.44444    0  8.333333 48.148148
[15,]    0 144.44444 30.15873    0    0   0.00000    0  2.777778 40.740741
[16,]    0   0.00000 20.63492    0    0  11.11111    0  5.555556 24.074074
[17,]    0   0.00000 41.26984    0    0   0.00000    0  5.555556 18.518519
[18,]    0   0.00000 71.42857    0    0   0.00000    0  8.333333 50.000000
[19,]    0   0.00000  9.52381    0    0   0.00000    0  5.555556 37.037037
[20,]    0   0.00000 30.15873    0    0   0.00000    0  5.555556 27.777778
[21,]    0   0.00000  0.00000    0    0  66.66667    0  2.777778 27.777778
[22,]    0  11.11111 41.26984    0    0  11.11111    0  2.777778 33.333333
[23,]    0  11.11111  9.52381    0    0   0.00000    0  8.333333 33.333333
[24,]    0   0.00000  9.52381    0    0   0.00000    0  2.777778 55.555556
[25,]    0   0.00000  9.52381    0    0   0.00000    0  2.777778 57.407407
[26,]    0   0.00000 30.15873    0    0   0.00000    0  2.777778 29.629630
[27,]    0  22.22222  9.52381    0    0   0.00000    0  8.333333 38.888889
[28,]    0  11.11111 30.15873    0    0   0.00000    0  0.000000 38.888889
[29,]    0   0.00000  9.52381    0    0   0.00000    0  5.555556 31.481481
[30,]    0   0.00000 20.63492    0    0   0.00000    0  5.555556 51.851852
[31,]    0 144.44444 30.15873    0    0   0.00000    0  2.777778 31.481481
[32,]    0   0.00000  9.52381    0    0  11.11111    0 11.111111 37.037037
[33,]    0   0.00000 39.68254    0    0   0.00000    0  5.555556 12.962963
[34,]    0  66.66667 39.68254    0    0   0.00000    0  8.333333 24.074074
[35,]    0  33.33333 50.79365    0    0   0.00000    0  8.333333 27.777778
[36,]    0  22.22222 60.31746    0    0   0.00000    0  5.555556 35.185185
[37,]    0  11.11111 30.15873    0    0   0.00000    0  2.777778 37.037037
[38,]    0  22.22222 61.90476    0    0  22.22222    0  5.555556 11.111111
[39,]    0 144.44444 41.26984    0    0   0.00000    0  8.333333 20.370370
[40,]    0 144.44444 20.63492    0    0 144.44444    0  8.333333  3.703704
[41,]    0  33.33333 60.31746    0    0   0.00000    0  0.000000  3.703704
[42,]    0   0.00000  9.52381    0    0   0.00000    0 11.111111 33.333333
[43,]    0   0.00000 41.26984    0    0 144.44444    0  5.555556 27.777778
[44,]    0   0.00000 50.79365    0    0   0.00000    0  5.555556 14.814815
[45,]    0   0.00000  0.00000    0    0   0.00000    0  2.777778 31.481481
[46,]    0   0.00000 50.79365    0    0   0.00000    0  5.555556 68.518519
[47,]    0  66.66667 41.26984    0    0   0.00000    0  0.000000 22.222222
[48,]    0   0.00000  9.52381    0    0   0.00000    0  5.555556 18.518519
[49,]    0   0.00000 50.79365    0    0  11.11111    0  2.777778 35.185185
[50,]    0   0.00000  9.52381    0    0   0.00000    0  8.333333 37.037037

