$totdays
[1] 391

$Psampest
[1] 0.1599372

$Pbootest
     Mean      2.5%       50%     97.5% 
0.8063153 0.0000000 0.3198744 1.9648893 

$Pboots
 [1] 1.6450149 0.1599372 0.1599372 1.9001034 0.3198744 0.3198744 0.1599372 1.4779057
 [9] 0.1599372 1.9648893 0.1599372 1.8049521 1.3179685 0.1599372 1.9648893 0.1599372
[17] 1.9648893 0.1599372 1.6450149 0.0000000 0.1599372 1.8049521 1.4779057 1.9648893
[25] 1.6378429 0.3198744 1.8049521 0.0000000 0.3198744 0.1599372 1.8049521 0.1599372
[33] 0.0000000 1.9648893 0.0000000 0.1599372 1.3179685 0.9020093 0.3198744 0.3198744
[41] 0.1599372 1.6450149 2.1248265 0.1599372 0.4798116 0.1599372 0.1599372 0.1599372
[49] 0.9020093 0.1599372

$Bboots
 [1] 0.27822776 0.09274259 0.09274259 0.55645552 0.18548517 0.18548517 0.09274259
 [8] 0.37097034 0.09274259 0.46371293 0.09274259 0.37097034 0.27822776 0.09274259
[15] 0.46371293 0.09274259 0.46371293 0.09274259 0.27822776 0.00000000 0.09274259
[22] 0.37097034 0.37097034 0.46371293 0.46371293 0.18548517 0.37097034 0.00000000
[29] 0.18548517 0.09274259 0.37097034 0.09274259 0.00000000 0.46371293 0.00000000
[36] 0.09274259 0.27822776 0.46371293 0.18548517 0.18548517 0.09274259 0.27822776
[43] 0.55645552 0.09274259 0.27822776 0.09274259 0.09274259 0.09274259 0.46371293
[50] 0.09274259

$Nboots
 [1] 1.2345679 0.4115226 0.4115226 2.4691358 0.8230453 0.8230453 0.4115226 1.6460905
 [9] 0.4115226 2.0576132 0.4115226 1.6460905 1.2345679 0.4115226 2.0576132 0.4115226
[17] 2.0576132 0.4115226 1.2345679 0.0000000 0.4115226 1.6460905 1.6460905 2.0576132
[25] 2.0576132 0.8230453 1.6460905 0.0000000 0.8230453 0.4115226 1.6460905 0.4115226
[33] 0.0000000 2.0576132 0.0000000 0.4115226 1.2345679 2.0576132 0.8230453 0.8230453
[41] 0.4115226 1.2345679 2.4691358 0.4115226 1.2345679 0.4115226 0.4115226 0.4115226
[49] 2.0576132 0.4115226

$julians
 [1] 2008 2040 2085 2141 2232 2278 2283 2333 2362 2399

$intdays
[1] 32 45 56 91 46  5 50 29 37

$Pintsampest
[1] 0.0000000 0.0000000 0.0000000 0.0000000 0.1439121 0.0160251 0.0000000 0.0000000
[9] 0.0000000

$Pintboots
          [,1]      [,2] [,3]      [,4]      [,5]       [,6]      [,7] [,8] [,9]
 [1,] 0.817879 0.8271359    0 0.0000000 0.0000000 0.00000000 0.0000000    0    0
 [2,] 0.000000 0.0000000    0 0.0000000 0.1439121 0.01602510 0.0000000    0    0
 [3,] 0.000000 0.0000000    0 0.0000000 0.1439121 0.01602510 0.0000000    0    0
 [4,] 0.000000 0.0000000    0 0.8862322 0.4317363 0.04807530 0.5340596    0    0
 [5,] 0.000000 0.0000000    0 0.0000000 0.2878242 0.03205020 0.0000000    0    0
 [6,] 0.000000 0.0000000    0 0.0000000 0.2878242 0.03205020 0.0000000    0    0
 [7,] 0.000000 0.0000000    0 0.0000000 0.1439121 0.01602510 0.0000000    0    0
 [8,] 0.000000 0.0000000    0 0.8862322 0.5756484 0.01602510 0.0000000    0    0
 [9,] 0.000000 0.0000000    0 0.0000000 0.1439121 0.01602510 0.0000000    0    0
[10,] 0.817879 0.8271359    0 0.0000000 0.2878242 0.03205020 0.0000000    0    0
[11,] 0.000000 0.0000000    0 0.0000000 0.1439121 0.01602510 0.0000000    0    0
[12,] 0.817879 0.8271359    0 0.0000000 0.1439121 0.01602510 0.0000000    0    0
[13,] 0.000000 0.0000000    0 0.8862322 0.4317363 0.00000000 0.0000000    0    0
[14,] 0.000000 0.0000000    0 0.0000000 0.1439121 0.01602510 0.0000000    0    0
[15,] 0.817879 0.8271359    0 0.0000000 0.2878242 0.03205020 0.0000000    0    0
[16,] 0.000000 0.0000000    0 0.0000000 0.1439121 0.01602510 0.0000000    0    0
[17,] 0.817879 0.8271359    0 0.0000000 0.2878242 0.03205020 0.0000000    0    0
[18,] 0.000000 0.0000000    0 0.0000000 0.1439121 0.01602510 0.0000000    0    0
[19,] 0.817879 0.8271359    0 0.0000000 0.0000000 0.00000000 0.0000000    0    0
[20,] 0.000000 0.0000000    0 0.0000000 0.0000000 0.00000000 0.0000000    0    0
[21,] 0.000000 0.0000000    0 0.0000000 0.1439121 0.01602510 0.0000000    0    0
[22,] 0.817879 0.8271359    0 0.0000000 0.1439121 0.01602510 0.0000000    0    0
[23,] 0.000000 0.0000000    0 0.8862322 0.5756484 0.01602510 0.0000000    0    0
[24,] 0.817879 0.8271359    0 0.0000000 0.2878242 0.03205020 0.0000000    0    0
[25,] 0.000000 0.0000000    0 0.8862322 0.7195605 0.03205020 0.0000000    0    0
[26,] 0.000000 0.0000000    0 0.0000000 0.2878242 0.03205020 0.0000000    0    0
[27,] 0.817879 0.8271359    0 0.0000000 0.1439121 0.01602510 0.0000000    0    0
[28,] 0.000000 0.0000000    0 0.0000000 0.0000000 0.00000000 0.0000000    0    0
[29,] 0.000000 0.0000000    0 0.0000000 0.2878242 0.03205020 0.0000000    0    0
[30,] 0.000000 0.0000000    0 0.0000000 0.1439121 0.01602510 0.0000000    0    0
[31,] 0.817879 0.8271359    0 0.0000000 0.1439121 0.01602510 0.0000000    0    0
[32,] 0.000000 0.0000000    0 0.0000000 0.1439121 0.01602510 0.0000000    0    0
[33,] 0.000000 0.0000000    0 0.0000000 0.0000000 0.00000000 0.0000000    0    0
[34,] 0.817879 0.8271359    0 0.0000000 0.2878242 0.03205020 0.0000000    0    0
[35,] 0.000000 0.0000000    0 0.0000000 0.0000000 0.00000000 0.0000000    0    0
[36,] 0.000000 0.0000000    0 0.0000000 0.1439121 0.01602510 0.0000000    0    0
[37,] 0.000000 0.0000000    0 0.8862322 0.4317363 0.00000000 0.0000000    0    0
[38,] 0.000000 0.0000000    0 0.0000000 0.2878242 0.08012549 0.5340596    0    0
[39,] 0.000000 0.0000000    0 0.0000000 0.2878242 0.03205020 0.0000000    0    0
[40,] 0.000000 0.0000000    0 0.0000000 0.2878242 0.03205020 0.0000000    0    0
[41,] 0.000000 0.0000000    0 0.0000000 0.1439121 0.01602510 0.0000000    0    0
[42,] 0.817879 0.8271359    0 0.0000000 0.0000000 0.00000000 0.0000000    0    0
[43,] 0.817879 0.8271359    0 0.0000000 0.4317363 0.04807530 0.0000000    0    0
[44,] 0.000000 0.0000000    0 0.0000000 0.1439121 0.01602510 0.0000000    0    0
[45,] 0.000000 0.0000000    0 0.0000000 0.4317363 0.04807530 0.0000000    0    0
[46,] 0.000000 0.0000000    0 0.0000000 0.1439121 0.01602510 0.0000000    0    0
[47,] 0.000000 0.0000000    0 0.0000000 0.1439121 0.01602510 0.0000000    0    0
[48,] 0.000000 0.0000000    0 0.0000000 0.1439121 0.01602510 0.0000000    0    0
[49,] 0.000000 0.0000000    0 0.0000000 0.2878242 0.08012549 0.5340596    0    0
[50,] 0.000000 0.0000000    0 0.0000000 0.1439121 0.01602510 0.0000000    0    0

$Bdatesampinfo
       DATE JULIAN N      Mean    Stdev
1  07/01/11   2008 3 0.0000000 0.000000
2  08/02/11   2040 1 0.0000000       NA
3  09/16/11   2085 7 0.0000000 0.000000
4  11/11/11   2141 5 0.0000000 0.000000
5  02/10/12   2232 1 0.0000000       NA
6  03/27/12   2278 3 0.8346833 1.445714
7  04/01/12   2283 1 0.0000000       NA
8  05/21/12   2333 2 0.0000000 0.000000
9  06/19/12   2362 4 0.0000000 0.000000
10 07/26/12   2399 6 0.0000000 0.000000

$Ndatesampinfo
       DATE JULIAN N     Mean    Stdev
1  07/01/11   2008 3 0.000000 0.000000
2  08/02/11   2040 1 0.000000       NA
3  09/16/11   2085 7 0.000000 0.000000
4  11/11/11   2141 5 0.000000 0.000000
5  02/10/12   2232 1 0.000000       NA
6  03/27/12   2278 3 3.703704 6.415003
7  04/01/12   2283 1 0.000000       NA
8  05/21/12   2333 2 0.000000 0.000000
9  06/19/12   2362 4 0.000000 0.000000
10 07/26/12   2399 6 0.000000 0.000000

$Bdateboots
      [,1]    [,2] [,3] [,4]    [,5]      [,6]    [,7] [,8] [,9] [,10]
 [1,]    0 2.50405    0    0 0.00000 0.0000000 0.00000    0    0     0
 [2,]    0 0.00000    0    0 0.00000 0.8346833 0.00000    0    0     0
 [3,]    0 0.00000    0    0 0.00000 0.8346833 0.00000    0    0     0
 [4,]    0 0.00000    0    0 2.50405 0.0000000 2.50405    0    0     0
 [5,]    0 0.00000    0    0 0.00000 1.6693666 0.00000    0    0     0
 [6,]    0 0.00000    0    0 0.00000 1.6693666 0.00000    0    0     0
 [7,]    0 0.00000    0    0 0.00000 0.8346833 0.00000    0    0     0
 [8,]    0 0.00000    0    0 2.50405 0.8346833 0.00000    0    0     0
 [9,]    0 0.00000    0    0 0.00000 0.8346833 0.00000    0    0     0
[10,]    0 2.50405    0    0 0.00000 1.6693666 0.00000    0    0     0
[11,]    0 0.00000    0    0 0.00000 0.8346833 0.00000    0    0     0
[12,]    0 2.50405    0    0 0.00000 0.8346833 0.00000    0    0     0
[13,]    0 0.00000    0    0 2.50405 0.0000000 0.00000    0    0     0
[14,]    0 0.00000    0    0 0.00000 0.8346833 0.00000    0    0     0
[15,]    0 2.50405    0    0 0.00000 1.6693666 0.00000    0    0     0
[16,]    0 0.00000    0    0 0.00000 0.8346833 0.00000    0    0     0
[17,]    0 2.50405    0    0 0.00000 1.6693666 0.00000    0    0     0
[18,]    0 0.00000    0    0 0.00000 0.8346833 0.00000    0    0     0
[19,]    0 2.50405    0    0 0.00000 0.0000000 0.00000    0    0     0
[20,]    0 0.00000    0    0 0.00000 0.0000000 0.00000    0    0     0
[21,]    0 0.00000    0    0 0.00000 0.8346833 0.00000    0    0     0
[22,]    0 2.50405    0    0 0.00000 0.8346833 0.00000    0    0     0
[23,]    0 0.00000    0    0 2.50405 0.8346833 0.00000    0    0     0
[24,]    0 2.50405    0    0 0.00000 1.6693666 0.00000    0    0     0
[25,]    0 0.00000    0    0 2.50405 1.6693666 0.00000    0    0     0
[26,]    0 0.00000    0    0 0.00000 1.6693666 0.00000    0    0     0
[27,]    0 2.50405    0    0 0.00000 0.8346833 0.00000    0    0     0
[28,]    0 0.00000    0    0 0.00000 0.0000000 0.00000    0    0     0
[29,]    0 0.00000    0    0 0.00000 1.6693666 0.00000    0    0     0
[30,]    0 0.00000    0    0 0.00000 0.8346833 0.00000    0    0     0
[31,]    0 2.50405    0    0 0.00000 0.8346833 0.00000    0    0     0
[32,]    0 0.00000    0    0 0.00000 0.8346833 0.00000    0    0     0
[33,]    0 0.00000    0    0 0.00000 0.0000000 0.00000    0    0     0
[34,]    0 2.50405    0    0 0.00000 1.6693666 0.00000    0    0     0
[35,]    0 0.00000    0    0 0.00000 0.0000000 0.00000    0    0     0
[36,]    0 0.00000    0    0 0.00000 0.8346833 0.00000    0    0     0
[37,]    0 0.00000    0    0 2.50405 0.0000000 0.00000    0    0     0
[38,]    0 0.00000    0    0 0.00000 1.6693666 2.50405    0    0     0
[39,]    0 0.00000    0    0 0.00000 1.6693666 0.00000    0    0     0
[40,]    0 0.00000    0    0 0.00000 1.6693666 0.00000    0    0     0
[41,]    0 0.00000    0    0 0.00000 0.8346833 0.00000    0    0     0
[42,]    0 2.50405    0    0 0.00000 0.0000000 0.00000    0    0     0
[43,]    0 2.50405    0    0 0.00000 2.5040498 0.00000    0    0     0
[44,]    0 0.00000    0    0 0.00000 0.8346833 0.00000    0    0     0
[45,]    0 0.00000    0    0 0.00000 2.5040498 0.00000    0    0     0
[46,]    0 0.00000    0    0 0.00000 0.8346833 0.00000    0    0     0
[47,]    0 0.00000    0    0 0.00000 0.8346833 0.00000    0    0     0
[48,]    0 0.00000    0    0 0.00000 0.8346833 0.00000    0    0     0
[49,]    0 0.00000    0    0 0.00000 1.6693666 2.50405    0    0     0
[50,]    0 0.00000    0    0 0.00000 0.8346833 0.00000    0    0     0

$Ndateboots
      [,1]     [,2] [,3] [,4]     [,5]      [,6]     [,7] [,8] [,9] [,10]
 [1,]    0 11.11111    0    0  0.00000  0.000000  0.00000    0    0     0
 [2,]    0  0.00000    0    0  0.00000  3.703704  0.00000    0    0     0
 [3,]    0  0.00000    0    0  0.00000  3.703704  0.00000    0    0     0
 [4,]    0  0.00000    0    0 11.11111  0.000000 11.11111    0    0     0
 [5,]    0  0.00000    0    0  0.00000  7.407407  0.00000    0    0     0
 [6,]    0  0.00000    0    0  0.00000  7.407407  0.00000    0    0     0
 [7,]    0  0.00000    0    0  0.00000  3.703704  0.00000    0    0     0
 [8,]    0  0.00000    0    0 11.11111  3.703704  0.00000    0    0     0
 [9,]    0  0.00000    0    0  0.00000  3.703704  0.00000    0    0     0
[10,]    0 11.11111    0    0  0.00000  7.407407  0.00000    0    0     0
[11,]    0  0.00000    0    0  0.00000  3.703704  0.00000    0    0     0
[12,]    0 11.11111    0    0  0.00000  3.703704  0.00000    0    0     0
[13,]    0  0.00000    0    0 11.11111  0.000000  0.00000    0    0     0
[14,]    0  0.00000    0    0  0.00000  3.703704  0.00000    0    0     0
[15,]    0 11.11111    0    0  0.00000  7.407407  0.00000    0    0     0
[16,]    0  0.00000    0    0  0.00000  3.703704  0.00000    0    0     0
[17,]    0 11.11111    0    0  0.00000  7.407407  0.00000    0    0     0
[18,]    0  0.00000    0    0  0.00000  3.703704  0.00000    0    0     0
[19,]    0 11.11111    0    0  0.00000  0.000000  0.00000    0    0     0
[20,]    0  0.00000    0    0  0.00000  0.000000  0.00000    0    0     0
[21,]    0  0.00000    0    0  0.00000  3.703704  0.00000    0    0     0
[22,]    0 11.11111    0    0  0.00000  3.703704  0.00000    0    0     0
[23,]    0  0.00000    0    0 11.11111  3.703704  0.00000    0    0     0
[24,]    0 11.11111    0    0  0.00000  7.407407  0.00000    0    0     0
[25,]    0  0.00000    0    0 11.11111  7.407407  0.00000    0    0     0
[26,]    0  0.00000    0    0  0.00000  7.407407  0.00000    0    0     0
[27,]    0 11.11111    0    0  0.00000  3.703704  0.00000    0    0     0
[28,]    0  0.00000    0    0  0.00000  0.000000  0.00000    0    0     0
[29,]    0  0.00000    0    0  0.00000  7.407407  0.00000    0    0     0
[30,]    0  0.00000    0    0  0.00000  3.703704  0.00000    0    0     0
[31,]    0 11.11111    0    0  0.00000  3.703704  0.00000    0    0     0
[32,]    0  0.00000    0    0  0.00000  3.703704  0.00000    0    0     0
[33,]    0  0.00000    0    0  0.00000  0.000000  0.00000    0    0     0
[34,]    0 11.11111    0    0  0.00000  7.407407  0.00000    0    0     0
[35,]    0  0.00000    0    0  0.00000  0.000000  0.00000    0    0     0
[36,]    0  0.00000    0    0  0.00000  3.703704  0.00000    0    0     0
[37,]    0  0.00000    0    0 11.11111  0.000000  0.00000    0    0     0
[38,]    0  0.00000    0    0  0.00000  7.407407 11.11111    0    0     0
[39,]    0  0.00000    0    0  0.00000  7.407407  0.00000    0    0     0
[40,]    0  0.00000    0    0  0.00000  7.407407  0.00000    0    0     0
[41,]    0  0.00000    0    0  0.00000  3.703704  0.00000    0    0     0
[42,]    0 11.11111    0    0  0.00000  0.000000  0.00000    0    0     0
[43,]    0 11.11111    0    0  0.00000 11.111111  0.00000    0    0     0
[44,]    0  0.00000    0    0  0.00000  3.703704  0.00000    0    0     0
[45,]    0  0.00000    0    0  0.00000 11.111111  0.00000    0    0     0
[46,]    0  0.00000    0    0  0.00000  3.703704  0.00000    0    0     0
[47,]    0  0.00000    0    0  0.00000  3.703704  0.00000    0    0     0
[48,]    0  0.00000    0    0  0.00000  3.703704  0.00000    0    0     0
[49,]    0  0.00000    0    0  0.00000  7.407407 11.11111    0    0     0
[50,]    0  0.00000    0    0  0.00000  3.703704  0.00000    0    0     0

