$totdays
[1] 365

$Psampest
[1] NA

$Pbootest
      Mean       2.5%        50%      97.5% 
0.00818007 0.00000000 0.00000000 0.06631671 

$Pboots
 [1] 0.0000000000 0.0000000000 0.0000000000 0.0000000000 0.0000000000 0.0000000000
 [7] 0.0000000000 0.0000000000 0.0175171190 0.0000000000 0.0000000000 0.0000000000
[13] 0.0411556201 0.0000000000 0.0000000000 0.0000000000 0.0000000000 0.0000000000
[19] 0.0000000000 0.0000000000 0.0000000000 0.0002817013 0.0689416707 0.0000000000
[25] 0.0000000000 0.0000000000 0.0000000000 0.0000000000 0.0000000000 0.0000000000
[31] 0.0000000000 0.0000000000 0.0000000000 0.0817400937 0.0000000000 0.0175171190
[37] 0.0501865351 0.0000000000 0.0000000000 0.0000000000 0.0489298269 0.0000000000
[43] 0.0000000000 0.0000000000 0.0000000000 0.0000000000 0.0000000000 0.0572751802
[49] 0.0000000000 0.0254586120

$Bboots
 [1] 0.000000000 0.000000000 0.000000000 0.000000000 0.000000000 0.000000000 0.000000000
 [8] 0.000000000 0.011251035 0.000000000 0.000000000 0.000000000 0.011251035 0.000000000
[15] 0.000000000 0.000000000 0.000000000 0.000000000 0.000000000 0.000000000 0.000000000
[22] 0.007825036 0.013703997 0.000000000 0.000000000 0.000000000 0.000000000 0.000000000
[29] 0.000000000 0.000000000 0.000000000 0.000000000 0.000000000 0.014190516 0.000000000
[36] 0.011251035 0.014677035 0.000000000 0.000000000 0.000000000 0.006851998 0.000000000
[43] 0.000000000 0.000000000 0.000000000 0.000000000 0.000000000 0.010764516 0.000000000
[50] 0.023475109

$Nboots
 [1] 0.0000000 0.0000000 0.0000000 0.0000000 0.0000000 0.0000000 0.0000000 0.0000000
 [9] 1.3888889 0.0000000 0.0000000 0.0000000 1.3888889 0.0000000 0.0000000 0.0000000
[17] 0.0000000 0.0000000 0.0000000 0.0000000 0.0000000 0.6944444 2.7777778 0.0000000
[25] 0.0000000 0.0000000 0.0000000 0.0000000 0.0000000 0.0000000 0.0000000 0.0000000
[33] 0.0000000 2.4305556 0.0000000 1.3888889 2.0833333 0.0000000 0.0000000 0.0000000
[41] 1.3888889 0.0000000 0.0000000 0.0000000 0.0000000 0.0000000 0.0000000 1.7361111
[49] 0.0000000 2.0833333

$julians
[1] 2008 2040 2085 2141 2278 2283 2333 2362 2399

$intdays
[1]  32  45  56 137   5  50  29  37 -26

$Pintsampest
[1] NA NA NA NA NA NA NA NA NA

$Pintboots
            [,1]         [,2] [,3] [,4] [,5] [,6] [,7] [,8] [,9]
 [1,]         NA           NA   NA   NA   NA   NA   NA    0   NA
 [2,]         NA           NA   NA    0   NA   NA   NA   NA   NA
 [3,]         NA           NA   NA   NA    0    0   NA   NA   NA
 [4,]         NA           NA    0   NA   NA   NA   NA   NA   NA
 [5,]         NA           NA   NA   NA   NA   NA   NA   NA   NA
 [6,]         NA           NA   NA   NA   NA   NA   NA   NA   NA
 [7,]         NA           NA   NA   NA   NA   NA   NA   NA   NA
 [8,]         NA           NA   NA   NA   NA   NA   NA    0   NA
 [9,]         NA 0.0175171190   NA   NA   NA   NA   NA    0   NA
[10,]         NA           NA   NA   NA   NA   NA   NA   NA   NA
[11,]         NA           NA   NA   NA   NA   NA   NA   NA   NA
[12,]         NA           NA   NA   NA   NA   NA   NA   NA   NA
[13,] 0.04115562           NA   NA   NA   NA   NA    0    0    0
[14,]         NA           NA   NA   NA   NA   NA   NA   NA   NA
[15,]         NA           NA   NA   NA   NA   NA   NA   NA   NA
[16,]         NA           NA    0   NA   NA   NA    0    0   NA
[17,]         NA           NA   NA    0    0   NA   NA   NA   NA
[18,]         NA           NA   NA   NA   NA   NA   NA   NA   NA
[19,]         NA           NA    0    0   NA   NA   NA   NA   NA
[20,]         NA           NA   NA   NA   NA   NA   NA   NA   NA
[21,]         NA           NA   NA   NA   NA   NA    0   NA   NA
[22,]         NA 0.0002817013   NA   NA    0   NA   NA   NA   NA
[23,]         NA 0.0689416707   NA   NA   NA   NA   NA   NA   NA
[24,]         NA           NA   NA   NA   NA   NA   NA   NA   NA
[25,]         NA           NA   NA   NA   NA   NA   NA   NA   NA
[26,]         NA           NA   NA   NA   NA   NA   NA   NA   NA
[27,]         NA           NA   NA   NA   NA   NA   NA   NA   NA
[28,]         NA           NA   NA   NA   NA   NA   NA   NA   NA
[29,]         NA           NA   NA   NA   NA   NA    0   NA   NA
[30,]         NA           NA   NA   NA   NA   NA   NA   NA   NA
[31,]         NA           NA   NA   NA   NA   NA   NA    0   NA
[32,]         NA           NA   NA    0   NA   NA   NA   NA   NA
[33,]         NA           NA   NA   NA   NA   NA   NA   NA   NA
[34,] 0.08174009           NA   NA    0   NA   NA    0    0    0
[35,]         NA           NA   NA   NA   NA   NA   NA   NA   NA
[36,]         NA 0.0175171190   NA   NA   NA   NA   NA   NA   NA
[37,] 0.03281027 0.0173762683    0    0   NA   NA   NA   NA   NA
[38,]         NA           NA   NA   NA   NA   NA   NA   NA   NA
[39,]         NA           NA   NA   NA   NA   NA   NA    0   NA
[40,]         NA           NA   NA   NA   NA   NA   NA   NA   NA
[41,] 0.04892983           NA   NA   NA   NA    0    0    0    0
[42,]         NA           NA   NA   NA   NA   NA   NA   NA   NA
[43,]         NA           NA    0   NA   NA   NA   NA   NA   NA
[44,]         NA           NA   NA   NA    0   NA   NA   NA   NA
[45,]         NA           NA   NA   NA   NA   NA   NA   NA   NA
[46,]         NA           NA   NA   NA   NA   NA   NA   NA   NA
[47,]         NA           NA   NA   NA   NA   NA   NA   NA   NA
[48,] 0.05727518           NA   NA   NA   NA   NA   NA   NA   NA
[49,]         NA           NA    0    0   NA   NA   NA   NA   NA
[50,] 0.02503606 0.0004225520   NA   NA   NA   NA   NA   NA   NA

$Bdatesampinfo
      DATE JULIAN N Mean Stdev
1 07/01/11   2008 4   NA    NA
2 08/02/11   2040 4   NA    NA
3 09/16/11   2085 8   NA    NA
4 11/11/11   2141 5   NA    NA
5 03/27/12   2278 4   NA    NA
6 04/01/12   2283 2   NA    NA
7 05/21/12   2333 3   NA    NA
8 06/19/12   2362 5   NA    NA
9 07/26/12   2399 7   NA    NA

$Ndatesampinfo
      DATE JULIAN N Mean Stdev
1 07/01/11   2008 4   NA    NA
2 08/02/11   2040 4   NA    NA
3 09/16/11   2085 8   NA    NA
4 11/11/11   2141 5   NA    NA
5 03/27/12   2278 4   NA    NA
6 04/01/12   2283 2   NA    NA
7 05/21/12   2333 3   NA    NA
8 06/19/12   2362 5   NA    NA
9 07/26/12   2399 7   NA    NA

$Bdateboots
      [,1]      [,2] [,3] [,4] [,5] [,6] [,7] [,8] [,9]
 [1,]    0 0.0000000    0    0    0    0    0    0    0
 [2,]    0 0.1878009    0    0    0    0    0    0    0
 [3,]    0 0.0000000    0    0    0    0    0    0    0
 [4,]    0 0.0000000    0    0    0    0    0    0    0
 [5,]    0 0.0000000    0    0    0    0    0    0    0
 [6,]    0 0.0000000    0    0    0    0    0    0    0
 [7,]    0 0.0000000    0    0    0    0    0    0    0
 [8,]    0 0.0000000    0    0    0    0    0    0    0
 [9,]    0 0.1800166    0    0    0    0    0    0    0
[10,]    0 0.1722323    0    0    0    0    0    0    0
[11,]    0 0.0000000    0    0    0    0    0    0    0
[12,]    0 0.1252006    0    0    0    0    0    0    0
[13,]    0 0.1800166    0    0    0    0    0    0    0
[14,]    0 0.1722323    0    0    0    0    0    0    0
[15,]    0 0.2504012    0    0    0    0    0    0    0
[16,]    0 0.0000000    0    0    0    0    0    0    0
[17,]    0 0.0000000    0    0    0    0    0    0    0
[18,]    0 0.0000000    0    0    0    0    0    0    0
[19,]    0 0.0000000    0    0    0    0    0    0    0
[20,]    0 0.0000000    0    0    0    0    0    0    0
[21,]    0 0.0000000    0    0    0    0    0    0    0
[22,]    0 0.1252006    0    0    0    0    0    0    0
[23,]    0 0.2192639    0    0    0    0    0    0    0
[24,]    0 0.0000000    0    0    0    0    0    0    0
[25,]    0 0.0000000    0    0    0    0    0    0    0
[26,]    0 0.1252006    0    0    0    0    0    0    0
[27,]    0 0.0000000    0    0    0    0    0    0    0
[28,]    0 0.0000000    0    0    0    0    0    0    0
[29,]    0 0.0000000    0    0    0    0    0    0    0
[30,]    0 0.0000000    0    0    0    0    0    0    0
[31,]    0 0.2426169    0    0    0    0    0    0    0
[32,]    0 0.0000000    0    0    0    0    0    0    0
[33,]    0 0.0000000    0    0    0    0    0    0    0
[34,]    0 0.2270482    0    0    0    0    0    0    0
[35,]    0 0.0000000    0    0    0    0    0    0    0
[36,]    0 0.1800166    0    0    0    0    0    0    0
[37,]    0 0.1174163    0    0    0    0    0    0    0
[38,]    0 0.1644480    0    0    0    0    0    0    0
[39,]    0 0.0000000    0    0    0    0    0    0    0
[40,]    0 0.1722323    0    0    0    0    0    0    0
[41,]    0 0.1096320    0    0    0    0    0    0    0
[42,]    0 0.0000000    0    0    0    0    0    0    0
[43,]    0 0.0000000    0    0    0    0    0    0    0
[44,]    0 0.0000000    0    0    0    0    0    0    0
[45,]    0 0.2426169    0    0    0    0    0    0    0
[46,]    0 0.2348326    0    0    0    0    0    0    0
[47,]    0 0.0000000    0    0    0    0    0    0    0
[48,]    0 0.1722323    0    0    0    0    0    0    0
[49,]    0 0.0000000    0    0    0    0    0    0    0
[50,]    0 0.1878009    0    0    0    0    0    0    0

$Ndateboots
      [,1]     [,2] [,3] [,4] [,5] [,6] [,7] [,8] [,9]
 [1,]    0  0.00000    0    0    0    0    0    0    0
 [2,]    0 16.66667    0    0    0    0    0    0    0
 [3,]    0  0.00000    0    0    0    0    0    0    0
 [4,]    0  0.00000    0    0    0    0    0    0    0
 [5,]    0  0.00000    0    0    0    0    0    0    0
 [6,]    0  0.00000    0    0    0    0    0    0    0
 [7,]    0  0.00000    0    0    0    0    0    0    0
 [8,]    0  0.00000    0    0    0    0    0    0    0
 [9,]    0 22.22222    0    0    0    0    0    0    0
[10,]    0 27.77778    0    0    0    0    0    0    0
[11,]    0  0.00000    0    0    0    0    0    0    0
[12,]    0 11.11111    0    0    0    0    0    0    0
[13,]    0 22.22222    0    0    0    0    0    0    0
[14,]    0 27.77778    0    0    0    0    0    0    0
[15,]    0 22.22222    0    0    0    0    0    0    0
[16,]    0  0.00000    0    0    0    0    0    0    0
[17,]    0  0.00000    0    0    0    0    0    0    0
[18,]    0  0.00000    0    0    0    0    0    0    0
[19,]    0  0.00000    0    0    0    0    0    0    0
[20,]    0  0.00000    0    0    0    0    0    0    0
[21,]    0  0.00000    0    0    0    0    0    0    0
[22,]    0 11.11111    0    0    0    0    0    0    0
[23,]    0 44.44444    0    0    0    0    0    0    0
[24,]    0  0.00000    0    0    0    0    0    0    0
[25,]    0  0.00000    0    0    0    0    0    0    0
[26,]    0 11.11111    0    0    0    0    0    0    0
[27,]    0  0.00000    0    0    0    0    0    0    0
[28,]    0  0.00000    0    0    0    0    0    0    0
[29,]    0  0.00000    0    0    0    0    0    0    0
[30,]    0  0.00000    0    0    0    0    0    0    0
[31,]    0 27.77778    0    0    0    0    0    0    0
[32,]    0  0.00000    0    0    0    0    0    0    0
[33,]    0  0.00000    0    0    0    0    0    0    0
[34,]    0 38.88889    0    0    0    0    0    0    0
[35,]    0  0.00000    0    0    0    0    0    0    0
[36,]    0 22.22222    0    0    0    0    0    0    0
[37,]    0 16.66667    0    0    0    0    0    0    0
[38,]    0 33.33333    0    0    0    0    0    0    0
[39,]    0  0.00000    0    0    0    0    0    0    0
[40,]    0 27.77778    0    0    0    0    0    0    0
[41,]    0 22.22222    0    0    0    0    0    0    0
[42,]    0  0.00000    0    0    0    0    0    0    0
[43,]    0  0.00000    0    0    0    0    0    0    0
[44,]    0  0.00000    0    0    0    0    0    0    0
[45,]    0 27.77778    0    0    0    0    0    0    0
[46,]    0 33.33333    0    0    0    0    0    0    0
[47,]    0  0.00000    0    0    0    0    0    0    0
[48,]    0 27.77778    0    0    0    0    0    0    0
[49,]    0  0.00000    0    0    0    0    0    0    0
[50,]    0 16.66667    0    0    0    0    0    0    0

