$totdays
[1] 391

$Psampest
[1] NA

$Pbootest
     Mean      2.5%       50%     97.5% 
 129.7799    0.0000    0.0000 1070.4814 

$Pboots
 [1]    0.00000   81.58953    0.00000   30.05557 1200.71775   93.28187    0.00000
 [8]   21.32707   46.02768   29.49322   27.61913   18.27439    0.00000    0.00000
[15]   10.05853    0.00000  621.88953    0.00000  179.87187    0.00000    0.00000
[22]    0.00000   68.38934    0.00000    0.00000    0.00000    0.00000  271.29200
[29]    0.00000   33.60509    0.00000    0.00000   26.90740    0.00000    0.00000
[36]    0.00000   21.47097    0.00000   49.24557  108.02848    0.00000    0.00000
[43]   37.78234    0.00000    0.00000 3512.06518    0.00000    0.00000    0.00000
[50]    0.00000

$Bboots
 [1]   0.000000  24.366166   0.000000  10.922685 282.763502  30.700444   0.000000
 [8]   6.037246  13.029679   9.706558  10.037011   6.641510   0.000000   0.000000
[15]   3.656400   0.000000 146.449127   0.000000  53.958954   0.000000   0.000000
[22]   0.000000  19.357202   0.000000   0.000000   0.000000   0.000000  51.891366
[29]   0.000000   7.851670   0.000000   0.000000  11.340019   0.000000   0.000000
[36]   0.000000   5.016665   0.000000  13.940765  35.553723   0.000000   0.000000
[43]  10.695124   0.000000   0.000000 761.173555   0.000000   0.000000   0.000000
[50]   0.000000

$Nboots
 [1]   0.0000000   4.5267490   0.0000000   0.9876543  33.5185185  23.7037037   0.0000000
 [8]   2.0164609   5.6790123   2.4691358   0.6172840   0.9876543   0.0000000   0.0000000
[15]   2.0987654   0.0000000  24.8765432   0.0000000  19.7530864   0.0000000   0.0000000
[22]   0.0000000   4.1426612   0.0000000   0.0000000   0.0000000   0.0000000  13.3333333
[29]   0.0000000   0.6172840   0.0000000   0.0000000   0.6172840   0.0000000   0.0000000
[36]   0.0000000   0.4629630   0.0000000   7.1604938  24.9382716   0.0000000   0.0000000
[43]   4.4718793   0.0000000   0.0000000 136.1728395   0.0000000   0.0000000   0.0000000
[50]   0.0000000

$julians
 [1] 2008 2040 2085 2141 2232 2278 2283 2333 2362 2399

$intdays
[1] 32 45 56 91 46  5 50 29 37

$Pintsampest
[1] NA NA NA NA NA NA NA NA NA

$Pintboots
           [,1]      [,2]     [,3] [,4]      [,5]     [,6] [,7]     [,8]      [,9]
 [1,]        NA        NA       NA   NA        NA       NA   NA       NA        NA
 [2,]        NA        NA       NA   NA        NA       NA    0 15.83795  65.75158
 [3,]        NA        NA       NA   NA        NA       NA   NA       NA        NA
 [4,]        NA        NA       NA   NA        NA       NA   NA 30.05557        NA
 [5,]        NA 1200.7178       NA   NA        NA       NA   NA       NA        NA
 [6,]  93.28187        NA       NA   NA        NA       NA   NA       NA        NA
 [7,]        NA        NA       NA   NA        NA       NA   NA       NA        NA
 [8,]        NA        NA       NA   NA        NA       NA   NA       NA  21.32707
 [9,]        NA        NA       NA   NA        NA       NA   NA       NA  46.02768
[10,]  29.49322        NA       NA   NA        NA       NA   NA       NA        NA
[11,]        NA        NA       NA   NA        NA       NA    0 27.61913        NA
[12,]        NA        NA       NA   NA        NA       NA   NA 18.27439        NA
[13,]        NA        NA       NA   NA        NA       NA   NA       NA        NA
[14,]        NA        NA       NA   NA        NA       NA   NA       NA        NA
[15,]        NA        NA       NA   NA        NA       NA   NA 10.05853        NA
[16,]        NA        NA       NA    0        NA       NA   NA       NA        NA
[17,]        NA  612.5527       NA   NA  9.336852       NA   NA       NA        NA
[18,]        NA        NA       NA   NA        NA       NA   NA       NA        NA
[19,]  66.10924        NA       NA   NA        NA       NA   NA       NA 113.76263
[20,]        NA        NA       NA   NA        NA       NA   NA       NA        NA
[21,]        NA        NA       NA   NA        NA       NA    0       NA        NA
[22,]        NA        NA       NA   NA        NA       NA   NA       NA        NA
[23,]        NA        NA       NA   NA        NA       NA   NA       NA  68.38934
[24,]        NA        NA       NA   NA        NA       NA   NA       NA        NA
[25,]        NA        NA       NA   NA        NA       NA   NA       NA        NA
[26,]        NA        NA       NA   NA        NA       NA   NA       NA        NA
[27,]        NA        NA       NA   NA        NA       NA   NA       NA        NA
[28,]        NA        NA  271.292   NA        NA       NA   NA       NA        NA
[29,]        NA        NA       NA   NA        NA       NA   NA       NA        NA
[30,]        NA        NA       NA    0 33.605092       NA   NA       NA        NA
[31,]        NA        NA       NA   NA        NA       NA   NA       NA        NA
[32,]        NA        NA       NA   NA        NA       NA   NA       NA        NA
[33,]        NA        NA       NA   NA 24.268240 2.639163   NA       NA        NA
[34,]        NA        NA       NA    0        NA       NA   NA       NA        NA
[35,]        NA        NA       NA   NA        NA       NA   NA       NA        NA
[36,]        NA        NA       NA   NA        NA       NA   NA       NA        NA
[37,]        NA        NA       NA    0 21.470972       NA   NA       NA        NA
[38,]        NA        NA       NA    0        NA       NA   NA       NA        NA
[39,]        NA        NA       NA   NA        NA       NA   NA       NA  49.24557
[40,] 108.02848        NA       NA   NA        NA       NA   NA       NA        NA
[41,]        NA        NA       NA   NA        NA       NA   NA       NA        NA
[42,]        NA        NA       NA   NA        NA       NA   NA       NA        NA
[43,]        NA        NA       NA   NA        NA       NA   NA       NA  37.78234
[44,]        NA        NA       NA   NA        NA       NA   NA       NA        NA
[45,]        NA        NA       NA   NA        NA       NA   NA       NA        NA
[46,] 131.06092 1616.0473 1764.957   NA        NA       NA   NA       NA        NA
[47,]        NA        NA       NA   NA        NA       NA   NA       NA        NA
[48,]        NA        NA       NA   NA        NA       NA   NA       NA        NA
[49,]        NA        NA       NA   NA        NA       NA   NA       NA        NA
[50,]        NA        NA       NA   NA        NA       NA   NA       NA        NA

$Bdatesampinfo
       DATE JULIAN  N Mean Stdev
1  07/01/11   2008  4   NA    NA
2  08/02/11   2040  5   NA    NA
3  09/16/11   2085 10   NA    NA
4  11/11/11   2141  6   NA    NA
5  02/10/12   2232  2   NA    NA
6  03/27/12   2278  4   NA    NA
7  04/01/12   2283  2   NA    NA
8  05/21/12   2333  3   NA    NA
9  06/19/12   2362  5   NA    NA
10 07/26/12   2399  9   NA    NA

$Ndatesampinfo
       DATE JULIAN  N Mean Stdev
1  07/01/11   2008  4   NA    NA
2  08/02/11   2040  5   NA    NA
3  09/16/11   2085 10   NA    NA
4  11/11/11   2141  6   NA    NA
5  02/10/12   2232  2   NA    NA
6  03/27/12   2278  4   NA    NA
7  04/01/12   2283  2   NA    NA
8  05/21/12   2333  3   NA    NA
9  06/19/12   2362  5   NA    NA
10 07/26/12   2399  9   NA    NA

$Bdateboots
      [,1]     [,2]      [,3] [,4] [,5]      [,6] [,7] [,8]      [,9]      [,10]
 [1,]    0   0.0000 3608.7103    0    0   0.00000    0    0   0.00000 400.201162
 [2,]    0   0.0000    0.0000    0    0   0.00000    0    0 103.60504 231.380902
 [3,]    0 608.5511    0.0000    0    0   0.00000    0    0   0.00000  48.903601
 [4,]    0   0.0000    0.0000    0    0   0.00000    0    0 196.60833   0.000000
 [5,]    0 423.0505 4666.6926    0    0   0.00000    0    0 196.60833   0.000000
 [6,]    0 552.6080    0.0000    0    0   0.00000    0    0   0.00000 309.898405
 [7,]    0   0.0000    0.0000    0    0   0.00000    0    0   0.00000   0.000000
 [8,]    0   0.0000    0.0000    0    0   0.00000    0    0 103.21569   5.454741
 [9,]    0   0.0000 4055.0591    0    0   0.00000    0    0  50.26242 184.271815
[10,]    0 174.7180    0.0000    0    0  19.63495    0    0   0.00000 227.518013
[11,]    0   0.0000    0.0000    0    0   0.00000    0    0 180.66620   0.000000
[12,]    0   0.0000    0.0000    0    0  39.26989    0    0 119.54718   0.000000
[13,]    0   0.0000 5047.8001    0    0   0.00000    0    0   0.00000   0.000000
[14,]    0   0.0000    0.0000    0    0   0.00000    0    0   0.00000   0.000000
[15,]    0   0.0000    0.0000    0    0   0.00000    0    0  65.81520   0.000000
[16,]    0   0.0000    0.0000    0    0   0.00000    0    0 103.60504   0.000000
[17,]    0 423.0505 2173.7639    0    0  39.26989    0    0 281.83522   0.000000
[18,]    0   0.0000    0.0000    0    0   0.00000    0    0   0.00000 136.053474
[19,]    0 391.6346    0.0000    0    0   0.00000    0    0 265.89309 313.733511
[20,]    0   0.0000 4699.0109    0    0   0.00000    0    0   0.00000   0.000000
[21,]    0   0.0000    0.0000    0    0   0.00000    0    0   0.00000   0.000000
[22,]    0   0.0000  253.5460    0    0   0.00000    0    0   0.00000   0.000000
[23,]    0   0.0000 2286.1253    0    0   0.00000    0    0 119.54718 228.882458
[24,]    0   0.0000 4904.3079    0    0   0.00000    0    0 111.38144   0.000000
[25,]    0 391.6346    0.0000    0    0   0.00000    0    0   0.00000   0.000000
[26,]    0 615.4398    0.0000    0    0 121.69512    0    0   0.00000   0.000000
[27,]    0   0.0000    0.0000    0    0   0.00000    0    0   0.00000   0.000000
[28,]    0   0.0000  934.0446    0    0   0.00000    0    0   0.00000   0.000000
[29,]    0   0.0000 3553.4834    0    0   0.00000    0    0   0.00000  98.258979
[30,]    0   0.0000    0.0000    0    0 141.33006    0    0   0.00000   0.000000
[31,]    0   0.0000    0.0000    0    0   0.00000    0    0   0.00000 224.109939
[32,]    0   0.0000    0.0000    0    0   0.00000    0    0   0.00000   0.000000
[33,]    0   0.0000    0.0000    0    0 102.06017    0    0 204.77407   0.000000
[34,]    0 776.4132    0.0000    0    0   0.00000    0    0   0.00000   9.317629
[35,]    0 367.1074    0.0000    0    0   0.00000    0    0   0.00000 354.253857
[36,]    0   0.0000    0.0000    0    0   0.00000    0    0   0.00000   0.000000
[37,]    0   0.0000    0.0000    0    0  90.29998    0    0 180.66620   0.000000
[38,]    0 608.5511    0.0000    0    0   0.00000    0    0   0.00000 318.075960
[39,]    0 552.6080    0.0000    0    0   0.00000    0    0  17.98880 232.944971
[40,]    0 639.9670    0.0000    0    0 172.72520    0    0   0.00000   0.000000
[41,]    0   0.0000    0.0000    0    0   0.00000    0    0 135.48931   0.000000
[42,]    0   0.0000    0.0000    0    0   0.00000    0    0   0.00000 183.134778
[43,]    0   0.0000 3215.9454    0    0   0.00000    0    0  49.87306 142.639177
[44,]    0   0.0000    0.0000    0    0   0.00000    0    0   0.00000   0.000000
[45,]    0   0.0000    0.0000    0    0   0.00000    0    0   0.00000 143.524062
[46,]    0 776.4132 6074.1488    0    0   0.00000    0    0   0.00000 223.203347
[47,]    0   0.0000 3665.1976    0    0   0.00000    0    0   0.00000  93.713868
[48,]    0 398.5233    0.0000    0    0   0.00000    0    0   0.00000   0.000000
[49,]    0   0.0000    0.0000    0    0   0.00000    0    0   0.00000 487.578442
[50,]    0   0.0000    0.0000    0    0   0.00000    0    0 119.54718   0.000000

$Ndateboots
      [,1]      [,2]      [,3] [,4] [,5]      [,6] [,7] [,8]     [,9]     [,10]
 [1,]    0   0.00000 236.66667    0    0  0.000000    0    0  0.00000  97.53086
 [2,]    0   0.00000   0.00000    0    0  0.000000    0    0 11.11111  59.25926
 [3,]    0 444.44444   0.00000    0    0  0.000000    0    0  0.00000  45.67901
 [4,]    0   0.00000   0.00000    0    0  0.000000    0    0 17.77778   0.00000
 [5,]    0 248.88889 354.44444    0    0  0.000000    0    0 17.77778   0.00000
 [6,]    0 426.66667   0.00000    0    0  0.000000    0    0  0.00000  46.91358
 [7,]    0   0.00000   0.00000    0    0  0.000000    0    0  0.00000   0.00000
 [8,]    0   0.00000   0.00000    0    0  0.000000    0    0 17.77778  18.51852
 [9,]    0   0.00000 315.55556    0    0  0.000000    0    0 24.44444  77.77778
[10,]    0  44.44444   0.00000    0    0  2.777778    0    0  0.00000  49.38272
[11,]    0   0.00000   0.00000    0    0  0.000000    0    0 11.11111   0.00000
[12,]    0   0.00000   0.00000    0    0  5.555556    0    0 17.77778   0.00000
[13,]    0   0.00000 478.88889    0    0  0.000000    0    0  0.00000   0.00000
[14,]    0   0.00000   0.00000    0    0  0.000000    0    0  0.00000   0.00000
[15,]    0   0.00000   0.00000    0    0  0.000000    0    0 37.77778   0.00000
[16,]    0   0.00000   0.00000    0    0  0.000000    0    0 11.11111   0.00000
[17,]    0 248.88889 193.33333    0    0  5.555556    0    0 17.77778   0.00000
[18,]    0   0.00000   0.00000    0    0  0.000000    0    0  0.00000  46.91358
[19,]    0 244.44444   0.00000    0    0  0.000000    0    0 11.11111 100.00000
[20,]    0   0.00000 281.11111    0    0  0.000000    0    0  0.00000   0.00000
[21,]    0   0.00000   0.00000    0    0  0.000000    0    0  0.00000   0.00000
[22,]    0   0.00000  42.22222    0    0  0.000000    0    0  0.00000   0.00000
[23,]    0   0.00000 251.11111    0    0  0.000000    0    0 17.77778  56.79012
[24,]    0   0.00000 542.22222    0    0  0.000000    0    0 17.77778   0.00000
[25,]    0 244.44444   0.00000    0    0  0.000000    0    0  0.00000   0.00000
[26,]    0 435.55556   0.00000    0    0  8.333333    0    0  0.00000   0.00000
[27,]    0   0.00000   0.00000    0    0  0.000000    0    0  0.00000   0.00000
[28,]    0   0.00000 240.00000    0    0  0.000000    0    0  0.00000   0.00000
[29,]    0   0.00000 325.55556    0    0  0.000000    0    0  0.00000  82.71605
[30,]    0   0.00000   0.00000    0    0 11.111111    0    0  0.00000   0.00000
[31,]    0   0.00000   0.00000    0    0  0.000000    0    0  0.00000  41.97531
[32,]    0   0.00000   0.00000    0    0  0.000000    0    0  0.00000   0.00000
[33,]    0   0.00000   0.00000    0    0  5.555556    0    0 17.77778   0.00000
[34,]    0 617.77778   0.00000    0    0  0.000000    0    0  0.00000  28.39506
[35,]    0 231.11111   0.00000    0    0  0.000000    0    0  0.00000  67.90123
[36,]    0   0.00000   0.00000    0    0  0.000000    0    0  0.00000   0.00000
[37,]    0   0.00000   0.00000    0    0  8.333333    0    0 11.11111   0.00000
[38,]    0 444.44444   0.00000    0    0  0.000000    0    0  0.00000  58.02469
[39,]    0 426.66667   0.00000    0    0  0.000000    0    0 17.77778 111.11111
[40,]    0 448.88889   0.00000    0    0 11.111111    0    0  0.00000   0.00000
[41,]    0   0.00000   0.00000    0    0  0.000000    0    0 24.44444   0.00000
[42,]    0   0.00000   0.00000    0    0  0.000000    0    0  0.00000  71.60494
[43,]    0   0.00000 353.33333    0    0  0.000000    0    0 31.11111  49.38272
[44,]    0   0.00000   0.00000    0    0  0.000000    0    0  0.00000   0.00000
[45,]    0   0.00000   0.00000    0    0  0.000000    0    0  0.00000 108.64198
[46,]    0 617.77778 607.77778    0    0  0.000000    0    0  0.00000  48.14815
[47,]    0   0.00000 360.00000    0    0  0.000000    0    0  0.00000  69.13580
[48,]    0 235.55556   0.00000    0    0  0.000000    0    0  0.00000   0.00000
[49,]    0   0.00000   0.00000    0    0  0.000000    0    0  0.00000 100.00000
[50,]    0   0.00000   0.00000    0    0  0.000000    0    0 17.77778   0.00000

