$totdays
[1] 391

$Psampest
[1] NA

$Pbootest
      Mean       2.5%        50%      97.5% 
0.04368283 0.00000000 0.00000000 0.59742428 

$Pboots
 [1] 0.0000000000 0.0000000000 0.0000000000 0.0000000000 0.4126393867 0.0000000000
 [7] 0.0000000000 0.0000000000 0.0000000000 0.0000000000 0.0000000000 0.0000000000
[13] 0.6752488911 0.0000000000 0.0000000000 0.0000000000 0.0000000000 0.0000000000
[19] 0.0000000000 0.0000000000 0.0000000000 0.0019993347 0.0000000000 0.0000000000
[25] 0.0000000000 0.0000000000 0.0000000000 0.0012844034 0.0004281345 0.0000000000
[31] 0.0004281345 0.0000000000 0.0000000000 0.0000000000 0.0000000000 0.0000000000
[37] 0.0000000000 0.0000000000 0.0000000000 0.0000000000 0.0000000000 0.0000000000
[43] 0.0000000000 0.0000000000 0.6401294719 0.0016552981 0.0000000000 0.0000000000
[49] 0.0000000000 0.4503286335

$Bboots
 [1] 0.000000000 0.000000000 0.000000000 0.000000000 0.206880810 0.000000000 0.000000000
 [8] 0.000000000 0.000000000 0.000000000 0.000000000 0.000000000 0.363888568 0.000000000
[15] 0.000000000 0.000000000 0.000000000 0.000000000 0.000000000 0.000000000 0.000000000
[22] 0.049366289 0.000000000 0.000000000 0.000000000 0.000000000 0.000000000 0.025484194
[29] 0.008494731 0.000000000 0.008494731 0.000000000 0.000000000 0.000000000 0.000000000
[36] 0.000000000 0.000000000 0.000000000 0.000000000 0.000000000 0.000000000 0.000000000
[43] 0.000000000 0.000000000 0.292403694 0.040871558 0.000000000 0.000000000 0.000000000
[50] 0.217331641

$Nboots
 [1] 0.00000000 0.00000000 0.00000000 0.00000000 5.01543210 0.00000000 0.00000000
 [8] 0.00000000 0.00000000 0.00000000 0.00000000 0.00000000 8.54938272 0.00000000
[15] 0.00000000 0.00000000 0.00000000 0.00000000 0.00000000 0.00000000 0.00000000
[22] 1.00308642 0.00000000 0.00000000 0.00000000 0.00000000 0.00000000 0.23148148
[29] 0.07716049 0.00000000 0.07716049 0.00000000 0.00000000 0.00000000 0.00000000
[36] 0.00000000 0.00000000 0.00000000 0.00000000 0.00000000 0.00000000 0.00000000
[43] 0.00000000 0.00000000 7.16049383 0.92592593 0.00000000 0.00000000 0.00000000
[50] 5.21604938

$julians
 [1] 2008 2040 2085 2141 2232 2278 2283 2333 2362 2399

$intdays
[1] 32 45 56 91 46  5 50 29 37

$Pintsampest
[1] NA NA NA NA NA NA NA NA NA

$Pintboots
           [,1]        [,2]         [,3] [,4] [,5] [,6] [,7] [,8] [,9]
 [1,]        NA          NA           NA   NA   NA    0   NA   NA   NA
 [2,]        NA          NA           NA    0    0    0   NA   NA   NA
 [3,]        NA          NA           NA   NA   NA   NA   NA    0    0
 [4,]        NA          NA           NA   NA   NA   NA   NA    0   NA
 [5,] 0.4111918 0.001447569           NA   NA   NA   NA   NA   NA   NA
 [6,]        NA          NA           NA   NA   NA   NA   NA   NA   NA
 [7,]        NA          NA           NA   NA   NA    0   NA   NA   NA
 [8,]        NA          NA           NA   NA   NA   NA   NA   NA    0
 [9,]        NA          NA           NA   NA   NA   NA   NA   NA   NA
[10,]        NA          NA           NA   NA   NA   NA   NA    0    0
[11,]        NA          NA           NA   NA   NA   NA   NA   NA   NA
[12,]        NA          NA           NA    0    0   NA   NA   NA   NA
[13,] 0.6728214 0.001999335 0.0004281345    0   NA   NA   NA   NA   NA
[14,]        NA          NA 0.0000000000   NA   NA   NA   NA    0    0
[15,]        NA          NA           NA   NA   NA   NA    0    0    0
[16,]        NA          NA 0.0000000000   NA   NA   NA   NA   NA   NA
[17,]        NA          NA           NA   NA   NA   NA   NA   NA   NA
[18,]        NA          NA 0.0000000000   NA   NA   NA   NA   NA   NA
[19,]        NA          NA           NA   NA   NA   NA   NA    0   NA
[20,]        NA          NA           NA   NA   NA   NA   NA   NA   NA
[21,]        NA          NA           NA    0    0   NA   NA   NA   NA
[22,]        NA 0.001999335           NA   NA    0   NA   NA   NA   NA
[23,]        NA          NA           NA   NA   NA   NA   NA   NA   NA
[24,]        NA          NA           NA   NA   NA   NA   NA   NA   NA
[25,]        NA          NA           NA   NA   NA   NA   NA   NA   NA
[26,]        NA          NA           NA   NA    0    0   NA   NA   NA
[27,]        NA          NA           NA   NA   NA   NA   NA   NA   NA
[28,]        NA          NA 0.0012844034   NA   NA   NA   NA   NA   NA
[29,]        NA          NA 0.0004281345    0    0    0   NA   NA   NA
[30,]        NA          NA           NA   NA   NA    0    0    0    0
[31,]        NA          NA 0.0004281345   NA   NA   NA   NA   NA   NA
[32,]        NA          NA           NA   NA   NA   NA   NA   NA   NA
[33,]        NA          NA           NA   NA   NA    0   NA   NA   NA
[34,]        NA          NA           NA    0   NA   NA   NA   NA   NA
[35,]        NA          NA 0.0000000000   NA   NA   NA   NA   NA    0
[36,]        NA          NA           NA   NA   NA   NA   NA    0    0
[37,]        NA          NA           NA   NA   NA   NA   NA   NA    0
[38,]        NA          NA           NA   NA   NA    0   NA   NA   NA
[39,]        NA          NA           NA   NA   NA   NA    0   NA   NA
[40,]        NA          NA           NA   NA   NA   NA   NA   NA   NA
[41,]        NA          NA           NA   NA   NA   NA   NA   NA   NA
[42,]        NA          NA           NA   NA   NA   NA   NA   NA   NA
[43,]        NA          NA           NA   NA   NA   NA   NA   NA   NA
[44,]        NA          NA           NA   NA   NA    0    0   NA   NA
[45,] 0.6401295          NA           NA   NA   NA   NA   NA   NA   NA
[46,]        NA 0.001655298           NA   NA   NA   NA   NA   NA   NA
[47,]        NA          NA           NA    0    0   NA   NA   NA   NA
[48,]        NA          NA           NA    0    0   NA   NA   NA   NA
[49,]        NA          NA           NA   NA   NA   NA   NA   NA   NA
[50,] 0.4485370 0.001791605           NA   NA   NA   NA   NA   NA   NA

$Bdatesampinfo
       DATE JULIAN N Mean Stdev
1  07/01/11   2008 5   NA    NA
2  08/02/11   2040 4   NA    NA
3  09/16/11   2085 8   NA    NA
4  11/11/11   2141 6   NA    NA
5  02/10/12   2232 2   NA    NA
6  03/27/12   2278 4   NA    NA
7  04/01/12   2283 2   NA    NA
8  05/21/12   2333 3   NA    NA
9  06/19/12   2362 5   NA    NA
10 07/26/12   2399 7   NA    NA

$Ndatesampinfo
       DATE JULIAN N Mean Stdev
1  07/01/11   2008 5   NA    NA
2  08/02/11   2040 4   NA    NA
3  09/16/11   2085 8   NA    NA
4  11/11/11   2141 6   NA    NA
5  02/10/12   2232 2   NA    NA
6  03/27/12   2278 4   NA    NA
7  04/01/12   2283 2   NA    NA
8  05/21/12   2333 3   NA    NA
9  06/19/12   2362 5   NA    NA
10 07/26/12   2399 7   NA    NA

$Bdateboots
           [,1]      [,2]      [,3] [,4] [,5] [,6] [,7] [,8] [,9] [,10]
 [1,] 4.6702307 0.0000000 0.0000000    0    0    0    0    0    0     0
 [2,] 0.0000000 0.0000000 0.0000000    0    0    0    0    0    0     0
 [3,] 0.2051542 0.0000000 0.3058103    0    0    0    0    0    0     0
 [4,] 0.0000000 0.7356880 0.0000000    0    0    0    0    0    0     0
 [5,] 2.5900320 0.4904587 0.1529052    0    0    0    0    0    0     0
 [6,] 2.7951863 0.0000000 0.0000000    0    0    0    0    0    0     0
 [7,] 0.0000000 0.0000000 0.0000000    0    0    0    0    0    0     0
 [8,] 0.0000000 0.7356880 0.0000000    0    0    0    0    0    0     0
 [9,] 0.0000000 0.0000000 0.0000000    0    0    0    0    0    0     0
[10,] 4.7054405 0.0000000 0.0000000    0    0    0    0    0    0     0
[11,] 0.0000000 0.0000000 0.0000000    0    0    0    0    0    0     0
[12,] 0.0000000 0.0000000 0.0000000    0    0    0    0    0    0     0
[13,] 4.7728078 0.7356880 0.1529052    0    0    0    0    0    0     0
[14,] 2.6926091 0.0000000 0.0000000    0    0    0    0    0    0     0
[15,] 0.0000000 0.0000000 0.0000000    0    0    0    0    0    0     0
[16,] 0.2725216 0.0000000 0.0000000    0    0    0    0    0    0     0
[17,] 0.0000000 0.0000000 0.0000000    0    0    0    0    0    0     0
[18,] 0.0000000 0.0000000 0.0000000    0    0    0    0    0    0     0
[19,] 4.8401751 0.0000000 0.3058103    0    0    0    0    0    0     0
[20,] 0.0000000 0.0000000 0.0000000    0    0    0    0    0    0     0
[21,] 0.0000000 0.0000000 0.0000000    0    0    0    0    0    0     0
[22,] 0.0000000 0.7356880 0.1529052    0    0    0    0    0    0     0
[23,] 0.0000000 0.0000000 0.0000000    0    0    0    0    0    0     0
[24,] 0.0000000 0.2452293 0.0000000    0    0    0    0    0    0     0
[25,] 0.0000000 0.0000000 0.0000000    0    0    0    0    0    0     0
[26,] 2.4200876 0.0000000 0.0000000    0    0    0    0    0    0     0
[27,] 0.0000000 0.0000000 0.0000000    0    0    0    0    0    0     0
[28,] 0.0000000 0.0000000 0.4587155    0    0    0    0    0    0     0
[29,] 0.0000000 0.0000000 0.1529052    0    0    0    0    0    0     0
[30,] 0.0000000 0.7356880 0.0000000    0    0    0    0    0    0     0
[31,] 0.0000000 0.0000000 0.1529052    0    0    0    0    0    0     0
[32,] 0.0000000 0.0000000 0.3058103    0    0    0    0    0    0     0
[33,] 0.0000000 0.0000000 0.0000000    0    0    0    0    0    0     0
[34,] 4.7054405 0.0000000 0.0000000    0    0    0    0    0    0     0
[35,] 4.7728078 0.0000000 0.0000000    0    0    0    0    0    0     0
[36,] 0.0000000 0.0000000 0.0000000    0    0    0    0    0    0     0
[37,] 0.0000000 0.4904587 0.0000000    0    0    0    0    0    0     0
[38,] 0.0000000 0.0000000 0.1529052    0    0    0    0    0    0     0
[39,] 2.6252418 0.0000000 0.0000000    0    0    0    0    0    0     0
[40,] 0.0000000 0.0000000 0.0000000    0    0    0    0    0    0     0
[41,] 0.0000000 0.0000000 0.0000000    0    0    0    0    0    0     0
[42,] 0.0000000 0.7356880 0.0000000    0    0    0    0    0    0     0
[43,] 0.0000000 0.0000000 0.0000000    0    0    0    0    0    0     0
[44,] 0.0000000 0.4904587 0.0000000    0    0    0    0    0    0     0
[45,] 4.7728078 0.4904587 0.0000000    0    0    0    0    0    0     0
[46,] 0.0000000 0.7356880 0.0000000    0    0    0    0    0    0     0
[47,] 0.0000000 0.0000000 0.0000000    0    0    0    0    0    0     0
[48,] 0.0000000 0.0000000 0.0000000    0    0    0    0    0    0     0
[49,] 0.0000000 0.7356880 0.0000000    0    0    0    0    0    0     0
[50,] 2.6252418 0.4904587 0.3058103    0    0    0    0    0    0     0

$Ndateboots
            [,1]      [,2]     [,3] [,4] [,5] [,6] [,7] [,8] [,9] [,10]
 [1,] 113.333333  0.000000 0.000000    0    0    0    0    0    0     0
 [2,]   0.000000  0.000000 0.000000    0    0    0    0    0    0     0
 [3,]   8.888889  0.000000 2.777778    0    0    0    0    0    0     0
 [4,]   0.000000 16.666667 0.000000    0    0    0    0    0    0     0
 [5,]  66.666667 11.111111 1.388889    0    0    0    0    0    0     0
 [6,]  75.555556  0.000000 0.000000    0    0    0    0    0    0     0
 [7,]   0.000000  0.000000 0.000000    0    0    0    0    0    0     0
 [8,]   0.000000 16.666667 0.000000    0    0    0    0    0    0     0
 [9,]   0.000000  0.000000 0.000000    0    0    0    0    0    0     0
[10,] 115.555556  0.000000 0.000000    0    0    0    0    0    0     0
[11,]   0.000000  0.000000 0.000000    0    0    0    0    0    0     0
[12,]   0.000000  0.000000 0.000000    0    0    0    0    0    0     0
[13,] 117.777778 16.666667 1.388889    0    0    0    0    0    0     0
[14,]  71.111111  0.000000 0.000000    0    0    0    0    0    0     0
[15,]   0.000000  0.000000 0.000000    0    0    0    0    0    0     0
[16,]  11.111111  0.000000 0.000000    0    0    0    0    0    0     0
[17,]   0.000000  0.000000 0.000000    0    0    0    0    0    0     0
[18,]   0.000000  0.000000 0.000000    0    0    0    0    0    0     0
[19,] 120.000000  0.000000 2.777778    0    0    0    0    0    0     0
[20,]   0.000000  0.000000 0.000000    0    0    0    0    0    0     0
[21,]   0.000000  0.000000 0.000000    0    0    0    0    0    0     0
[22,]   0.000000 16.666667 1.388889    0    0    0    0    0    0     0
[23,]   0.000000  0.000000 0.000000    0    0    0    0    0    0     0
[24,]   0.000000  5.555556 0.000000    0    0    0    0    0    0     0
[25,]   0.000000  0.000000 0.000000    0    0    0    0    0    0     0
[26,]  60.000000  0.000000 0.000000    0    0    0    0    0    0     0
[27,]   0.000000  0.000000 0.000000    0    0    0    0    0    0     0
[28,]   0.000000  0.000000 4.166667    0    0    0    0    0    0     0
[29,]   0.000000  0.000000 1.388889    0    0    0    0    0    0     0
[30,]   0.000000 16.666667 0.000000    0    0    0    0    0    0     0
[31,]   0.000000  0.000000 1.388889    0    0    0    0    0    0     0
[32,]   0.000000  0.000000 2.777778    0    0    0    0    0    0     0
[33,]   0.000000  0.000000 0.000000    0    0    0    0    0    0     0
[34,] 115.555556  0.000000 0.000000    0    0    0    0    0    0     0
[35,] 117.777778  0.000000 0.000000    0    0    0    0    0    0     0
[36,]   0.000000  0.000000 0.000000    0    0    0    0    0    0     0
[37,]   0.000000 11.111111 0.000000    0    0    0    0    0    0     0
[38,]   0.000000  0.000000 1.388889    0    0    0    0    0    0     0
[39,]  68.888889  0.000000 0.000000    0    0    0    0    0    0     0
[40,]   0.000000  0.000000 0.000000    0    0    0    0    0    0     0
[41,]   0.000000  0.000000 0.000000    0    0    0    0    0    0     0
[42,]   0.000000 16.666667 0.000000    0    0    0    0    0    0     0
[43,]   0.000000  0.000000 0.000000    0    0    0    0    0    0     0
[44,]   0.000000 11.111111 0.000000    0    0    0    0    0    0     0
[45,] 117.777778 11.111111 0.000000    0    0    0    0    0    0     0
[46,]   0.000000 16.666667 0.000000    0    0    0    0    0    0     0
[47,]   0.000000  0.000000 0.000000    0    0    0    0    0    0     0
[48,]   0.000000  0.000000 0.000000    0    0    0    0    0    0     0
[49,]   0.000000 16.666667 0.000000    0    0    0    0    0    0     0
[50,]  68.888889 11.111111 2.777778    0    0    0    0    0    0     0

