$totdays
[1] 365

$Psampest
[1] NA

$Pbootest
       Mean        2.5%         50%       97.5% 
0.004282347 0.000000000 0.000000000 0.033119569 

$Pboots
 [1] 0.018292450 0.000000000 0.000000000 0.000000000 0.000000000 0.000000000 0.032691950
 [8] 0.001297650 0.002376586 0.036366187 0.000000000 0.000000000 0.032691950 0.000000000
[15] 0.000000000 0.000000000 0.000000000 0.017643625 0.000275883 0.000000000 0.000000000
[22] 0.002595300 0.000000000 0.000000000 0.000000000 0.000000000 0.000000000 0.000000000
[29] 0.000000000 0.000000000 0.000000000 0.016621858 0.000000000 0.000000000 0.000000000
[36] 0.000000000 0.000000000 0.001188293 0.000000000 0.000000000 0.000000000 0.033243716
[43] 0.000000000 0.000000000 0.000000000 0.001188293 0.017643625 0.000000000 0.000000000
[50] 0.000000000

$Bboots
 [1] 0.083697601 0.000000000 0.000000000 0.000000000 0.000000000 0.000000000 0.015326834
 [8] 0.050689456 0.066016290 0.132032580 0.000000000 0.000000000 0.015326834 0.000000000
[15] 0.000000000 0.000000000 0.000000000 0.058352873 0.007663417 0.000000000 0.000000000
[22] 0.101378911 0.000000000 0.000000000 0.000000000 0.000000000 0.000000000 0.000000000
[29] 0.000000000 0.000000000 0.000000000 0.015326834 0.000000000 0.000000000 0.000000000
[36] 0.000000000 0.000000000 0.033008145 0.000000000 0.000000000 0.000000000 0.030653669
[43] 0.000000000 0.000000000 0.000000000 0.033008145 0.058352873 0.000000000 0.000000000
[50] 0.000000000

$Nboots
 [1] 1.2152778 0.0000000 0.0000000 0.0000000 0.0000000 0.0000000 0.3472222 0.6944444
 [9] 1.0416667 2.0833333 0.0000000 0.0000000 0.3472222 0.0000000 0.0000000 0.0000000
[17] 0.0000000 0.8680556 0.1736111 0.0000000 0.0000000 1.3888889 0.0000000 0.0000000
[25] 0.0000000 0.0000000 0.0000000 0.0000000 0.0000000 0.0000000 0.0000000 0.3472222
[33] 0.0000000 0.0000000 0.0000000 0.0000000 0.0000000 0.5208333 0.0000000 0.0000000
[41] 0.0000000 0.6944444 0.0000000 0.0000000 0.0000000 0.5208333 0.8680556 0.0000000
[49] 0.0000000 0.0000000

$julians
[1] 2008 2040 2085 2141 2278 2283 2333 2362 2399

$intdays
[1]  32  45  56 137   5  50  29  37 -26

$Pintsampest
[1] NA NA NA NA NA NA NA NA NA

$Pintboots
            [,1]        [,2] [,3] [,4] [,5] [,6] [,7] [,8] [,9]
 [1,] 0.01829245          NA   NA   NA   NA   NA   NA   NA   NA
 [2,]         NA 0.000000000   NA   NA   NA   NA   NA   NA   NA
 [3,]         NA          NA   NA   NA   NA   NA   NA   NA   NA
 [4,]         NA          NA   NA   NA   NA   NA   NA   NA   NA
 [5,]         NA          NA   NA   NA   NA   NA   NA   NA   NA
 [6,]         NA          NA   NA   NA   NA   NA   NA    0   NA
 [7,] 0.03269195          NA   NA   NA   NA   NA   NA   NA   NA
 [8,] 0.00129765          NA   NA    0   NA   NA   NA   NA   NA
 [9,]         NA 0.002376586   NA   NA   NA   NA   NA   NA   NA
[10,] 0.03398960 0.002376586    0    0   NA   NA    0    0    0
[11,]         NA          NA    0   NA   NA   NA   NA   NA   NA
[12,]         NA          NA   NA   NA   NA   NA   NA   NA   NA
[13,] 0.03269195          NA   NA   NA   NA   NA   NA   NA   NA
[14,]         NA          NA   NA   NA   NA   NA   NA   NA   NA
[15,]         NA          NA   NA    0    0   NA   NA   NA   NA
[16,]         NA          NA   NA   NA   NA   NA   NA   NA   NA
[17,]         NA          NA   NA   NA   NA   NA   NA    0   NA
[18,] 0.01764363          NA   NA   NA    0   NA   NA   NA   NA
[19,]         NA 0.000275883    0   NA   NA   NA   NA   NA   NA
[20,]         NA          NA    0   NA   NA   NA   NA   NA   NA
[21,]         NA          NA   NA   NA   NA   NA   NA   NA   NA
[22,] 0.00259530          NA   NA   NA   NA   NA   NA   NA   NA
[23,]         NA          NA   NA   NA   NA   NA   NA   NA   NA
[24,]         NA          NA   NA   NA   NA   NA   NA   NA   NA
[25,]         NA          NA   NA   NA   NA   NA   NA    0   NA
[26,]         NA          NA   NA   NA   NA   NA   NA   NA   NA
[27,]         NA          NA   NA   NA   NA   NA    0    0   NA
[28,]         NA          NA   NA   NA   NA    0    0    0   NA
[29,]         NA          NA   NA   NA   NA   NA   NA   NA   NA
[30,]         NA          NA   NA   NA   NA   NA   NA   NA   NA
[31,]         NA          NA   NA   NA   NA    0   NA   NA   NA
[32,] 0.01634598 0.000275883   NA   NA   NA   NA   NA   NA   NA
[33,]         NA          NA   NA    0   NA   NA   NA   NA   NA
[34,]         NA          NA   NA   NA   NA   NA    0   NA   NA
[35,]         NA          NA   NA   NA   NA   NA   NA   NA   NA
[36,]         NA          NA   NA   NA   NA   NA   NA   NA   NA
[37,]         NA          NA   NA   NA   NA   NA    0   NA   NA
[38,]         NA 0.001188293    0    0   NA   NA   NA   NA   NA
[39,]         NA          NA   NA   NA   NA   NA   NA   NA   NA
[40,]         NA          NA   NA   NA    0    0    0   NA   NA
[41,]         NA          NA   NA   NA   NA   NA   NA   NA   NA
[42,] 0.03269195 0.000551766   NA   NA   NA   NA   NA   NA   NA
[43,]         NA          NA   NA   NA   NA   NA   NA   NA   NA
[44,]         NA          NA    0    0   NA   NA   NA   NA   NA
[45,]         NA          NA   NA   NA   NA   NA   NA   NA   NA
[46,]         NA 0.001188293    0   NA   NA   NA   NA    0   NA
[47,] 0.01764363          NA   NA   NA   NA    0   NA   NA   NA
[48,]         NA          NA   NA   NA   NA   NA   NA   NA   NA
[49,]         NA          NA   NA   NA   NA   NA   NA   NA   NA
[50,]         NA          NA   NA   NA   NA   NA   NA   NA   NA

$Bdatesampinfo
      DATE JULIAN N Mean Stdev
1 07/01/11   2008 4   NA    NA
2 08/02/11   2040 4   NA    NA
3 09/16/11   2085 8   NA    NA
4 11/11/11   2141 5   NA    NA
5 03/27/12   2278 4   NA    NA
6 04/01/12   2283 2   NA    NA
7 05/21/12   2333 3   NA    NA
8 06/19/12   2362 5   NA    NA
9 07/26/12   2399 7   NA    NA

$Ndatesampinfo
      DATE JULIAN N Mean Stdev
1 07/01/11   2008 4   NA    NA
2 08/02/11   2040 4   NA    NA
3 09/16/11   2085 8   NA    NA
4 11/11/11   2141 5   NA    NA
5 03/27/12   2278 4   NA    NA
6 04/01/12   2283 2   NA    NA
7 05/21/12   2333 3   NA    NA
8 06/19/12   2362 5   NA    NA
9 07/26/12   2399 7   NA    NA

$Bdateboots
      [,1]      [,2] [,3] [,4] [,5] [,6] [,7] [,8] [,9]
 [1,]    0 1.3391616    0    0    0    0    0    0    0
 [2,]    0 0.0000000    0    0    0    0    0    0    0
 [3,]    0 0.0000000    0    0    0    0    0    0    0
 [4,]    0 0.0000000    0    0    0    0    0    0    0
 [5,]    0 0.0000000    0    0    0    0    0    0    0
 [6,]    0 0.0000000    0    0    0    0    0    0    0
 [7,]    0 0.2452293    0    0    0    0    0    0    0
 [8,]    0 0.8110313    0    0    0    0    0    0    0
 [9,]    0 1.0562606    0    0    0    0    0    0    0
[10,]    0 1.0562606    0    0    0    0    0    0    0
[11,]    0 0.0000000    0    0    0    0    0    0    0
[12,]    0 0.0000000    0    0    0    0    0    0    0
[13,]    0 0.2452293    0    0    0    0    0    0    0
[14,]    0 0.0000000    0    0    0    0    0    0    0
[15,]    0 0.0000000    0    0    0    0    0    0    0
[16,]    0 0.0000000    0    0    0    0    0    0    0
[17,]    0 0.0000000    0    0    0    0    0    0    0
[18,]    0 0.9336460    0    0    0    0    0    0    0
[19,]    0 0.1226147    0    0    0    0    0    0    0
[20,]    0 0.0000000    0    0    0    0    0    0    0
[21,]    0 0.0000000    0    0    0    0    0    0    0
[22,]    0 1.6220626    0    0    0    0    0    0    0
[23,]    0 0.0000000    0    0    0    0    0    0    0
[24,]    0 0.4055156    0    0    0    0    0    0    0
[25,]    0 0.0000000    0    0    0    0    0    0    0
[26,]    0 0.0000000    0    0    0    0    0    0    0
[27,]    0 0.5281303    0    0    0    0    0    0    0
[28,]    0 0.0000000    0    0    0    0    0    0    0
[29,]    0 0.0000000    0    0    0    0    0    0    0
[30,]    0 0.9336460    0    0    0    0    0    0    0
[31,]    0 0.0000000    0    0    0    0    0    0    0
[32,]    0 0.1226147    0    0    0    0    0    0    0
[33,]    0 0.7733597    0    0    0    0    0    0    0
[34,]    0 0.0000000    0    0    0    0    0    0    0
[35,]    0 0.0000000    0    0    0    0    0    0    0
[36,]    0 0.4055156    0    0    0    0    0    0    0
[37,]    0 0.0000000    0    0    0    0    0    0    0
[38,]    0 0.5281303    0    0    0    0    0    0    0
[39,]    0 1.0562606    0    0    0    0    0    0    0
[40,]    0 0.0000000    0    0    0    0    0    0    0
[41,]    0 0.0000000    0    0    0    0    0    0    0
[42,]    0 0.2452293    0    0    0    0    0    0    0
[43,]    0 0.0000000    0    0    0    0    0    0    0
[44,]    0 0.0000000    0    0    0    0    0    0    0
[45,]    0 0.0000000    0    0    0    0    0    0    0
[46,]    0 0.5281303    0    0    0    0    0    0    0
[47,]    0 0.9336460    0    0    0    0    0    0    0
[48,]    0 0.0000000    0    0    0    0    0    0    0
[49,]    0 0.9336460    0    0    0    0    0    0    0
[50,]    0 1.0562606    0    0    0    0    0    0    0

$Ndateboots
      [,1]      [,2] [,3] [,4] [,5] [,6] [,7] [,8] [,9]
 [1,]    0 19.444444    0    0    0    0    0    0    0
 [2,]    0  0.000000    0    0    0    0    0    0    0
 [3,]    0  0.000000    0    0    0    0    0    0    0
 [4,]    0  0.000000    0    0    0    0    0    0    0
 [5,]    0  0.000000    0    0    0    0    0    0    0
 [6,]    0  0.000000    0    0    0    0    0    0    0
 [7,]    0  5.555556    0    0    0    0    0    0    0
 [8,]    0 11.111111    0    0    0    0    0    0    0
 [9,]    0 16.666667    0    0    0    0    0    0    0
[10,]    0 16.666667    0    0    0    0    0    0    0
[11,]    0  0.000000    0    0    0    0    0    0    0
[12,]    0  0.000000    0    0    0    0    0    0    0
[13,]    0  5.555556    0    0    0    0    0    0    0
[14,]    0  0.000000    0    0    0    0    0    0    0
[15,]    0  0.000000    0    0    0    0    0    0    0
[16,]    0  0.000000    0    0    0    0    0    0    0
[17,]    0  0.000000    0    0    0    0    0    0    0
[18,]    0 13.888889    0    0    0    0    0    0    0
[19,]    0  2.777778    0    0    0    0    0    0    0
[20,]    0  0.000000    0    0    0    0    0    0    0
[21,]    0  0.000000    0    0    0    0    0    0    0
[22,]    0 22.222222    0    0    0    0    0    0    0
[23,]    0  0.000000    0    0    0    0    0    0    0
[24,]    0  5.555556    0    0    0    0    0    0    0
[25,]    0  0.000000    0    0    0    0    0    0    0
[26,]    0  0.000000    0    0    0    0    0    0    0
[27,]    0  8.333333    0    0    0    0    0    0    0
[28,]    0  0.000000    0    0    0    0    0    0    0
[29,]    0  0.000000    0    0    0    0    0    0    0
[30,]    0 13.888889    0    0    0    0    0    0    0
[31,]    0  0.000000    0    0    0    0    0    0    0
[32,]    0  2.777778    0    0    0    0    0    0    0
[33,]    0 13.888889    0    0    0    0    0    0    0
[34,]    0  0.000000    0    0    0    0    0    0    0
[35,]    0  0.000000    0    0    0    0    0    0    0
[36,]    0  5.555556    0    0    0    0    0    0    0
[37,]    0  0.000000    0    0    0    0    0    0    0
[38,]    0  8.333333    0    0    0    0    0    0    0
[39,]    0 16.666667    0    0    0    0    0    0    0
[40,]    0  0.000000    0    0    0    0    0    0    0
[41,]    0  0.000000    0    0    0    0    0    0    0
[42,]    0  5.555556    0    0    0    0    0    0    0
[43,]    0  0.000000    0    0    0    0    0    0    0
[44,]    0  0.000000    0    0    0    0    0    0    0
[45,]    0  0.000000    0    0    0    0    0    0    0
[46,]    0  8.333333    0    0    0    0    0    0    0
[47,]    0 13.888889    0    0    0    0    0    0    0
[48,]    0  0.000000    0    0    0    0    0    0    0
[49,]    0 13.888889    0    0    0    0    0    0    0
[50,]    0 16.666667    0    0    0    0    0    0    0

