$totdays
[1] 391

$Psampest
[1] NA

$Pbootest
 Mean  2.5%   50% 97.5% 
    0     0     0     0 

$Pboots
 [1] 0 0 0 0 0 0 0 0 0 0 0 0 0 0 0 0 0 0 0 0 0 0 0 0 0 0 0 0 0 0 0 0 0 0 0 0 0 0 0 0 0 0
[43] 0 0 0 0 0 0 0 0

$Bboots
 [1] 0 0 0 0 0 0 0 0 0 0 0 0 0 0 0 0 0 0 0 0 0 0 0 0 0 0 0 0 0 0 0 0 0 0 0 0 0 0 0 0 0 0
[43] 0 0 0 0 0 0 0 0

$Nboots
 [1] 0 0 0 0 0 0 0 0 0 0 0 0 0 0 0 0 0 0 0 0 0 0 0 0 0 0 0 0 0 0 0 0 0 0 0 0 0 0 0 0 0 0
[43] 0 0 0 0 0 0 0 0

$julians
 [1] 2008 2040 2085 2141 2232 2278 2283 2333 2362 2399

$intdays
[1] 32 45 56 91 46  5 50 29 37

$Pintsampest
[1] NA NA NA NA NA NA NA NA NA

$Pintboots
      [,1] [,2] [,3] [,4] [,5] [,6] [,7] [,8] [,9]
 [1,]   NA   NA   NA   NA   NA   NA   NA   NA   NA
 [2,]   NA   NA   NA   NA   NA   NA   NA   NA   NA
 [3,]   NA   NA   NA   NA   NA   NA   NA   NA   NA
 [4,]   NA   NA   NA   NA   NA   NA   NA   NA   NA
 [5,]   NA   NA   NA   NA   NA   NA   NA   NA   NA
 [6,]   NA   NA   NA   NA   NA   NA   NA   NA   NA
 [7,]   NA   NA   NA   NA   NA   NA   NA   NA   NA
 [8,]   NA   NA   NA   NA   NA   NA   NA   NA   NA
 [9,]   NA   NA   NA   NA   NA   NA   NA   NA   NA
[10,]   NA   NA   NA   NA   NA   NA   NA   NA   NA
[11,]   NA   NA   NA   NA   NA   NA   NA   NA   NA
[12,]   NA   NA   NA   NA   NA   NA   NA   NA   NA
[13,]   NA   NA   NA   NA   NA   NA   NA   NA   NA
[14,]   NA   NA   NA   NA   NA   NA   NA   NA   NA
[15,]   NA   NA   NA   NA   NA   NA   NA   NA   NA
[16,]   NA   NA   NA   NA   NA   NA   NA   NA   NA
[17,]   NA   NA   NA   NA   NA   NA   NA   NA   NA
[18,]   NA   NA   NA   NA   NA   NA   NA   NA   NA
[19,]   NA   NA   NA   NA   NA   NA   NA   NA   NA
[20,]   NA   NA   NA   NA   NA   NA   NA   NA   NA
[21,]   NA   NA   NA   NA   NA   NA   NA   NA   NA
[22,]   NA   NA   NA   NA   NA   NA   NA   NA   NA
[23,]   NA   NA   NA   NA   NA   NA   NA   NA   NA
[24,]   NA   NA   NA   NA   NA   NA   NA   NA   NA
[25,]   NA   NA   NA   NA   NA   NA   NA   NA   NA
[26,]   NA   NA   NA   NA   NA   NA   NA   NA   NA
[27,]   NA   NA   NA   NA   NA   NA   NA   NA   NA
[28,]   NA   NA   NA   NA   NA   NA   NA   NA   NA
[29,]   NA   NA   NA   NA   NA   NA   NA   NA   NA
[30,]   NA   NA   NA   NA   NA   NA   NA   NA   NA
[31,]   NA   NA   NA   NA   NA   NA   NA   NA   NA
[32,]   NA   NA   NA   NA   NA   NA   NA   NA   NA
[33,]   NA   NA   NA   NA   NA   NA   NA   NA   NA
[34,]   NA   NA   NA   NA   NA   NA   NA   NA   NA
[35,]   NA   NA   NA   NA   NA   NA   NA   NA   NA
[36,]   NA   NA   NA   NA   NA   NA   NA   NA   NA
[37,]   NA   NA   NA   NA   NA   NA   NA   NA   NA
[38,]   NA   NA   NA   NA   NA   NA   NA   NA   NA
[39,]   NA   NA   NA   NA   NA   NA   NA   NA   NA
[40,]   NA   NA   NA   NA   NA   NA   NA   NA   NA
[41,]   NA   NA   NA   NA   NA   NA   NA   NA   NA
[42,]   NA   NA   NA   NA   NA   NA   NA   NA   NA
[43,]   NA   NA   NA   NA   NA   NA   NA   NA   NA
[44,]   NA   NA   NA   NA   NA   NA   NA   NA   NA
[45,]   NA   NA   NA   NA   NA   NA   NA   NA   NA
[46,]   NA   NA   NA   NA   NA   NA   NA   NA   NA
[47,]   NA   NA   NA   NA   NA   NA   NA   NA   NA
[48,]   NA   NA   NA   NA   NA   NA   NA   NA   NA
[49,]   NA   NA   NA   NA   NA   NA   NA   NA   NA
[50,]   NA   NA   NA   NA   NA   NA   NA   NA   NA

$Bdatesampinfo
       DATE JULIAN N Mean Stdev
1  07/01/11   2008 9   NA    NA
2  08/02/11   2040 4   NA    NA
3  09/16/11   2085 9   NA    NA
4  11/11/11   2141 7   NA    NA
5  02/10/12   2232 3   NA    NA
6  03/27/12   2278 5   NA    NA
7  04/01/12   2283 3   NA    NA
8  05/21/12   2333 4   NA    NA
9  06/19/12   2362 6   NA    NA
10 07/26/12   2399 8   NA    NA

$Ndatesampinfo
       DATE JULIAN N Mean Stdev
1  07/01/11   2008 9   NA    NA
2  08/02/11   2040 4   NA    NA
3  09/16/11   2085 9   NA    NA
4  11/11/11   2141 7   NA    NA
5  02/10/12   2232 3   NA    NA
6  03/27/12   2278 5   NA    NA
7  04/01/12   2283 3   NA    NA
8  05/21/12   2333 4   NA    NA
9  06/19/12   2362 6   NA    NA
10 07/26/12   2399 8   NA    NA

$Bdateboots
          [,1] [,2]      [,3]      [,4] [,5]      [,6] [,7]      [,8]     [,9]
 [1,]  0.00000    0 0.0000000 0.0000000    0 0.0000000    0 0.5251304 0.000000
 [2,]  0.00000    0 0.0000000 0.0000000    0 0.0000000    0 0.0000000 0.000000
 [3,]  0.00000    0 0.0000000 0.0000000    0 0.0000000    0 0.0000000 0.000000
 [4,] 11.93283    0 0.0000000 0.0000000    0 0.0000000    0 0.1312826 0.000000
 [5,]  0.00000    0 0.0000000 0.0000000    0 0.0000000    0 0.0000000 0.000000
 [6,] 15.85763    0 0.0000000 0.0000000    0 0.0000000    0 0.0000000 0.000000
 [7,]  0.00000    0 0.0000000 0.0000000    0 0.0000000    0 0.2625652 0.000000
 [8,]  0.00000    0 0.0000000 0.0000000    0 0.0000000    0 0.0000000 0.000000
 [9,]  0.00000    0 0.0000000 0.0000000    0 0.0000000    0 0.0000000 0.000000
[10,]  0.00000    0 0.0000000 0.0000000    0 0.0000000    0 0.0000000 0.000000
[11,] 10.07141    0 0.0000000 0.0000000    0 0.0000000    0 0.0000000 0.000000
[12,]  0.00000    0 0.0000000 0.0000000    0 0.0000000    0 0.0000000 0.000000
[13,]  0.00000    0 0.0000000 0.0000000    0 0.0000000    0 0.0000000 0.000000
[14,]  0.00000    0 0.0000000 0.0000000    0 0.0000000    0 0.0000000 0.000000
[15,]  0.00000    0 0.0000000 0.0000000    0 0.0000000    0 0.0000000 0.000000
[16,]  0.00000    0 0.0000000 0.0000000    0 0.0000000    0 0.0000000 0.000000
[17,]  0.00000    0 1.5051613 0.0000000    0 0.0000000    0 0.0000000 0.000000
[18,]  0.00000    0 0.0000000 0.0000000    0 0.0000000    0 0.0000000 0.000000
[19,]  0.00000    0 0.0000000 0.0000000    0 0.0000000    0 0.0000000 6.194378
[20,]  0.00000    0 0.0000000 0.0000000    0 0.0000000    0 0.0000000 3.261181
[21,]  0.00000    0 1.2589134 0.0000000    0 0.0000000    0 0.0000000 0.000000
[22,]  0.00000    0 0.0000000 0.0000000    0 0.0000000    0 0.0000000 0.000000
[23,]  0.00000    0 0.0000000 0.0000000    0 0.0000000    0 0.0000000 0.000000
[24,]  0.00000    0 0.0000000 0.0000000    0 0.0000000    0 0.0000000 0.000000
[25,]  0.00000    0 0.0000000 0.0000000    0 0.6533009    0 0.0000000 0.000000
[26,]  0.00000    0 0.0000000 0.0000000    0 0.0000000    0 0.0000000 0.000000
[27,]  0.00000    0 0.0000000 0.0000000    0 0.0000000    0 0.0000000 0.000000
[28,]  0.00000    0 0.8613092 0.0000000    0 0.0000000    0 0.0000000 0.000000
[29,]  0.00000    0 0.0000000 0.0000000    0 0.6533009    0 0.0000000 0.000000
[30,]  0.00000    0 1.5051613 0.0000000    0 0.0000000    0 0.0000000 0.000000
[31,]  0.00000    0 0.0000000 0.1601889    0 0.0000000    0 0.0000000 0.000000
[32,]  0.00000    0 1.9748787 0.0000000    0 0.0000000    0 0.0000000 0.000000
[33,]  0.00000    0 0.0000000 0.0000000    0 0.0000000    0 0.0000000 4.831681
[34,]  0.00000    0 0.0000000 0.0000000    0 0.0000000    0 0.0000000 0.000000
[35,]  0.00000    0 0.0000000 0.0000000    0 0.0000000    0 0.0000000 0.000000
[36,]  0.00000    0 0.0000000 0.3203779    0 0.0000000    0 0.0000000 0.000000
[37,]  0.00000    0 0.0000000 0.0000000    0 0.0000000    0 0.0000000 0.000000
[38,]  0.00000    0 0.0000000 0.0000000    0 0.0000000    0 0.0000000 0.000000
[39,]  0.00000    0 0.0000000 0.0000000    0 0.0000000    0 0.0000000 0.000000
[40,]  0.00000    0 0.0000000 0.0000000    0 1.3066017    0 0.0000000 0.000000
[41,]  0.00000    0 0.0000000 0.0000000    0 0.0000000    0 0.0000000 0.000000
[42,]  0.00000    0 0.0000000 0.0000000    0 1.3066017    0 0.0000000 0.000000
[43,]  0.00000    0 0.0000000 0.0000000    0 0.0000000    0 0.0000000 0.000000
[44,]  0.00000    0 1.7256959 0.0000000    0 0.0000000    0 0.0000000 0.000000
[45,]  0.00000    0 0.0000000 0.0000000    0 0.0000000    0 0.0000000 0.000000
[46,]  0.00000    0 0.0000000 0.0000000    0 0.0000000    0 0.0000000 0.000000
[47,]  0.00000    0 0.0000000 0.0000000    0 0.0000000    0 0.0000000 0.000000
[48,]  0.00000    0 0.0000000 0.0000000    0 0.0000000    0 0.0000000 0.000000
[49,]  0.00000    0 0.0000000 0.0000000    0 0.0000000    0 0.0000000 0.000000
[50,]  0.00000    0 0.0000000 0.0000000    0 0.0000000    0 0.0000000 0.000000
          [,10]
 [1,] 0.0000000
 [2,] 0.0000000
 [3,] 0.0000000
 [4,] 0.0000000
 [5,] 0.0000000
 [6,] 0.0000000
 [7,] 0.0000000
 [8,] 0.0000000
 [9,] 0.0000000
[10,] 0.0000000
[11,] 0.0000000
[12,] 0.0000000
[13,] 0.0000000
[14,] 0.0000000
[15,] 0.0000000
[16,] 0.0000000
[17,] 0.0000000
[18,] 0.0000000
[19,] 0.0000000
[20,] 0.0000000
[21,] 0.0000000
[22,] 0.0000000
[23,] 0.0000000
[24,] 0.0000000
[25,] 0.0000000
[26,] 2.3906316
[27,] 0.0000000
[28,] 0.0000000
[29,] 0.0000000
[30,] 0.0000000
[31,] 0.0000000
[32,] 0.0000000
[33,] 0.0000000
[34,] 0.0000000
[35,] 0.0000000
[36,] 0.0000000
[37,] 0.0000000
[38,] 0.0000000
[39,] 0.0000000
[40,] 0.0000000
[41,] 0.0000000
[42,] 0.0000000
[43,] 0.0000000
[44,] 0.0000000
[45,] 0.0000000
[46,] 3.5563242
[47,] 0.9132327
[48,] 0.0000000
[49,] 0.0000000
[50,] 0.0000000

$Ndateboots
          [,1] [,2]     [,3]     [,4] [,5]     [,6] [,7]      [,8]     [,9]     [,10]
 [1,]  0.00000    0  0.00000 0.000000    0 0.000000    0 11.111111  0.00000  0.000000
 [2,]  0.00000    0  0.00000 0.000000    0 0.000000    0  0.000000  0.00000  0.000000
 [3,]  0.00000    0  0.00000 0.000000    0 0.000000    0  0.000000  0.00000  0.000000
 [4,] 27.16049    0  0.00000 0.000000    0 0.000000    0  2.777778  0.00000  0.000000
 [5,]  0.00000    0  0.00000 0.000000    0 0.000000    0  0.000000  0.00000  0.000000
 [6,] 29.62963    0  0.00000 0.000000    0 0.000000    0  0.000000  0.00000  0.000000
 [7,]  0.00000    0  0.00000 0.000000    0 0.000000    0  5.555556  0.00000  0.000000
 [8,]  0.00000    0  0.00000 0.000000    0 0.000000    0  0.000000  0.00000  0.000000
 [9,]  0.00000    0  0.00000 0.000000    0 0.000000    0  0.000000  0.00000  0.000000
[10,]  0.00000    0  0.00000 0.000000    0 0.000000    0  0.000000  0.00000  0.000000
[11,] 17.28395    0  0.00000 0.000000    0 0.000000    0  0.000000  0.00000  0.000000
[12,]  0.00000    0  0.00000 0.000000    0 0.000000    0  0.000000  0.00000  0.000000
[13,]  0.00000    0  0.00000 0.000000    0 0.000000    0  0.000000  0.00000  0.000000
[14,]  0.00000    0  0.00000 0.000000    0 0.000000    0  0.000000  0.00000  0.000000
[15,]  0.00000    0  0.00000 0.000000    0 0.000000    0  0.000000  0.00000  0.000000
[16,]  0.00000    0  0.00000 0.000000    0 0.000000    0  0.000000  0.00000  0.000000
[17,]  0.00000    0 37.03704 0.000000    0 0.000000    0  0.000000  0.00000  0.000000
[18,]  0.00000    0  0.00000 0.000000    0 0.000000    0  0.000000  0.00000  0.000000
[19,]  0.00000    0  0.00000 0.000000    0 0.000000    0  0.000000 33.33333  0.000000
[20,]  0.00000    0  0.00000 0.000000    0 0.000000    0  0.000000 11.11111  0.000000
[21,]  0.00000    0 29.62963 0.000000    0 0.000000    0  0.000000  0.00000  0.000000
[22,]  0.00000    0  0.00000 0.000000    0 0.000000    0  0.000000  0.00000  0.000000
[23,]  0.00000    0  0.00000 0.000000    0 0.000000    0  0.000000  0.00000  0.000000
[24,]  0.00000    0  0.00000 0.000000    0 0.000000    0  0.000000  0.00000  0.000000
[25,]  0.00000    0  0.00000 0.000000    0 2.222222    0  0.000000  0.00000  0.000000
[26,]  0.00000    0  0.00000 0.000000    0 0.000000    0  0.000000  0.00000  9.722222
[27,]  0.00000    0  0.00000 0.000000    0 0.000000    0  0.000000  0.00000  0.000000
[28,]  0.00000    0 14.81481 0.000000    0 0.000000    0  0.000000  0.00000  0.000000
[29,]  0.00000    0  0.00000 0.000000    0 2.222222    0  0.000000  0.00000  0.000000
[30,]  0.00000    0 37.03704 0.000000    0 0.000000    0  0.000000  0.00000  0.000000
[31,]  0.00000    0  0.00000 1.587302    0 0.000000    0  0.000000  0.00000  0.000000
[32,]  0.00000    0 41.97531 0.000000    0 0.000000    0  0.000000  0.00000  0.000000
[33,]  0.00000    0  0.00000 0.000000    0 0.000000    0  0.000000 22.22222  0.000000
[34,]  0.00000    0  0.00000 0.000000    0 0.000000    0  0.000000  0.00000  0.000000
[35,]  0.00000    0  0.00000 0.000000    0 0.000000    0  0.000000  0.00000  0.000000
[36,]  0.00000    0  0.00000 3.174603    0 0.000000    0  0.000000  0.00000  0.000000
[37,]  0.00000    0  0.00000 0.000000    0 0.000000    0  0.000000  0.00000  0.000000
[38,]  0.00000    0  0.00000 0.000000    0 0.000000    0  0.000000  0.00000  0.000000
[39,]  0.00000    0  0.00000 0.000000    0 0.000000    0  0.000000  0.00000  0.000000
[40,]  0.00000    0  0.00000 0.000000    0 4.444444    0  0.000000  0.00000  0.000000
[41,]  0.00000    0  0.00000 0.000000    0 0.000000    0  0.000000  0.00000  0.000000
[42,]  0.00000    0  0.00000 0.000000    0 4.444444    0  0.000000  0.00000  0.000000
[43,]  0.00000    0  0.00000 0.000000    0 0.000000    0  0.000000  0.00000  0.000000
[44,]  0.00000    0 39.50617 0.000000    0 0.000000    0  0.000000  0.00000  0.000000
[45,]  0.00000    0  0.00000 0.000000    0 0.000000    0  0.000000  0.00000  0.000000
[46,]  0.00000    0  0.00000 0.000000    0 0.000000    0  0.000000  0.00000 15.277778
[47,]  0.00000    0  0.00000 0.000000    0 0.000000    0  0.000000  0.00000  4.166667
[48,]  0.00000    0  0.00000 0.000000    0 0.000000    0  0.000000  0.00000  0.000000
[49,]  0.00000    0  0.00000 0.000000    0 0.000000    0  0.000000  0.00000  0.000000
[50,]  0.00000    0  0.00000 0.000000    0 0.000000    0  0.000000  0.00000  0.000000

