$totdays
[1] 365

$Psampest
[1] 61.3764

$Pbootest
     Mean      2.5%       50%     97.5% 
107.02047  22.02566 105.02828 174.65125 

$Pboots
 [1]  92.87786 100.97342 151.09296 116.51093  86.22846 148.54927 133.42540 132.98754
 [9]  65.70445 130.95439 109.08314  68.91431  75.65019  85.02348  77.14759  52.38783
[17] 168.17006 176.53288  12.86779  89.49190 159.03626  64.55437 119.03188  68.58808
[25]  84.45439 207.05251 134.04301 142.18367  98.85193  68.38548  69.45212 142.76154
[33] 125.71871 109.27583  13.21084  57.82503 149.78527  67.06984 163.35670 136.39546
[41]  69.88240  90.83027  98.06278 111.82960  85.37918 142.76024 128.55815 158.76360
[49] 140.53353  68.81722

$Bboots
 [1] 26.614914 28.959804 43.742444 32.442660 22.271805 40.911958 36.780449 35.054262
 [9] 18.026758 29.956291 31.886319 14.173339 22.221447 24.370187 22.231376 15.654007
[17] 45.804073 45.872237  4.461923 23.866889 43.150558 19.046674 35.606301 18.864669
[25] 23.706106 53.281301 32.573606 39.254273 28.685742 19.466640 20.783601 41.187872
[33] 37.079133 27.951433  3.272059 12.654931 29.800316 18.592430 45.109337 38.633133
[41] 17.906265 26.881856 29.510152 32.741299 25.122345 39.804342 35.999132 43.356378
[49] 37.366900 20.053763

$Nboots
 [1] 42.12963 29.90741 25.83333 46.57407 22.22222 23.98148 14.07407 33.33333 25.74074
[10] 25.46296 36.48148 25.83333 31.66667 18.51852 30.27778 35.83333 28.88889 34.49074
[19] 10.55556 38.51852 17.50000 18.79630 23.05556 35.00000 24.90741 22.45370 23.24074
[28] 30.09259 23.70370 29.72222 15.74074 26.94444 27.50000 16.29630 15.00000 26.11111
[37] 27.26852 24.07407 16.85185 28.70370 16.01852 40.27778 34.07407 23.65741 38.61111
[46] 33.88889 26.48148 30.83333 28.24074 42.50000

$julians
[1] 2008 2040 2085 2122 2143 2232 2278 2283 2362

$intdays
[1] 32 45 37 21 89 46  5 79 11

$Pintsampest
[1]  0.000000  0.000000  7.775340  7.585916 13.492202  0.000000  1.795207 28.721520
[9]  2.006213

$Pintboots
           [,1]      [,2]       [,3]      [,4]      [,5] [,6]     [,7]       [,8]
 [1,] 27.834289 19.503123  3.7326654  2.569651  1.929279    0 1.795207  28.721520
 [2,] 27.935482 19.644933  5.6904413  4.588479  5.787838    0 1.795207  28.721520
 [3,] 48.920868 49.053329 11.8180146 11.692590 21.196566    0 0.000000   0.000000
 [4,] 16.724524 19.503123 10.4094944 11.349344 23.125845    0 1.795207  28.721520
 [5,] 17.673647 24.767392  3.7326654  7.566381 23.125845    0 0.000000   5.910801
 [6,] 20.074868  3.365008 11.8180146 13.963558 30.830209    0 3.590415  57.443039
 [7,] 37.404944 49.053329  0.5492556  1.675582  5.787838    0 1.795207  28.721520
 [8,]  5.614759  3.934188  3.7326654  5.750208 15.421481    0 5.385622  86.164559
 [9,]  2.807379  0.000000  6.9160753  7.553867 15.421481    0 1.795207  28.721520
[10,] 16.419558 19.644933  3.7326654  3.479241  5.787838    0 1.795207  72.226651
[11,]  5.614759  3.934188 15.3114336 10.494344  7.717117    0 3.590415  57.443039
[12,]  5.614759  3.934188  4.5919301  5.327462 11.562922    0 0.000000  34.507283
[13,] 31.590792 24.767392  4.2819210  3.790439  5.787838    0 0.000000   0.000000
[14,] 20.074868  3.365008  7.2260845  6.819923 11.562922    0 1.795207  28.721520
[15,] 31.590792 19.503123  4.0426746  5.016264 11.562922    0 0.000000   0.000000
[16,] 16.724524  3.934188  7.7753400  7.585916 13.492202    0 0.000000   0.000000
[17,] 16.825717 19.644933  7.7753400  8.040710 15.421481    0 5.385622  86.164559
[18,] 52.677371 24.767392  7.2260845  5.913340  7.717117    0 1.795207  62.979708
[19,]  2.807379  0.000000  4.5919301  3.056495  1.929279    0 0.000000   0.000000
[20,] 16.724524  3.934188  5.1411857  6.548249 15.421481    0 1.795207  34.632320
[21,] 16.419558  3.365008  8.0853492  9.577734 21.196566    0 5.385622  86.164559
[22,] 14.018338  0.000000  6.9160753  4.828105  3.858558    0 1.795207  28.721520
[23,] 37.811103 49.053329 11.8180146  8.060245  5.787838    0 0.000000   0.000000
[24,] 13.917145  0.000000 10.4094944 11.349344 23.125845    0 0.000000   6.910593
[25,]  2.807379  3.934188 11.8180146 11.692590 21.196566    0 1.795207  28.721520
[26,] 49.022061 19.644933  7.2260845  7.274718 13.492202    0 3.590415  91.950323
[27,] 20.074868  3.365008  8.8738512  9.569689 19.267286    0 1.795207  63.228803
[28,] 20.481027 24.767392  7.4653309  7.410270 13.492202    0 3.590415  57.443039
[29,]  5.208600  3.934188 12.1280237  7.781096  3.858558    0 3.590415  57.443039
[30,]  4.802441  3.365008 13.5929042 14.969176 30.830209    0 0.000000   0.000000
[31,]  0.000000  0.000000 14.4521689 10.914085 11.562922    0 1.795207  28.721520
[32,] 37.404944 49.053329 13.5929042 13.153003 23.125845    0 0.000000   0.000000
[33,] 48.920868 49.053329  7.7753400  5.769743  5.787838    0 0.000000   0.000000
[34,] 14.018338 19.644933  1.6477667  8.201290 30.830209    0 1.795207  28.721520
[35,]  2.401221  0.000000  0.5492556  2.130376  7.717117    0 0.000000   0.000000
[36,]  4.802441  3.365008  7.7753400  4.405359  0.000000    0 0.000000  34.258188
[37,]  5.614759  3.934188  7.7753400  4.860154  1.929279    0 1.795207 114.886078
[38,]  2.401221  3.365008  7.4653309  7.410270 13.492202    0 1.795207  28.721520
[39,] 35.003723 49.053329  7.7753400  9.856883 23.125845    0 1.795207  28.721520
[40,] 28.036675 19.644933  7.4653309  5.594098  5.787838    0 3.590415  57.443039
[41,]  2.401221  3.365008  3.1834099  6.800388 21.196566    0 1.795207  28.721520
[42,] 31.590792 19.503123  9.7331159  9.149949 15.421481    0 0.000000   0.000000
[43,] 16.724524  3.934188 16.1706983 12.342565 13.492202    0 1.795207  28.721520
[44,] 37.811103  3.934188  9.1838603  8.383956 13.492202    0 1.795207  28.721520
[45,] 31.590792 19.503123  7.7753400  7.585916 13.492202    0 0.000000   0.000000
[46,]  2.807379  3.934188 13.5929042 10.882036 13.492202    0 5.385622  86.164559
[47,] 20.481027 24.767392  6.3668198  4.516908  3.858558    0 3.590415  57.443039
[48,] 13.917145  0.000000 10.4094944 11.349344 23.125845    0 5.385622  86.164559
[49,] 35.347295 24.767392  3.7326654  7.566381 23.125845    0 1.795207  35.632113
[50,] 16.724524 19.503123  8.3245956  7.897113 13.492202    0 0.000000   0.000000
            [,9]
 [1,]  6.7921195
 [2,]  6.8095190
 [3,]  8.4115923
 [4,]  4.8818750
 [5,]  3.4517296
 [6,]  7.4641556
 [7,]  8.4377247
 [8,]  6.9840566
 [9,]  2.4889218
[10,]  7.8682953
[11,]  4.9778435
[12,]  3.3757702
[13,]  5.4318102
[14,]  5.4579426
[15,]  5.4318102
[16,]  2.8756620
[17,]  8.9117005
[18,] 13.4566622
[19,]  0.4827088
[20,]  5.2947477
[21,]  8.8418644
[22,]  4.4165657
[23,]  6.5013478
[24,]  2.8756620
[25,]  2.4889218
[26,] 14.8517704
[27,]  7.8682953
[28,]  7.5339917
[29,]  4.9080075
[30,]  0.8257454
[31,]  2.0062130
[32,]  6.4315117
[33,]  8.4115923
[34,]  4.4165657
[35,]  0.4128727
[36,]  3.2186986
[37,]  8.9902696
[38,]  2.4190857
[39,]  8.0248520
[40,]  8.8331314
[41,]  2.4190857
[42,]  5.4318102
[43,]  4.8818750
[44,]  8.5075608
[45,]  5.4318102
[46,]  6.5013478
[47,]  7.5339917
[48,]  8.4115923
[49,]  8.5666357
[50,]  2.8756620

$Bdatesampinfo
      DATE JULIAN N     Mean     Stdev
1 07/01/11   2008 1  0.00000        NA
2 08/02/11   2040 1  0.00000        NA
3 09/16/11   2085 5  0.00000   0.00000
4 10/23/11   2122 5 39.64891  48.85708
5 11/13/11   2143 4 28.62600  36.25209
6 02/10/12   2232 5  0.00000   0.00000
7 03/27/12   2278 4  0.00000   0.00000
8 04/01/12   2283 3 68.04011 117.84893
9 06/19/12   2362 1  0.00000        NA

$Ndatesampinfo
      DATE JULIAN N      Mean     Stdev
1 07/01/11   2008 1  0.000000        NA
2 08/02/11   2040 1  0.000000        NA
3 09/16/11   2085 5  0.000000  0.000000
4 10/23/11   2122 5 53.333333 73.029674
5 11/13/11   2143 4 55.555556 42.552316
6 02/10/12   2232 5  0.000000  0.000000
7 03/27/12   2278 4  0.000000  0.000000
8 04/01/12   2283 3  3.703704  6.415003
9 06/19/12   2362 1  0.000000        NA

$Bdateboots
           [,1]      [,2] [,3]      [,4]      [,5] [,6] [,7]      [,8]      [,9]
 [1,]  81.16763  81.16763    0 19.034422  4.093333    0    0  68.04011   0.00000
 [2,]  81.16763  81.75733    0 29.017178 12.280000    0    0  68.04011   0.00000
 [3,]  81.16763 204.12034    0 60.263400 44.971998    0    0   0.00000   0.00000
 [4,]  16.37333  81.16763    0 53.081540 49.065331    0    0  68.04011   0.00000
 [5,]   0.00000 103.07245    0 19.034422 49.065331    0    0   0.00000  14.00448
 [6,] 103.07245  14.00448    0 60.263400 65.411330    0    0 136.08023   0.00000
 [7,]  14.00448 204.12034    0  2.800896 12.280000    0    0  68.04011   0.00000
 [8,]  16.37333  16.37333    0 19.034422 32.719332    0    0 204.12034   0.00000
 [9,]  16.37333   0.00000    0 35.267947 32.719332    0    0  68.04011   0.00000
[10,]  14.00448  81.75733    0 19.034422 12.280000    0    0  68.04011 103.07245
[11,]  16.37333  16.37333    0 78.076993 16.373333    0    0 136.08023   0.00000
[12,]  16.37333  16.37333    0 23.415385 24.532666    0    0   0.00000  81.75733
[13,]  81.16763 103.07245    0 21.835318 12.280000    0    0   0.00000   0.00000
[14,] 103.07245  14.00448    0 36.848015 24.532666    0    0  68.04011   0.00000
[15,] 103.07245  81.16763    0 20.614489 24.532666    0    0   0.00000   0.00000
[16,]  81.16763  16.37333    0 39.648911 28.625999    0    0   0.00000   0.00000
[17,]  16.37333  81.75733    0 39.648911 32.719332    0    0 204.12034   0.00000
[18,] 204.12034 103.07245    0 36.848015 16.373333    0    0  68.04011  81.16763
[19,]  16.37333   0.00000    0 23.415385  4.093333    0    0   0.00000   0.00000
[20,]  81.16763  16.37333    0 26.216282 32.719332    0    0  68.04011  14.00448
[21,]  81.75733  14.00448    0 41.228978 44.971998    0    0 204.12034   0.00000
[22,]  81.75733   0.00000    0 35.267947  8.186667    0    0  68.04011   0.00000
[23,]  16.37333 204.12034    0 60.263400 12.280000    0    0   0.00000   0.00000
[24,]  81.16763   0.00000    0 53.081540 49.065331    0    0   0.00000  16.37333
[25,]   0.00000  16.37333    0 60.263400 44.971998    0    0  68.04011   0.00000
[26,] 204.12034  81.75733    0 36.848015 28.625999    0    0 136.08023  81.75733
[27,] 103.07245  14.00448    0 45.250704 40.878664    0    0  68.04011  81.75733
[28,]  16.37333 103.07245    0 38.068844 28.625999    0    0 136.08023   0.00000
[29,]  14.00448  16.37333    0 61.843467  8.186667    0    0 136.08023   0.00000
[30,]  14.00448  14.00448    0 69.315066 65.411330    0    0   0.00000   0.00000
[31,]   0.00000   0.00000    0 73.696029 24.532666    0    0  68.04011   0.00000
[32,]  14.00448 204.12034    0 69.315066 49.065331    0    0   0.00000   0.00000
[33,]  81.16763 204.12034    0 39.648911 12.280000    0    0   0.00000   0.00000
[34,]   0.00000  81.75733    0  8.402689 65.411330    0    0  68.04011   0.00000
[35,]  14.00448   0.00000    0  2.800896 16.373333    0    0   0.00000   0.00000
[36,]  14.00448  14.00448    0 39.648911  0.000000    0    0   0.00000  81.16763
[37,]  16.37333  16.37333    0 39.648911  4.093333    0    0  68.04011 204.12034
[38,]   0.00000  14.00448    0 38.068844 28.625999    0    0  68.04011   0.00000
[39,]   0.00000 204.12034    0 39.648911 49.065331    0    0  68.04011   0.00000
[40,]  81.75733  81.75733    0 38.068844 12.280000    0    0 136.08023   0.00000
[41,]   0.00000  14.00448    0 16.233525 44.971998    0    0  68.04011   0.00000
[42,] 103.07245  81.16763    0 49.631667 32.719332    0    0   0.00000   0.00000
[43,]  81.16763  16.37333    0 82.457957 28.625999    0    0  68.04011   0.00000
[44,] 204.12034  16.37333    0 46.830771 28.625999    0    0  68.04011   0.00000
[45,] 103.07245  81.16763    0 39.648911 28.625999    0    0   0.00000   0.00000
[46,]   0.00000  16.37333    0 69.315066 28.625999    0    0 204.12034   0.00000
[47,]  16.37333 103.07245    0 32.467051  8.186667    0    0 136.08023   0.00000
[48,]  81.16763   0.00000    0 53.081540 49.065331    0    0 204.12034   0.00000
[49,] 103.07245 103.07245    0 19.034422 49.065331    0    0  68.04011  16.37333
[50,]  16.37333  81.16763    0 42.449807 28.625999    0    0   0.00000   0.00000

$Ndateboots
           [,1]      [,2] [,3]       [,4]     [,5] [,6] [,7]      [,8]      [,9]
 [1,] 177.77778 177.77778    0  44.444444 22.22222    0    0  3.703704   0.00000
 [2,] 177.77778  44.44444    0  35.555556 66.66667    0    0  3.703704   0.00000
 [3,] 177.77778  11.11111    0  62.222222 44.44444    0    0  0.000000   0.00000
 [4,]  88.88889 177.77778    0  80.000000 66.66667    0    0  3.703704   0.00000
 [5,]   0.00000  44.44444    0  44.444444 66.66667    0    0  0.000000  44.44444
 [6,]  44.44444  44.44444    0  62.222222 55.55556    0    0  7.407407   0.00000
 [7,]  44.44444  11.11111    0   8.888889 66.66667    0    0  3.703704   0.00000
 [8,]  88.88889  88.88889    0  44.444444 77.77778    0    0 11.111111   0.00000
 [9,]  88.88889   0.00000    0  80.000000 77.77778    0    0  3.703704   0.00000
[10,]  44.44444  44.44444    0  44.444444 66.66667    0    0  3.703704  44.44444
[11,]  88.88889  88.88889    0  62.222222 88.88889    0    0  7.407407   0.00000
[12,]  88.88889  88.88889    0  17.777778 33.33333    0    0  0.000000  44.44444
[13,] 177.77778  44.44444    0  53.333333 66.66667    0    0  0.000000   0.00000
[14,]  44.44444  44.44444    0  44.444444 33.33333    0    0  3.703704   0.00000
[15,]  44.44444 177.77778    0   8.888889 33.33333    0    0  0.000000   0.00000
[16,] 177.77778  88.88889    0  53.333333 55.55556    0    0  0.000000   0.00000
[17,]  88.88889  44.44444    0  53.333333 77.77778    0    0 11.111111   0.00000
[18,]  11.11111  44.44444    0  44.444444 88.88889    0    0  3.703704 177.77778
[19,]  88.88889   0.00000    0  17.777778 22.22222    0    0  0.000000   0.00000
[20,] 177.77778  88.88889    0  26.666667 77.77778    0    0  3.703704  44.44444
[21,]  44.44444  44.44444    0  17.777778 44.44444    0    0 11.111111   0.00000
[22,]  44.44444   0.00000    0  80.000000 44.44444    0    0  3.703704   0.00000
[23,]  88.88889  11.11111    0  62.222222 66.66667    0    0  0.000000   0.00000
[24,] 177.77778   0.00000    0  80.000000 66.66667    0    0  0.000000  88.88889
[25,]   0.00000  88.88889    0  62.222222 44.44444    0    0  3.703704   0.00000
[26,]  11.11111  44.44444    0  44.444444 55.55556    0    0  7.407407  44.44444
[27,]  44.44444  44.44444    0  71.111111 22.22222    0    0  3.703704  44.44444
[28,]  88.88889  44.44444    0  88.888889 55.55556    0    0  7.407407   0.00000
[29,]  44.44444  88.88889    0  26.666667 44.44444    0    0  7.407407   0.00000
[30,]  44.44444  44.44444    0 115.555556 55.55556    0    0  0.000000   0.00000
[31,]   0.00000   0.00000    0  88.888889 33.33333    0    0  3.703704   0.00000
[32,]  44.44444  11.11111    0 115.555556 66.66667    0    0  0.000000   0.00000
[33,] 177.77778  11.11111    0  53.333333 66.66667    0    0  0.000000   0.00000
[34,]   0.00000  44.44444    0  26.666667 55.55556    0    0  3.703704   0.00000
[35,]  44.44444   0.00000    0   8.888889 88.88889    0    0  0.000000   0.00000
[36,]  44.44444  44.44444    0  53.333333  0.00000    0    0  0.000000 177.77778
[37,]  88.88889  88.88889    0  53.333333 22.22222    0    0  3.703704  11.11111
[38,]   0.00000  44.44444    0  88.888889 55.55556    0    0  3.703704   0.00000
[39,]   0.00000  11.11111    0  53.333333 66.66667    0    0  3.703704   0.00000
[40,]  44.44444  44.44444    0  88.888889 66.66667    0    0  7.407407   0.00000
[41,]   0.00000  44.44444    0  35.555556 44.44444    0    0  3.703704   0.00000
[42,]  44.44444 177.77778    0  44.444444 77.77778    0    0  0.000000   0.00000
[43,] 177.77778  88.88889    0  35.555556 55.55556    0    0  3.703704   0.00000
[44,]  11.11111  88.88889    0  35.555556 55.55556    0    0  3.703704   0.00000
[45,]  44.44444 177.77778    0  53.333333 55.55556    0    0  0.000000   0.00000
[46,]   0.00000  88.88889    0 115.555556 55.55556    0    0 11.111111   0.00000
[47,]  88.88889  44.44444    0  71.111111 44.44444    0    0  7.407407   0.00000
[48,] 177.77778   0.00000    0  80.000000 66.66667    0    0 11.111111   0.00000
[49,]  44.44444  44.44444    0  44.444444 66.66667    0    0  3.703704  88.88889
[50,]  88.88889 177.77778    0  62.222222 55.55556    0    0  0.000000   0.00000

