$totdays
[1] 365

$Psampest
[1] 16.35687

$Pbootest
    Mean     2.5%      50%    97.5% 
38.69296 13.45071 38.76901 75.22910 

$Pboots
 [1] 31.882014 18.417200 18.417200 42.248150 42.400276 54.080578 45.782801 59.756951
 [9] 46.805708 54.561302 15.994792 59.756951 41.354617 18.868534 57.116338 48.423414
[17] 48.138548 54.700152 23.941458 27.690406 16.356868 63.800668 51.172554 28.885548
[25] 15.782810 70.363048 18.918127 54.764938 34.655421 76.641830  5.146056 50.053764
[33] 48.546139 79.912085 13.761771 30.045507 16.150711 33.671729 53.692195 34.528618
[41] 31.759289 16.273436 59.723483 43.350490 16.356868 29.766863 29.628012 51.057805
[49] 13.360401 36.183395

$Bboots
 [1]  8.145212  5.980621  5.980621  8.570195  9.958272 14.335884 13.519150 15.267032
 [9]  8.650633 12.893071  5.720652 15.267032 13.084469  5.079312 15.532562 13.253619
[17] 14.516158 13.935179  7.403355  6.070758  4.057346 15.001501 10.669608  8.736634
[25]  4.908736 14.996620  5.359422 11.305385  9.817473 17.737373  2.093851 14.025997
[33] 13.303537 18.959011  4.773562  9.061100  5.745611  7.678584 15.397388  9.938131
[41]  8.095294  5.795529 15.979112 10.929576  4.057346  8.986223  7.944115 14.325504
[49]  4.648768  8.700551

$Nboots
 [1] 3.3333333 0.9722222 0.9722222 1.5277778 3.8888889 3.0555556 2.6388889 2.9166667
 [9] 2.3611111 2.3611111 2.5000000 2.9166667 5.1388889 1.6666667 2.6388889 2.9166667
[17] 3.3333333 4.1666667 2.5000000 1.1111111 1.1111111 3.1944444 3.6111111 4.4444444
[25] 0.6944444 2.5000000 1.3888889 3.1944444 1.3888889 5.4166667 0.8333333 4.8611111
[33] 2.6388889 4.8611111 1.5277778 2.6388889 2.3611111 1.5277778 3.4722222 2.6388889
[41] 3.6111111 2.0833333 5.2777778 2.0833333 1.1111111 3.0555556 1.2500000 3.1944444
[49] 2.2222222 2.0833333

$julians
[1] 2008 2040 2085 2122 2143 2232 2278 2283 2362

$intdays
[1] 32 45 37 21 89 46  5 79 11

$Pintsampest
[1] 0.000000 0.000000 3.284897 1.861160 7.403927 3.806885 0.000000 0.000000 0.000000

$Pintboots
           [,1]      [,2]     [,3]      [,4]      [,5]      [,6] [,7]     [,8]     [,9]
 [1,]  7.009169  9.822466 1.681618 0.9527727  7.403927  3.806885    0  0.00000 1.205176
 [2,] 13.467218  0.000000 1.681618 0.9527727  0.000000  0.000000    0  0.00000 2.315592
 [3,] 13.467218  0.000000 1.681618 0.9527727  0.000000  0.000000    0  0.00000 2.315592
 [4,]  7.351651  0.000000 0.000000 0.0000000 22.211782 11.420654    0  0.00000 1.264064
 [5,]  7.351651 10.302412 3.206557 1.8167738  0.000000  0.000000    0 17.25364 2.469240
 [6,] 20.476387 18.872611 0.000000 0.0000000  7.403927  3.806885    0  0.00000 3.520768
 [7,] 20.818869 18.872611 1.603278 0.9083869  0.000000  0.000000    0  0.00000 3.579655
 [8,] 20.818869 10.302412 1.681618 0.9527727 14.807854  7.613769    0  0.00000 3.579655
 [9,]  0.000000  0.000000 3.206557 1.8167738 14.807854  7.613769    0 18.09669 1.264064
[10,] 13.467218  0.000000 3.284897 1.8611596 22.211782 11.420654    0  0.00000 2.315592
[11,]  7.009169  0.000000 4.966515 2.8139323  0.000000  0.000000    0  0.00000 1.205176
[12,] 20.818869 10.302412 1.681618 0.9527727 14.807854  7.613769    0  0.00000 3.579655
[13,] 20.476387  9.822466 4.809835 2.7251607  0.000000  0.000000    0  0.00000 3.520768
[14,]  0.000000  0.000000 4.888175 2.7695465  7.403927  3.806885    0  0.00000 0.000000
[15,] 20.818869 18.872611 1.681618 0.9527727  7.403927  3.806885    0  0.00000 3.579655
[16,] 20.818869 10.302412 1.603278 0.9083869  7.403927  3.806885    0  0.00000 3.579655
[17,] 20.476387 18.872611 3.363236 1.9055454  0.000000  0.000000    0  0.00000 3.520768
[18,] 14.360820 10.302412 3.284897 1.8611596 14.807854  7.613769    0  0.00000 2.469240
[19,]  7.351651 10.302412 3.206557 1.8167738  0.000000  0.000000    0  0.00000 1.264064
[20,]  0.000000  0.000000 3.363236 1.9055454 14.807854  7.613769    0  0.00000 0.000000
[21,]  0.000000  0.000000 3.284897 1.8611596  7.403927  3.806885    0  0.00000 0.000000
[22,] 14.703301 10.302412 1.681618 0.9527727 22.211782 11.420654    0  0.00000 2.528127
[23,]  0.000000  0.000000 6.569793 3.7223192 14.807854  7.613769    0 17.25364 1.205176
[24,] 14.018338  9.822466 1.681618 0.9527727  0.000000  0.000000    0  0.00000 2.410353
[25,] 13.467218  0.000000 0.000000 0.0000000  0.000000  0.000000    0  0.00000 2.315592
[26,] 13.467218  0.000000 5.044855 2.8583181  7.403927  3.806885    0 33.15066 4.631183
[27,]  7.351651 10.302412 0.000000 0.0000000  0.000000  0.000000    0  0.00000 1.264064
[28,]  7.351651  0.000000 3.363236 1.9055454 14.807854  7.613769    0 17.25364 2.469240
[29,] 13.467218 18.872611 0.000000 0.0000000  0.000000  0.000000    0  0.00000 2.315592
[30,] 14.360820  9.822466 3.284897 1.8611596 29.615709 15.227539    0  0.00000 2.469240
[31,]  0.000000  0.000000 3.284897 1.8611596  0.000000  0.000000    0  0.00000 0.000000
[32,] 20.476387  9.822466 3.206557 1.8167738  7.403927  3.806885    0  0.00000 3.520768
[33,] 20.818869 10.302412 1.681618 0.9527727  7.403927  3.806885    0  0.00000 3.579655
[34,] 14.703301 10.302412 4.809835 2.7251607 29.615709 15.227539    0  0.00000 2.528127
[35,]  7.351651  0.000000 3.284897 1.8611596  0.000000  0.000000    0  0.00000 1.264064
[36,] 14.703301 10.302412 1.603278 0.9083869  0.000000  0.000000    0  0.00000 2.528127
[37,]  7.351651  0.000000 4.809835 2.7251607  0.000000  0.000000    0  0.00000 1.264064
[38,]  7.351651  0.000000 1.681618 0.9527727 14.807854  7.613769    0  0.00000 1.264064
[39,] 20.818869 10.302412 4.966515 2.8139323  7.403927  3.806885    0  0.00000 3.579655
[40,] 13.467218  0.000000 4.809835 2.7251607  7.403927  3.806885    0  0.00000 2.315592
[41,]  7.009169  9.822466 1.603278 0.9083869  7.403927  3.806885    0  0.00000 1.205176
[42,]  7.351651  0.000000 4.888175 2.7695465  0.000000  0.000000    0  0.00000 1.264064
[43,] 14.360820 10.302412 6.491454 3.6779334 14.807854  7.613769    0  0.00000 2.469240
[44,] 13.467218  0.000000 3.284897 1.8611596 14.807854  7.613769    0  0.00000 2.315592
[45,]  0.000000  0.000000 3.284897 1.8611596  7.403927  3.806885    0  0.00000 0.000000
[46,] 14.360820 10.302412 1.681618 0.9527727  0.000000  0.000000    0  0.00000 2.469240
[47,] 13.467218  0.000000 1.681618 0.9527727  7.403927  3.806885    0  0.00000 2.315592
[48,] 20.818869 10.302412 3.284897 1.8611596  7.403927  3.806885    0  0.00000 3.579655
[49,]  7.009169  0.000000 3.284897 1.8611596  0.000000  0.000000    0  0.00000 1.205176
[50,]  7.351651  0.000000 3.284897 1.8611596 14.807854  7.613769    0  0.00000 1.264064

$Bdatesampinfo
      DATE JULIAN N     Mean    Stdev
1 07/01/11   2008 1  0.00000       NA
2 08/02/11   2040 1  0.00000       NA
3 09/16/11   2085 5  0.00000  0.00000
4 10/23/11   2122 5 16.75081 22.94785
5 11/13/11   2143 4  0.00000  0.00000
6 02/10/12   2232 5 15.70796 35.12406
7 03/27/12   2278 4  0.00000  0.00000
8 04/01/12   2283 3  0.00000  0.00000
9 06/19/12   2362 1  0.00000       NA

$Ndatesampinfo
      DATE JULIAN N     Mean   Stdev
1 07/01/11   2008 1 0.000000      NA
2 08/02/11   2040 1 0.000000      NA
3 09/16/11   2085 5 0.000000 0.00000
4 10/23/11   2122 5 6.666667 9.93808
5 11/13/11   2143 4 0.000000 0.00000
6 02/10/12   2232 5 2.222222 4.96904
7 03/27/12   2278 4 0.000000 0.00000
8 04/01/12   2283 3 0.000000 0.00000
9 06/19/12   2362 1 0.000000      NA

$Bdateboots
          [,1]     [,2] [,3]      [,4] [,5]     [,6] [,7] [,8]     [,9]
 [1,]  0.00000 40.87866    0  8.575075    0 15.70796    0    0  0.00000
 [2,] 78.53978  0.00000    0  8.575075    0  0.00000    0    0  0.00000
 [3,] 78.53978  0.00000    0  8.575075    0  0.00000    0    0  0.00000
 [4,] 42.87538  0.00000    0  0.000000    0 47.12387    0    0  0.00000
 [5,]  0.00000 42.87538    0 16.351466    0  0.00000    0    0 40.87866
 [6,] 40.87866 78.53978    0  0.000000    0 15.70796    0    0  0.00000
 [7,] 42.87538 78.53978    0  8.175733    0  0.00000    0    0  0.00000
 [8,] 78.53978 42.87538    0  8.575075    0 31.41591    0    0  0.00000
 [9,]  0.00000  0.00000    0 16.351466    0 31.41591    0    0 42.87538
[10,] 78.53978  0.00000    0 16.750808    0 47.12387    0    0  0.00000
[11,] 40.87866  0.00000    0 25.325883    0  0.00000    0    0  0.00000
[12,] 78.53978 42.87538    0  8.575075    0 31.41591    0    0  0.00000
[13,] 78.53978 40.87866    0 24.527199    0  0.00000    0    0  0.00000
[14,]  0.00000  0.00000    0 24.926541    0 15.70796    0    0  0.00000
[15,] 42.87538 78.53978    0  8.575075    0 15.70796    0    0  0.00000
[16,] 78.53978 42.87538    0  8.175733    0 15.70796    0    0  0.00000
[17,] 40.87866 78.53978    0 17.150151    0  0.00000    0    0  0.00000
[18,] 40.87866 42.87538    0 16.750808    0 31.41591    0    0  0.00000
[19,]  0.00000 42.87538    0 16.351466    0  0.00000    0    0  0.00000
[20,]  0.00000  0.00000    0 17.150151    0 31.41591    0    0  0.00000
[21,]  0.00000  0.00000    0 16.750808    0 15.70796    0    0  0.00000
[22,] 42.87538 42.87538    0  8.575075    0 47.12387    0    0  0.00000
[23,]  0.00000  0.00000    0 33.501616    0 31.41591    0    0 40.87866
[24,] 40.87866 40.87866    0  8.575075    0  0.00000    0    0  0.00000
[25,] 78.53978  0.00000    0  0.000000    0  0.00000    0    0  0.00000
[26,] 78.53978  0.00000    0 25.725226    0 15.70796    0    0 78.53978
[27,]  0.00000 42.87538    0  0.000000    0  0.00000    0    0  0.00000
[28,] 42.87538  0.00000    0 17.150151    0 31.41591    0    0 40.87866
[29,]  0.00000 78.53978    0  0.000000    0  0.00000    0    0  0.00000
[30,] 42.87538 40.87866    0 16.750808    0 62.83182    0    0  0.00000
[31,]  0.00000  0.00000    0 16.750808    0  0.00000    0    0  0.00000
[32,] 78.53978 40.87866    0 16.351466    0 15.70796    0    0  0.00000
[33,] 78.53978 42.87538    0  8.575075    0 15.70796    0    0  0.00000
[34,] 42.87538 42.87538    0 24.527199    0 62.83182    0    0  0.00000
[35,] 42.87538  0.00000    0 16.750808    0  0.00000    0    0  0.00000
[36,] 42.87538 42.87538    0  8.175733    0  0.00000    0    0  0.00000
[37,] 42.87538  0.00000    0 24.527199    0  0.00000    0    0  0.00000
[38,] 42.87538  0.00000    0  8.575075    0 31.41591    0    0  0.00000
[39,] 78.53978 42.87538    0 25.325883    0 15.70796    0    0  0.00000
[40,] 78.53978  0.00000    0 24.527199    0 15.70796    0    0  0.00000
[41,]  0.00000 40.87866    0  8.175733    0 15.70796    0    0  0.00000
[42,] 42.87538  0.00000    0 24.926541    0  0.00000    0    0  0.00000
[43,] 40.87866 42.87538    0 33.102274    0 31.41591    0    0  0.00000
[44,] 78.53978  0.00000    0 16.750808    0 31.41591    0    0  0.00000
[45,]  0.00000  0.00000    0 16.750808    0 15.70796    0    0  0.00000
[46,] 40.87866 42.87538    0  8.575075    0  0.00000    0    0  0.00000
[47,] 78.53978  0.00000    0  8.575075    0 15.70796    0    0  0.00000
[48,] 78.53978 42.87538    0 16.750808    0 15.70796    0    0  0.00000
[49,] 40.87866  0.00000    0 16.750808    0  0.00000    0    0  0.00000
[50,] 42.87538  0.00000    0 16.750808    0 31.41591    0    0  0.00000

$Ndateboots
          [,1]     [,2] [,3]      [,4] [,5]     [,6] [,7] [,8]     [,9]
 [1,]  0.00000 22.22222    0  2.222222    0 2.222222    0    0  0.00000
 [2,] 11.11111  0.00000    0  2.222222    0 0.000000    0    0  0.00000
 [3,] 11.11111  0.00000    0  2.222222    0 0.000000    0    0  0.00000
 [4,] 11.11111  0.00000    0  0.000000    0 6.666667    0    0  0.00000
 [5,]  0.00000 11.11111    0  8.888889    0 0.000000    0    0 22.22222
 [6,] 22.22222 11.11111    0  0.000000    0 2.222222    0    0  0.00000
 [7,] 11.11111 11.11111    0  4.444444    0 0.000000    0    0  0.00000
 [8,] 11.11111 11.11111    0  2.222222    0 4.444444    0    0  0.00000
 [9,]  0.00000  0.00000    0  8.888889    0 4.444444    0    0 11.11111
[10,] 11.11111  0.00000    0  6.666667    0 6.666667    0    0  0.00000
[11,] 22.22222  0.00000    0  8.888889    0 0.000000    0    0  0.00000
[12,] 11.11111 11.11111    0  2.222222    0 4.444444    0    0  0.00000
[13,] 11.11111 22.22222    0 13.333333    0 0.000000    0    0  0.00000
[14,]  0.00000  0.00000    0 11.111111    0 2.222222    0    0  0.00000
[15,] 11.11111 11.11111    0  2.222222    0 2.222222    0    0  0.00000
[16,] 11.11111 11.11111    0  4.444444    0 2.222222    0    0  0.00000
[17,] 22.22222 11.11111    0  4.444444    0 0.000000    0    0  0.00000
[18,] 22.22222 11.11111    0  6.666667    0 4.444444    0    0  0.00000
[19,]  0.00000 11.11111    0  8.888889    0 0.000000    0    0  0.00000
[20,]  0.00000  0.00000    0  4.444444    0 4.444444    0    0  0.00000
[21,]  0.00000  0.00000    0  6.666667    0 2.222222    0    0  0.00000
[22,] 11.11111 11.11111    0  2.222222    0 6.666667    0    0  0.00000
[23,]  0.00000  0.00000    0 13.333333    0 4.444444    0    0 22.22222
[24,] 22.22222 22.22222    0  2.222222    0 0.000000    0    0  0.00000
[25,] 11.11111  0.00000    0  0.000000    0 0.000000    0    0  0.00000
[26,] 11.11111  0.00000    0  6.666667    0 2.222222    0    0 11.11111
[27,]  0.00000 11.11111    0  0.000000    0 0.000000    0    0  0.00000
[28,] 11.11111  0.00000    0  4.444444    0 4.444444    0    0 22.22222
[29,]  0.00000 11.11111    0  0.000000    0 0.000000    0    0  0.00000
[30,] 11.11111 22.22222    0  6.666667    0 8.888889    0    0  0.00000
[31,]  0.00000  0.00000    0  6.666667    0 0.000000    0    0  0.00000
[32,] 11.11111 22.22222    0  8.888889    0 2.222222    0    0  0.00000
[33,] 11.11111 11.11111    0  2.222222    0 2.222222    0    0  0.00000
[34,] 11.11111 11.11111    0 13.333333    0 8.888889    0    0  0.00000
[35,] 11.11111  0.00000    0  6.666667    0 0.000000    0    0  0.00000
[36,] 11.11111 11.11111    0  4.444444    0 0.000000    0    0  0.00000
[37,] 11.11111  0.00000    0 13.333333    0 0.000000    0    0  0.00000
[38,] 11.11111  0.00000    0  2.222222    0 4.444444    0    0  0.00000
[39,] 11.11111 11.11111    0  8.888889    0 2.222222    0    0  0.00000
[40,] 11.11111  0.00000    0 13.333333    0 2.222222    0    0  0.00000
[41,]  0.00000 22.22222    0  4.444444    0 2.222222    0    0  0.00000
[42,] 11.11111  0.00000    0 11.111111    0 0.000000    0    0  0.00000
[43,] 22.22222 11.11111    0 15.555556    0 4.444444    0    0  0.00000
[44,] 11.11111  0.00000    0  6.666667    0 4.444444    0    0  0.00000
[45,]  0.00000  0.00000    0  6.666667    0 2.222222    0    0  0.00000
[46,] 22.22222 11.11111    0  2.222222    0 0.000000    0    0  0.00000
[47,] 11.11111  0.00000    0  2.222222    0 2.222222    0    0  0.00000
[48,] 11.11111 11.11111    0  6.666667    0 2.222222    0    0  0.00000
[49,] 22.22222  0.00000    0  6.666667    0 0.000000    0    0  0.00000
[50,] 11.11111  0.00000    0  6.666667    0 4.444444    0    0  0.00000

