$totdays
[1] 365

$Psampest
[1] 0.0874874

$Pbootest
     Mean      2.5%       50%     97.5% 
0.2470762 0.0000000 0.2651064 0.5153646 

$Pboots
 [1] 0.0874874 0.3831972 0.2957098 0.3525938 0.2957098 0.2957098 0.2957098 0.0874874
 [9] 0.0000000 0.0000000 0.4400811 0.4733288 0.3858414 0.5275685 0.2651064 0.2082224
[17] 0.3525938 0.1749748 0.0000000 0.4733288 0.0874874 0.2082224 0.3858414 0.2651064
[25] 0.4400811 0.0000000 0.7113902 0.1207350 0.0874874 0.0874874 0.3525938 0.2957098
[33] 0.2082224 0.0000000 0.0874874 0.3525938 0.0874874 0.2957098 0.0874874 0.0874874
[41] 0.0874874 0.3525938 0.4733288 0.3499496 0.0874874 0.1749748 0.1749748 0.4733288
[49] 0.2713090 0.2651064

$Bboots
 [1] 0.01877645 0.09388223 0.07510578 0.09388223 0.07510578 0.07510578 0.07510578
 [8] 0.01877645 0.00000000 0.00000000 0.11265867 0.13143512 0.11265867 0.13143512
[15] 0.07510578 0.05632934 0.09388223 0.03755289 0.00000000 0.13143512 0.01877645
[22] 0.05632934 0.11265867 0.07510578 0.11265867 0.00000000 0.15021156 0.03755289
[29] 0.01877645 0.01877645 0.09388223 0.07510578 0.05632934 0.00000000 0.01877645
[36] 0.09388223 0.01877645 0.07510578 0.01877645 0.01877645 0.01877645 0.09388223
[43] 0.13143512 0.07510578 0.01877645 0.03755289 0.03755289 0.13143512 0.03755289
[50] 0.07510578

$Nboots
 [1] 0.3472222 1.7361111 1.3888889 1.7361111 1.3888889 1.3888889 1.3888889 0.3472222
 [9] 0.0000000 0.0000000 2.0833333 2.4305556 2.0833333 2.4305556 1.3888889 1.0416667
[17] 1.7361111 0.6944444 0.0000000 2.4305556 0.3472222 1.0416667 2.0833333 1.3888889
[25] 2.0833333 0.0000000 2.7777778 0.6944444 0.3472222 0.3472222 1.7361111 1.3888889
[33] 1.0416667 0.0000000 0.3472222 1.7361111 0.3472222 1.3888889 0.3472222 0.3472222
[41] 0.3472222 1.7361111 2.4305556 1.3888889 0.3472222 0.6944444 0.6944444 2.4305556
[49] 0.6944444 1.3888889

$julians
[1] 2008 2040 2085 2122 2143 2232 2278 2283 2362

$intdays
[1] 32 45 37 21 89 46  5 79 11

$Pintsampest
[1] 0.00000000 0.00000000 0.00000000 0.01668942 0.07079798 0.00000000 0.00000000
[8] 0.00000000 0.00000000

$Pintboots
           [,1]      [,2] [,3]       [,4]       [,5] [,6] [,7]      [,8]       [,9]
 [1,] 0.0000000 0.0000000    0 0.01668942 0.07079798    0    0 0.0000000 0.00000000
 [2,] 0.1030213 0.0000000    0 0.05006825 0.21239394    0    0 0.0000000 0.01771377
 [3,] 0.1030213 0.0000000    0 0.03337883 0.14159596    0    0 0.0000000 0.01771377
 [4,] 0.1030213 0.1443713    0 0.01668942 0.07079798    0    0 0.0000000 0.01771377
 [5,] 0.1030213 0.0000000    0 0.03337883 0.14159596    0    0 0.0000000 0.01771377
 [6,] 0.1030213 0.0000000    0 0.03337883 0.14159596    0    0 0.0000000 0.01771377
 [7,] 0.1030213 0.0000000    0 0.03337883 0.14159596    0    0 0.0000000 0.01771377
 [8,] 0.0000000 0.0000000    0 0.01668942 0.07079798    0    0 0.0000000 0.00000000
 [9,] 0.0000000 0.0000000    0 0.00000000 0.00000000    0    0 0.0000000 0.00000000
[10,] 0.0000000 0.0000000    0 0.00000000 0.00000000    0    0 0.0000000 0.00000000
[11,] 0.1030213 0.1443713    0 0.03337883 0.14159596    0    0 0.0000000 0.01771377
[12,] 0.2060425 0.1443713    0 0.01668942 0.07079798    0    0 0.0000000 0.03542754
[13,] 0.2060425 0.1443713    0 0.00000000 0.00000000    0    0 0.0000000 0.03542754
[14,] 0.1030213 0.1443713    0 0.05006825 0.21239394    0    0 0.0000000 0.01771377
[15,] 0.1030213 0.1443713    0 0.00000000 0.00000000    0    0 0.0000000 0.01771377
[16,] 0.1030213 0.0000000    0 0.01668942 0.07079798    0    0 0.0000000 0.01771377
[17,] 0.1030213 0.1443713    0 0.01668942 0.07079798    0    0 0.0000000 0.01771377
[18,] 0.0000000 0.0000000    0 0.03337883 0.14159596    0    0 0.0000000 0.00000000
[19,] 0.0000000 0.0000000    0 0.00000000 0.00000000    0    0 0.0000000 0.00000000
[20,] 0.2060425 0.1443713    0 0.01668942 0.07079798    0    0 0.0000000 0.03542754
[21,] 0.0000000 0.0000000    0 0.01668942 0.07079798    0    0 0.0000000 0.00000000
[22,] 0.1030213 0.0000000    0 0.01668942 0.07079798    0    0 0.0000000 0.01771377
[23,] 0.2060425 0.1443713    0 0.00000000 0.00000000    0    0 0.0000000 0.03542754
[24,] 0.1030213 0.1443713    0 0.00000000 0.00000000    0    0 0.0000000 0.01771377
[25,] 0.1030213 0.1443713    0 0.03337883 0.14159596    0    0 0.0000000 0.01771377
[26,] 0.0000000 0.0000000    0 0.00000000 0.00000000    0    0 0.0000000 0.00000000
[27,] 0.1030213 0.1443713    0 0.03337883 0.14159596    0    0 0.2535953 0.03542754
[28,] 0.1030213 0.0000000    0 0.00000000 0.00000000    0    0 0.0000000 0.01771377
[29,] 0.0000000 0.0000000    0 0.01668942 0.07079798    0    0 0.0000000 0.00000000
[30,] 0.0000000 0.0000000    0 0.01668942 0.07079798    0    0 0.0000000 0.00000000
[31,] 0.1030213 0.1443713    0 0.01668942 0.07079798    0    0 0.0000000 0.01771377
[32,] 0.1030213 0.0000000    0 0.03337883 0.14159596    0    0 0.0000000 0.01771377
[33,] 0.1030213 0.0000000    0 0.01668942 0.07079798    0    0 0.0000000 0.01771377
[34,] 0.0000000 0.0000000    0 0.00000000 0.00000000    0    0 0.0000000 0.00000000
[35,] 0.0000000 0.0000000    0 0.01668942 0.07079798    0    0 0.0000000 0.00000000
[36,] 0.1030213 0.1443713    0 0.01668942 0.07079798    0    0 0.0000000 0.01771377
[37,] 0.0000000 0.0000000    0 0.01668942 0.07079798    0    0 0.0000000 0.00000000
[38,] 0.1030213 0.0000000    0 0.03337883 0.14159596    0    0 0.0000000 0.01771377
[39,] 0.0000000 0.0000000    0 0.01668942 0.07079798    0    0 0.0000000 0.00000000
[40,] 0.0000000 0.0000000    0 0.01668942 0.07079798    0    0 0.0000000 0.00000000
[41,] 0.0000000 0.0000000    0 0.01668942 0.07079798    0    0 0.0000000 0.00000000
[42,] 0.1030213 0.1443713    0 0.01668942 0.07079798    0    0 0.0000000 0.01771377
[43,] 0.2060425 0.1443713    0 0.01668942 0.07079798    0    0 0.0000000 0.03542754
[44,] 0.0000000 0.0000000    0 0.06675767 0.28319192    0    0 0.0000000 0.00000000
[45,] 0.0000000 0.0000000    0 0.01668942 0.07079798    0    0 0.0000000 0.00000000
[46,] 0.0000000 0.0000000    0 0.03337883 0.14159596    0    0 0.0000000 0.00000000
[47,] 0.0000000 0.0000000    0 0.03337883 0.14159596    0    0 0.0000000 0.00000000
[48,] 0.2060425 0.1443713    0 0.01668942 0.07079798    0    0 0.0000000 0.03542754
[49,] 0.0000000 0.0000000    0 0.00000000 0.00000000    0    0 0.2535953 0.01771377
[50,] 0.1030213 0.1443713    0 0.00000000 0.00000000    0    0 0.0000000 0.01771377

$Bdatesampinfo
      DATE JULIAN N      Mean     Stdev
1 07/01/11   2008 1 0.0000000        NA
2 08/02/11   2040 1 0.0000000        NA
3 09/16/11   2085 5 0.0000000 0.0000000
4 10/23/11   2122 5 0.0000000 0.0000000
5 11/13/11   2143 4 0.1502116 0.3004231
6 02/10/12   2232 5 0.0000000 0.0000000
7 03/27/12   2278 4 0.0000000 0.0000000
8 04/01/12   2283 3 0.0000000 0.0000000
9 06/19/12   2362 1 0.0000000        NA

$Ndatesampinfo
      DATE JULIAN N     Mean    Stdev
1 07/01/11   2008 1 0.000000       NA
2 08/02/11   2040 1 0.000000       NA
3 09/16/11   2085 5 0.000000 0.000000
4 10/23/11   2122 5 0.000000 0.000000
5 11/13/11   2143 4 2.777778 5.555556
6 02/10/12   2232 5 0.000000 0.000000
7 03/27/12   2278 4 0.000000 0.000000
8 04/01/12   2283 3 0.000000 0.000000
9 06/19/12   2362 1 0.000000       NA

$Bdateboots
           [,1]      [,2] [,3] [,4]      [,5] [,6] [,7] [,8]      [,9]
 [1,] 0.0000000 0.0000000    0    0 0.1502116    0    0    0 0.0000000
 [2,] 0.6008462 0.0000000    0    0 0.4506347    0    0    0 0.0000000
 [3,] 0.6008462 0.0000000    0    0 0.3004231    0    0    0 0.0000000
 [4,] 0.0000000 0.6008462    0    0 0.1502116    0    0    0 0.0000000
 [5,] 0.6008462 0.0000000    0    0 0.3004231    0    0    0 0.0000000
 [6,] 0.6008462 0.0000000    0    0 0.3004231    0    0    0 0.0000000
 [7,] 0.6008462 0.0000000    0    0 0.3004231    0    0    0 0.0000000
 [8,] 0.0000000 0.0000000    0    0 0.1502116    0    0    0 0.0000000
 [9,] 0.0000000 0.0000000    0    0 0.0000000    0    0    0 0.0000000
[10,] 0.0000000 0.0000000    0    0 0.0000000    0    0    0 0.0000000
[11,] 0.0000000 0.6008462    0    0 0.3004231    0    0    0 0.0000000
[12,] 0.6008462 0.6008462    0    0 0.1502116    0    0    0 0.0000000
[13,] 0.6008462 0.6008462    0    0 0.0000000    0    0    0 0.0000000
[14,] 0.0000000 0.6008462    0    0 0.4506347    0    0    0 0.0000000
[15,] 0.0000000 0.6008462    0    0 0.0000000    0    0    0 0.0000000
[16,] 0.6008462 0.0000000    0    0 0.1502116    0    0    0 0.0000000
[17,] 0.0000000 0.6008462    0    0 0.1502116    0    0    0 0.0000000
[18,] 0.0000000 0.0000000    0    0 0.3004231    0    0    0 0.0000000
[19,] 0.0000000 0.0000000    0    0 0.0000000    0    0    0 0.0000000
[20,] 0.6008462 0.6008462    0    0 0.1502116    0    0    0 0.0000000
[21,] 0.0000000 0.0000000    0    0 0.1502116    0    0    0 0.0000000
[22,] 0.6008462 0.0000000    0    0 0.1502116    0    0    0 0.0000000
[23,] 0.6008462 0.6008462    0    0 0.0000000    0    0    0 0.0000000
[24,] 0.0000000 0.6008462    0    0 0.0000000    0    0    0 0.0000000
[25,] 0.0000000 0.6008462    0    0 0.3004231    0    0    0 0.0000000
[26,] 0.0000000 0.0000000    0    0 0.0000000    0    0    0 0.0000000
[27,] 0.0000000 0.6008462    0    0 0.3004231    0    0    0 0.6008462
[28,] 0.6008462 0.0000000    0    0 0.0000000    0    0    0 0.0000000
[29,] 0.0000000 0.0000000    0    0 0.1502116    0    0    0 0.0000000
[30,] 0.0000000 0.0000000    0    0 0.1502116    0    0    0 0.0000000
[31,] 0.0000000 0.6008462    0    0 0.1502116    0    0    0 0.0000000
[32,] 0.6008462 0.0000000    0    0 0.3004231    0    0    0 0.0000000
[33,] 0.6008462 0.0000000    0    0 0.1502116    0    0    0 0.0000000
[34,] 0.0000000 0.0000000    0    0 0.0000000    0    0    0 0.0000000
[35,] 0.0000000 0.0000000    0    0 0.1502116    0    0    0 0.0000000
[36,] 0.0000000 0.6008462    0    0 0.1502116    0    0    0 0.0000000
[37,] 0.0000000 0.0000000    0    0 0.1502116    0    0    0 0.0000000
[38,] 0.6008462 0.0000000    0    0 0.3004231    0    0    0 0.0000000
[39,] 0.0000000 0.0000000    0    0 0.1502116    0    0    0 0.0000000
[40,] 0.0000000 0.0000000    0    0 0.1502116    0    0    0 0.0000000
[41,] 0.0000000 0.0000000    0    0 0.1502116    0    0    0 0.0000000
[42,] 0.0000000 0.6008462    0    0 0.1502116    0    0    0 0.0000000
[43,] 0.6008462 0.6008462    0    0 0.1502116    0    0    0 0.0000000
[44,] 0.0000000 0.0000000    0    0 0.6008462    0    0    0 0.0000000
[45,] 0.0000000 0.0000000    0    0 0.1502116    0    0    0 0.0000000
[46,] 0.0000000 0.0000000    0    0 0.3004231    0    0    0 0.0000000
[47,] 0.0000000 0.0000000    0    0 0.3004231    0    0    0 0.0000000
[48,] 0.6008462 0.6008462    0    0 0.1502116    0    0    0 0.0000000
[49,] 0.0000000 0.0000000    0    0 0.0000000    0    0    0 0.6008462
[50,] 0.0000000 0.6008462    0    0 0.0000000    0    0    0 0.0000000

$Ndateboots
          [,1]     [,2] [,3] [,4]      [,5] [,6] [,7] [,8]     [,9]
 [1,]  0.00000  0.00000    0    0  2.777778    0    0    0  0.00000
 [2,] 11.11111  0.00000    0    0  8.333333    0    0    0  0.00000
 [3,] 11.11111  0.00000    0    0  5.555556    0    0    0  0.00000
 [4,]  0.00000 11.11111    0    0  2.777778    0    0    0  0.00000
 [5,] 11.11111  0.00000    0    0  5.555556    0    0    0  0.00000
 [6,] 11.11111  0.00000    0    0  5.555556    0    0    0  0.00000
 [7,] 11.11111  0.00000    0    0  5.555556    0    0    0  0.00000
 [8,]  0.00000  0.00000    0    0  2.777778    0    0    0  0.00000
 [9,]  0.00000  0.00000    0    0  0.000000    0    0    0  0.00000
[10,]  0.00000  0.00000    0    0  0.000000    0    0    0  0.00000
[11,]  0.00000 11.11111    0    0  5.555556    0    0    0  0.00000
[12,] 11.11111 11.11111    0    0  2.777778    0    0    0  0.00000
[13,] 11.11111 11.11111    0    0  0.000000    0    0    0  0.00000
[14,]  0.00000 11.11111    0    0  8.333333    0    0    0  0.00000
[15,]  0.00000 11.11111    0    0  0.000000    0    0    0  0.00000
[16,] 11.11111  0.00000    0    0  2.777778    0    0    0  0.00000
[17,]  0.00000 11.11111    0    0  2.777778    0    0    0  0.00000
[18,]  0.00000  0.00000    0    0  5.555556    0    0    0  0.00000
[19,]  0.00000  0.00000    0    0  0.000000    0    0    0  0.00000
[20,] 11.11111 11.11111    0    0  2.777778    0    0    0  0.00000
[21,]  0.00000  0.00000    0    0  2.777778    0    0    0  0.00000
[22,] 11.11111  0.00000    0    0  2.777778    0    0    0  0.00000
[23,] 11.11111 11.11111    0    0  0.000000    0    0    0  0.00000
[24,]  0.00000 11.11111    0    0  0.000000    0    0    0  0.00000
[25,]  0.00000 11.11111    0    0  5.555556    0    0    0  0.00000
[26,]  0.00000  0.00000    0    0  0.000000    0    0    0  0.00000
[27,]  0.00000 11.11111    0    0  5.555556    0    0    0 11.11111
[28,] 11.11111  0.00000    0    0  0.000000    0    0    0  0.00000
[29,]  0.00000  0.00000    0    0  2.777778    0    0    0  0.00000
[30,]  0.00000  0.00000    0    0  2.777778    0    0    0  0.00000
[31,]  0.00000 11.11111    0    0  2.777778    0    0    0  0.00000
[32,] 11.11111  0.00000    0    0  5.555556    0    0    0  0.00000
[33,] 11.11111  0.00000    0    0  2.777778    0    0    0  0.00000
[34,]  0.00000  0.00000    0    0  0.000000    0    0    0  0.00000
[35,]  0.00000  0.00000    0    0  2.777778    0    0    0  0.00000
[36,]  0.00000 11.11111    0    0  2.777778    0    0    0  0.00000
[37,]  0.00000  0.00000    0    0  2.777778    0    0    0  0.00000
[38,] 11.11111  0.00000    0    0  5.555556    0    0    0  0.00000
[39,]  0.00000  0.00000    0    0  2.777778    0    0    0  0.00000
[40,]  0.00000  0.00000    0    0  2.777778    0    0    0  0.00000
[41,]  0.00000  0.00000    0    0  2.777778    0    0    0  0.00000
[42,]  0.00000 11.11111    0    0  2.777778    0    0    0  0.00000
[43,] 11.11111 11.11111    0    0  2.777778    0    0    0  0.00000
[44,]  0.00000  0.00000    0    0 11.111111    0    0    0  0.00000
[45,]  0.00000  0.00000    0    0  2.777778    0    0    0  0.00000
[46,]  0.00000  0.00000    0    0  5.555556    0    0    0  0.00000
[47,]  0.00000  0.00000    0    0  5.555556    0    0    0  0.00000
[48,] 11.11111 11.11111    0    0  2.777778    0    0    0  0.00000
[49,]  0.00000  0.00000    0    0  0.000000    0    0    0 11.11111
[50,]  0.00000 11.11111    0    0  0.000000    0    0    0  0.00000

