$totdays
[1] 365

$Psampest
[1] NA

$Pbootest
     Mean      2.5%       50%     97.5% 
0.2411588 0.0000000 0.0000000 1.3479997 

$Pboots
 [1] 0.000000000 0.309250591 0.580800653 0.000000000 0.000000000 0.309250591 0.000000000
 [8] 0.000000000 0.000000000 1.129204647 0.014525349 0.040678129 0.000000000 0.927751772
[15] 0.000000000 1.231134513 0.007276402 0.126619912 0.511967440 0.000000000 0.000000000
[22] 0.000000000 0.000000000 0.000000000 0.580800653 0.000000000 0.000000000 0.000000000
[29] 1.381928345 0.062288057 0.000000000 0.000000000 0.000000000 0.000000000 0.309250591
[36] 0.000000000 0.000000000 1.077444904 0.000000000 0.000000000 0.000000000 0.000000000
[43] 0.187150507 0.000000000 0.000000000 0.000000000 2.728463648 0.478845439 0.001021899
[50] 0.062288057

$Bboots
 [1] 0.000000000 0.011670336 0.048674947 0.000000000 0.000000000 0.011670336 0.000000000
 [8] 0.000000000 0.000000000 0.176502530 0.018081406 0.018081406 0.000000000 0.035011008
[15] 0.000000000 0.090466236 0.006411070 0.243309387 0.036042558 0.000000000 0.000000000
[22] 0.000000000 0.000000000 0.000000000 0.048674947 0.000000000 0.000000000 0.000000000
[29] 0.055829144 0.060827347 0.000000000 0.000000000 0.000000000 0.000000000 0.011670336
[36] 0.000000000 0.000000000 0.074888481 0.000000000 0.000000000 0.000000000 0.000000000
[43] 0.005388889 0.000000000 0.000000000 0.000000000 0.111761256 0.028555419 0.060827347
[50] 0.060827347

$Nboots
 [1]  0.0000000  0.3472222  2.4305556  0.0000000  0.0000000  0.3472222  0.0000000
 [8]  0.0000000  0.0000000 11.6203704  0.6250000  0.6250000  0.0000000  1.0416667
[15]  0.0000000 16.1111111  0.2777778  3.3333333  3.4722222  0.0000000  0.0000000
[22]  0.0000000  0.0000000  0.0000000  2.4305556  0.0000000  0.0000000  0.0000000
[29] 14.8148148  0.8333333  0.0000000  0.0000000  0.0000000  0.0000000  0.3472222
[36]  0.0000000  0.0000000  8.3333333  0.0000000  0.0000000  0.0000000  0.0000000
[43]  2.7777778  0.0000000  0.0000000  0.0000000 14.0046296  4.6296296  0.8333333
[50]  0.8333333

$julians
[1] 2008 2040 2085 2122 2143 2232 2278 2283 2362

$intdays
[1] 32 45 37 21 89 46  5 79 11

$Pintsampest
[1] NA NA NA NA NA NA NA NA NA

$Pintboots
           [,1]      [,2]      [,3]        [,4]       [,5]       [,6]        [,7]
 [1,]        NA        NA        NA          NA         NA         NA          NA
 [2,]        NA        NA        NA          NA         NA         NA          NA
 [3,] 0.5808007        NA        NA          NA         NA         NA          NA
 [4,]        NA        NA        NA          NA         NA         NA          NA
 [5,]        NA        NA        NA          NA         NA         NA          NA
 [6,]        NA        NA        NA          NA         NA         NA          NA
 [7,]        NA        NA        NA          NA         NA         NA          NA
 [8,]        NA        NA        NA          NA         NA         NA          NA
 [9,]        NA        NA        NA          NA         NA         NA          NA
[10,]        NA        NA 0.8106613 0.002043799         NA         NA 0.007248947
[11,]        NA        NA        NA          NA         NA         NA 0.014525349
[12,]        NA        NA        NA          NA         NA 0.02979098 0.010887148
[13,]        NA        NA        NA          NA         NA         NA          NA
[14,]        NA        NA        NA          NA         NA         NA          NA
[15,]        NA        NA        NA          NA 0.00000000         NA          NA
[16,]        NA 0.8710212 0.3590914 0.001021899         NA         NA          NA
[17,]        NA        NA        NA          NA         NA         NA 0.007276402
[18,]        NA        NA        NA 0.002043799 0.12457611         NA          NA
[19,] 0.5119674        NA        NA          NA         NA         NA          NA
[20,]        NA        NA        NA          NA         NA         NA          NA
[21,]        NA        NA        NA          NA         NA         NA          NA
[22,]        NA        NA        NA          NA         NA         NA          NA
[23,]        NA        NA        NA          NA         NA         NA          NA
[24,]        NA        NA        NA          NA         NA         NA          NA
[25,] 0.5808007        NA        NA          NA         NA         NA          NA
[26,]        NA        NA        NA          NA         NA         NA          NA
[27,]        NA        NA        NA          NA         NA         NA          NA
[28,]        NA        NA        NA          NA         NA         NA          NA
[29,]        NA        NA 1.3819283          NA         NA 0.00000000          NA
[30,]        NA        NA        NA          NA 0.06228806         NA          NA
[31,]        NA        NA        NA          NA         NA         NA          NA
[32,]        NA        NA        NA          NA         NA         NA          NA
[33,]        NA        NA        NA          NA         NA         NA          NA
[34,]        NA        NA        NA          NA         NA         NA          NA
[35,]        NA        NA        NA          NA         NA         NA          NA
[36,]        NA        NA        NA          NA         NA         NA          NA
[37,]        NA        NA        NA          NA         NA         NA          NA
[38,]        NA        NA 1.0774449          NA         NA         NA          NA
[39,]        NA        NA        NA          NA         NA         NA          NA
[40,]        NA        NA        NA          NA         NA         NA          NA
[41,]        NA        NA        NA          NA         NA         NA          NA
[42,]        NA        NA        NA          NA         NA         NA          NA
[43,] 0.1871505        NA        NA          NA         NA         NA          NA
[44,]        NA        NA        NA          NA         NA         NA          NA
[45,]        NA        NA        NA          NA         NA         NA          NA
[46,]        NA        NA        NA          NA         NA         NA          NA
[47,]        NA 2.7284636        NA          NA         NA         NA          NA
[48,]        NA        NA 0.4788454          NA         NA         NA          NA
[49,]        NA        NA        NA 0.001021899         NA         NA          NA
[50,]        NA        NA        NA          NA 0.06228806         NA          NA
           [,8] [,9]
 [1,]        NA   NA
 [2,] 0.3092506   NA
 [3,]        NA   NA
 [4,]        NA   NA
 [5,] 0.0000000   NA
 [6,] 0.3092506   NA
 [7,] 0.0000000   NA
 [8,]        NA   NA
 [9,]        NA   NA
[10,] 0.3092506   NA
[11,]        NA   NA
[12,]        NA   NA
[13,]        NA   NA
[14,] 0.9277518   NA
[15,]        NA   NA
[16,]        NA   NA
[17,]        NA   NA
[18,]        NA   NA
[19,]        NA   NA
[20,]        NA   NA
[21,]        NA   NA
[22,]        NA   NA
[23,]        NA   NA
[24,]        NA   NA
[25,]        NA   NA
[26,]        NA   NA
[27,]        NA   NA
[28,]        NA   NA
[29,]        NA   NA
[30,]        NA   NA
[31,]        NA   NA
[32,]        NA   NA
[33,]        NA   NA
[34,]        NA   NA
[35,] 0.3092506   NA
[36,]        NA   NA
[37,]        NA   NA
[38,]        NA   NA
[39,]        NA   NA
[40,]        NA   NA
[41,]        NA   NA
[42,]        NA   NA
[43,]        NA   NA
[44,]        NA   NA
[45,]        NA   NA
[46,]        NA   NA
[47,]        NA   NA
[48,]        NA   NA
[49,]        NA   NA
[50,]        NA   NA

$Bdatesampinfo
      DATE JULIAN N Mean Stdev
1 07/01/11   2008 2   NA    NA
2 08/02/11   2040 4   NA    NA
3 09/16/11   2085 6   NA    NA
4 10/23/11   2122 6   NA    NA
5 11/13/11   2143 5   NA    NA
6 02/10/12   2232 6   NA    NA
7 03/27/12   2278 5   NA    NA
8 04/01/12   2283 4   NA    NA
9 06/19/12   2362 2   NA    NA

$Ndatesampinfo
      DATE JULIAN N Mean Stdev
1 07/01/11   2008 2   NA    NA
2 08/02/11   2040 4   NA    NA
3 09/16/11   2085 6   NA    NA
4 10/23/11   2122 6   NA    NA
5 11/13/11   2143 5   NA    NA
6 02/10/12   2232 6   NA    NA
7 03/27/12   2278 5   NA    NA
8 04/01/12   2283 4   NA    NA
9 06/19/12   2362 2   NA    NA

$Bdateboots
      [,1]       [,2]      [,3] [,4]      [,5] [,6]       [,7]      [,8] [,9]
 [1,]    0 0.00000000 0.0000000    0 0.0000000    0 0.00000000 0.0000000    0
 [2,]    0 0.00000000 0.0000000    0 0.0000000    0 0.00000000 0.1867254    0
 [3,]    0 0.77879916 0.0000000    0 0.9732375    0 0.00000000 0.0000000    0
 [4,]    0 0.00000000 0.0000000    0 0.0000000    0 0.00000000 0.0000000    0
 [5,]    0 0.00000000 1.3574414    0 0.0000000    0 0.00000000 0.0000000    0
 [6,]    0 0.00000000 0.0000000    0 0.0000000    0 0.00000000 0.1867254    0
 [7,]    0 0.00000000 0.5718497    0 0.0000000    0 0.00000000 0.0000000    0
 [8,]    0 0.00000000 0.0000000    0 0.0000000    0 0.00000000 0.0000000    0
 [9,]    0 0.00000000 0.8932663    0 0.0000000    0 0.05128856 0.0000000    0
[10,]    0 0.00000000 0.5041146    0 1.9464751    0 0.00000000 0.1867254    0
[11,]    0 0.00000000 0.0000000    0 0.0000000    0 0.10257712 0.1867254    0
[12,]    0 0.24522935 0.0000000    0 0.0000000    0 0.05128856 0.1867254    0
[13,]    0 0.00000000 0.0000000    0 0.0000000    0 0.00000000 0.0000000    0
[14,]    0 0.00000000 0.0000000    0 0.0000000    0 0.00000000 0.5601761    0
[15,]    0 0.00000000 0.0000000    0 0.0000000    0 0.00000000 0.0000000    0
[16,]    0 0.12933333 0.1724444    0 0.9732375    0 0.00000000 0.1867254    0
[17,]    0 0.00000000 0.0000000    0 0.0000000    0 0.10257712 0.0000000    0
[18,]    0 0.00000000 0.0000000    0 1.9464751    0 0.00000000 0.0000000    0
[19,]    0 0.57668092 0.0000000    0 0.0000000    0 0.00000000 0.0000000    0
[20,]    0 0.00000000 0.0000000    0 0.0000000    0 0.00000000 0.0000000    0
[21,]    0 0.12933333 0.0000000    0 0.0000000    0 0.00000000 0.0000000    0
[22,]    0 0.57668092 0.0000000    0 0.0000000    0 0.00000000 0.0000000    0
[23,]    0 0.00000000 0.0000000    0 0.0000000    0 0.00000000 0.0000000    0
[24,]    0 0.00000000 0.0000000    0 0.0000000    0 0.00000000 0.0000000    0
[25,]    0 0.77879916 0.0000000    0 0.0000000    0 0.05128856 0.0000000    0
[26,]    0 0.53356981 0.0000000    0 0.0000000    0 0.00000000 0.0000000    0
[27,]    0 0.00000000 0.0000000    0 0.0000000    0 0.00000000 0.1867254    0
[28,]    0 0.00000000 0.8460384    0 0.0000000    0 0.00000000 0.0000000    0
[29,]    0 0.00000000 0.8932663    0 0.0000000    0 0.00000000 0.0000000    0
[30,]    0 0.00000000 0.0000000    0 0.9732375    0 0.00000000 0.0000000    0
[31,]    0 0.00000000 1.0832527    0 0.9732375    0 0.10257712 0.0000000    0
[32,]    0 0.00000000 0.0000000    0 0.0000000    0 0.00000000 0.0000000    0
[33,]    0 0.73568805 0.0000000    0 0.0000000    0 0.00000000 0.3734508    0
[34,]    0 0.00000000 0.0000000    0 0.9732375    0 0.00000000 0.0000000    0
[35,]    0 0.53356981 0.0000000    0 0.0000000    0 0.00000000 0.1867254    0
[36,]    0 0.00000000 0.8562919    0 0.0000000    0 0.00000000 0.1867254    0
[37,]    0 0.37456268 0.0000000    0 0.0000000    0 0.15386569 0.0000000    0
[38,]    0 0.00000000 1.1982157    0 0.0000000    0 0.05128856 0.0000000    0
[39,]    0 0.57668092 0.0000000    0 0.0000000    0 0.00000000 0.0000000    0
[40,]    0 0.00000000 1.4046694    0 1.9464751    0 0.15386569 0.0000000    0
[41,]    0 0.00000000 0.0000000    0 0.0000000    0 0.00000000 0.0000000    0
[42,]    0 0.00000000 0.0000000    0 0.0000000    0 0.00000000 0.0000000    0
[43,]    0 0.08622222 0.0000000    0 0.0000000    0 0.00000000 0.3734508    0
[44,]    0 0.49045870 0.0000000    0 2.9197126    0 0.10257712 0.0000000    0
[45,]    0 0.00000000 1.4724044    0 0.0000000    0 0.00000000 0.0000000    0
[46,]    0 0.00000000 1.0524920    0 0.9732375    0 0.00000000 0.0000000    0
[47,]    0 0.73568805 1.0524920    0 0.0000000    0 0.00000000 0.5601761    0
[48,]    0 0.00000000 0.4568867    0 0.0000000    0 0.00000000 0.0000000    0
[49,]    0 0.00000000 0.0000000    0 0.9732375    0 0.05128856 0.0000000    0
[50,]    0 0.00000000 0.0000000    0 0.9732375    0 0.00000000 0.0000000    0

$Ndateboots
      [,1]      [,2]      [,3] [,4]     [,5] [,6]     [,7]      [,8] [,9]
 [1,]    0  0.000000   0.00000    0  0.00000    0 0.000000  0.000000    0
 [2,]    0  0.000000   0.00000    0  0.00000    0 0.000000  5.555556    0
 [3,]    0 38.888889   0.00000    0 13.33333    0 0.000000  0.000000    0
 [4,]    0  0.000000   0.00000    0  0.00000    0 0.000000  0.000000    0
 [5,]    0  0.000000 103.70370    0  0.00000    0 0.000000  0.000000    0
 [6,]    0  0.000000   0.00000    0  0.00000    0 0.000000  5.555556    0
 [7,]    0  0.000000 133.33333    0  0.00000    0 0.000000  0.000000    0
 [8,]    0  0.000000   0.00000    0  0.00000    0 0.000000  0.000000    0
 [9,]    0  0.000000 237.03704    0  0.00000    0 2.222222  0.000000    0
[10,]    0  0.000000 148.14815    0 26.66667    0 0.000000  5.555556    0
[11,]    0  0.000000   0.00000    0  0.00000    0 4.444444  5.555556    0
[12,]    0  5.555556   0.00000    0  0.00000    0 2.222222  5.555556    0
[13,]    0  0.000000   0.00000    0  0.00000    0 0.000000  0.000000    0
[14,]    0  0.000000   0.00000    0  0.00000    0 0.000000 16.666667    0
[15,]    0  0.000000   0.00000    0  0.00000    0 0.000000  0.000000    0
[16,]    0 66.666667  88.88889    0 13.33333    0 0.000000  5.555556    0
[17,]    0  0.000000   0.00000    0  0.00000    0 4.444444  0.000000    0
[18,]    0  0.000000   0.00000    0 26.66667    0 0.000000  0.000000    0
[19,]    0 55.555556   0.00000    0  0.00000    0 0.000000  0.000000    0
[20,]    0  0.000000   0.00000    0  0.00000    0 0.000000  0.000000    0
[21,]    0 66.666667   0.00000    0  0.00000    0 0.000000  0.000000    0
[22,]    0 55.555556   0.00000    0  0.00000    0 0.000000  0.000000    0
[23,]    0  0.000000   0.00000    0  0.00000    0 0.000000  0.000000    0
[24,]    0  0.000000   0.00000    0  0.00000    0 0.000000  0.000000    0
[25,]    0 38.888889   0.00000    0  0.00000    0 2.222222  0.000000    0
[26,]    0 33.333333   0.00000    0  0.00000    0 0.000000  0.000000    0
[27,]    0  0.000000   0.00000    0  0.00000    0 0.000000  5.555556    0
[28,]    0  0.000000 162.96296    0  0.00000    0 0.000000  0.000000    0
[29,]    0  0.000000 237.03704    0  0.00000    0 0.000000  0.000000    0
[30,]    0  0.000000   0.00000    0 13.33333    0 0.000000  0.000000    0
[31,]    0  0.000000  74.07407    0 13.33333    0 4.444444  0.000000    0
[32,]    0  0.000000   0.00000    0  0.00000    0 0.000000  0.000000    0
[33,]    0 16.666667   0.00000    0  0.00000    0 0.000000 11.111111    0
[34,]    0  0.000000   0.00000    0 13.33333    0 0.000000  0.000000    0
[35,]    0 33.333333   0.00000    0  0.00000    0 0.000000  5.555556    0
[36,]    0  0.000000 118.51852    0  0.00000    0 0.000000  5.555556    0
[37,]    0 72.222222   0.00000    0  0.00000    0 6.666667  0.000000    0
[38,]    0  0.000000 133.33333    0  0.00000    0 2.222222  0.000000    0
[39,]    0 55.555556   0.00000    0  0.00000    0 0.000000  0.000000    0
[40,]    0  0.000000 177.77778    0 26.66667    0 6.666667  0.000000    0
[41,]    0  0.000000   0.00000    0  0.00000    0 0.000000  0.000000    0
[42,]    0  0.000000   0.00000    0  0.00000    0 0.000000  0.000000    0
[43,]    0 44.444444   0.00000    0  0.00000    0 0.000000 11.111111    0
[44,]    0 11.111111   0.00000    0 40.00000    0 4.444444  0.000000    0
[45,]    0  0.000000 162.96296    0  0.00000    0 0.000000  0.000000    0
[46,]    0  0.000000 207.40741    0 13.33333    0 0.000000  0.000000    0
[47,]    0 16.666667 207.40741    0  0.00000    0 0.000000 16.666667    0
[48,]    0  0.000000  74.07407    0  0.00000    0 0.000000  0.000000    0
[49,]    0  0.000000   0.00000    0 13.33333    0 2.222222  0.000000    0
[50,]    0  0.000000   0.00000    0 13.33333    0 0.000000  0.000000    0

