$totdays
[1] 365

$Psampest
[1] NA

$Pbootest
      Mean       2.5%        50%      97.5% 
0.01869094 0.00000000 0.00000000 0.14908458 

$Pboots
 [1] 0.000000000 0.172297086 0.000000000 0.000000000 0.000000000 0.013185490 0.000000000
 [8] 0.001163904 0.000000000 0.000000000 0.116403801 0.000000000 0.050277047 0.000000000
[15] 0.000000000 0.001163904 0.060017603 0.000000000 0.045037323 0.049733158 0.018464173
[22] 0.000000000 0.000000000 0.001163904 0.000000000 0.000000000 0.000000000 0.018464173
[29] 0.000000000 0.000000000 0.000000000 0.000000000 0.000000000 0.158572552 0.000000000
[36] 0.001163904 0.043323753 0.000000000 0.091534496 0.000000000 0.000000000 0.036928345
[43] 0.018464173 0.002327809 0.000000000 0.000000000 0.000000000 0.000000000 0.034860252
[50] 0.000000000

$Bboots
 [1] 0.0000000000 0.0667586111 0.0000000000 0.0000000000 0.0000000000 0.0042024306
 [7] 0.0000000000 0.0003001736 0.0000000000 0.0000000000 0.0366211806 0.0000000000
[13] 0.0218526389 0.0000000000 0.0000000000 0.0003001736 0.0126673264 0.0000000000
[19] 0.0253346528 0.0279761806 0.0048027778 0.0000000000 0.0000000000 0.0003001736
[25] 0.0000000000 0.0000000000 0.0000000000 0.0048027778 0.0000000000 0.0000000000
[31] 0.0000000000 0.0000000000 0.0000000000 0.0469471528 0.0000000000 0.0003001736
[37] 0.0138079861 0.0000000000 0.0282163194 0.0000000000 0.0000000000 0.0096055556
[43] 0.0048027778 0.0006003472 0.0000000000 0.0000000000 0.0000000000 0.0000000000
[49] 0.0046226736 0.0000000000

$Nboots
 [1]  0.0000000 30.1851852  0.0000000  0.0000000  0.0000000  1.6203704  0.0000000
 [8]  0.1157407  0.0000000  0.0000000 14.1203704  0.0000000 10.3703704  0.0000000
[15]  0.0000000  0.1157407  5.7175926  0.0000000 14.2129630 14.3981481  1.8518519
[22]  0.0000000  0.0000000  0.1157407  0.0000000  0.0000000  0.0000000  1.8518519
[29]  0.0000000  0.0000000  0.0000000  0.0000000  0.0000000 25.3240741  0.0000000
[36]  0.1157407  5.3240741  0.0000000 10.8796296  0.0000000  0.0000000  3.7037037
[43]  1.8518519  0.2314815  0.0000000  0.0000000  0.0000000  0.0000000  3.4490741
[50]  0.0000000

$julians
[1] 2008 2040 2085 2122 2143 2232 2278 2283 2362

$intdays
[1] 32 45 37 21 89 46  5 79 11

$Pintsampest
[1] NA NA NA NA NA NA NA NA NA

$Pintboots
            [,1]       [,2]       [,3]       [,4]       [,5]        [,6] [,7] [,8] [,9]
 [1,]         NA         NA         NA         NA         NA          NA    0   NA   NA
 [2,] 0.02635153 0.03692835 0.05650924 0.05250797         NA          NA    0   NA   NA
 [3,]         NA         NA         NA         NA         NA          NA   NA    0   NA
 [4,]         NA         NA         NA         NA         NA          NA   NA   NA   NA
 [5,]         NA         NA         NA         NA         NA          NA   NA   NA   NA
 [6,]         NA         NA 0.01318549         NA         NA          NA   NA   NA   NA
 [7,]         NA         NA         NA         NA         NA          NA   NA   NA   NA
 [8,]         NA         NA         NA         NA         NA 0.001163904   NA   NA   NA
 [9,]         NA         NA         NA         NA         NA          NA   NA   NA   NA
[10,]         NA         NA         NA         NA         NA          NA   NA   NA   NA
[11,] 0.01317576 0.01846417 0.08476386         NA         NA          NA   NA   NA   NA
[12,]         NA         NA         NA         NA         NA          NA   NA   NA   NA
[13,]         NA         NA 0.02637098 0.02390607         NA          NA    0   NA   NA
[14,]         NA         NA         NA         NA         NA          NA    0    0   NA
[15,]         NA         NA         NA         NA         NA          NA   NA   NA   NA
[16,]         NA         NA         NA         NA         NA 0.001163904   NA   NA   NA
[17,]         NA 0.03692835         NA         NA 0.02308926          NA   NA   NA   NA
[18,]         NA         NA         NA         NA         NA          NA   NA   NA   NA
[19,]         NA         NA         NA 0.04503732         NA          NA   NA   NA   NA
[20,]         NA         NA         NA 0.04973316         NA          NA   NA   NA   NA
[21,]         NA 0.01846417         NA         NA         NA          NA    0    0   NA
[22,]         NA         NA         NA         NA         NA          NA   NA   NA   NA
[23,]         NA         NA         NA         NA         NA          NA   NA   NA   NA
[24,]         NA         NA         NA         NA         NA 0.001163904   NA   NA   NA
[25,]         NA         NA         NA         NA         NA          NA   NA   NA   NA
[26,]         NA         NA         NA         NA         NA          NA   NA   NA   NA
[27,]         NA         NA         NA         NA         NA          NA    0   NA   NA
[28,]         NA 0.01846417         NA         NA         NA          NA   NA   NA   NA
[29,]         NA         NA         NA         NA         NA          NA   NA   NA   NA
[30,]         NA         NA         NA         NA         NA          NA   NA   NA   NA
[31,]         NA         NA         NA         NA         NA          NA   NA   NA   NA
[32,]         NA         NA         NA         NA         NA          NA   NA   NA   NA
[33,]         NA         NA         NA         NA         NA          NA   NA   NA   NA
[34,]         NA         NA 0.04332375 0.04119528 0.07288962 0.001163904   NA   NA   NA
[35,]         NA         NA         NA         NA         NA          NA   NA   NA   NA
[36,]         NA         NA         NA         NA         NA 0.001163904    0   NA   NA
[37,]         NA         NA 0.04332375         NA         NA          NA   NA   NA   NA
[38,]         NA         NA         NA         NA         NA          NA   NA   NA   NA
[39,] 0.02635153 0.03692835 0.02825462         NA         NA          NA   NA   NA   NA
[40,]         NA         NA         NA         NA         NA          NA   NA   NA   NA
[41,]         NA         NA         NA         NA         NA          NA   NA   NA   NA
[42,]         NA 0.03692835         NA         NA         NA          NA   NA   NA   NA
[43,]         NA 0.01846417         NA         NA         NA          NA   NA   NA   NA
[44,]         NA         NA         NA         NA         NA 0.002327809   NA   NA   NA
[45,]         NA         NA         NA         NA         NA          NA   NA   NA   NA
[46,]         NA         NA         NA         NA         NA          NA   NA   NA   NA
[47,]         NA         NA         NA         NA         NA          NA   NA   NA   NA
[48,]         NA         NA         NA         NA         NA          NA   NA   NA   NA
[49,]         NA         NA         NA         NA 0.03486025          NA   NA   NA   NA
[50,]         NA         NA         NA         NA         NA          NA    0    0   NA

$Bdatesampinfo
      DATE JULIAN N Mean Stdev
1 07/01/11   2008 2   NA    NA
2 08/02/11   2040 3   NA    NA
3 09/16/11   2085 6   NA    NA
4 10/23/11   2122 6   NA    NA
5 11/13/11   2143 5   NA    NA
6 02/10/12   2232 6   NA    NA
7 03/27/12   2278 5   NA    NA
8 04/01/12   2283 4   NA    NA
9 06/19/12   2362 2   NA    NA

$Ndatesampinfo
      DATE JULIAN N Mean Stdev
1 07/01/11   2008 2   NA    NA
2 08/02/11   2040 3   NA    NA
3 09/16/11   2085 6   NA    NA
4 10/23/11   2122 6   NA    NA
5 11/13/11   2143 5   NA    NA
6 02/10/12   2232 6   NA    NA
7 03/27/12   2278 5   NA    NA
8 04/01/12   2283 4   NA    NA
9 06/19/12   2362 2   NA    NA

$Bdateboots
      [,1]       [,2] [,3]       [,4]       [,5]        [,6] [,7] [,8] [,9]
 [1,]    0 0.00000000    0 0.00000000 0.00000000 0.000000000    0    0    0
 [2,]    0 0.15368889    0 0.28816667 0.18442667 0.000000000    0    0    0
 [3,]    0 0.00000000    0 0.00000000 0.00000000 0.000000000    0    0    0
 [4,]    0 0.00000000    0 0.00000000 0.13832000 0.000000000    0    0    0
 [5,]    0 0.00000000    0 0.00000000 0.00000000 0.000000000    0    0    0
 [6,]    0 0.00000000    0 0.06723889 0.00000000 0.000000000    0    0    0
 [7,]    0 0.00000000    0 0.00000000 0.00000000 0.000000000    0    0    0
 [8,]    0 0.00000000    0 0.00000000 0.00000000 0.004802778    0    0    0
 [9,]    0 0.23053333    0 0.29777222 0.00000000 0.000000000    0    0    0
[10,]    0 0.00000000    0 0.00000000 0.00000000 0.000000000    0    0    0
[11,]    0 0.07684444    0 0.43225000 0.00000000 0.000000000    0    0    0
[12,]    0 0.00000000    0 0.22092778 0.00000000 0.000000000    0    0    0
[13,]    0 0.00000000    0 0.13447778 0.08068667 0.000000000    0    0    0
[14,]    0 0.00000000    0 0.00000000 0.00000000 0.000000000    0    0    0
[15,]    0 0.00000000    0 0.00000000 0.00000000 0.000000000    0    0    0
[16,]    0 0.00000000    0 0.00000000 0.00000000 0.004802778    0    0    0
[17,]    0 0.15368889    0 0.00000000 0.03458000 0.014408333    0    0    0
[18,]    0 0.00000000    0 0.00000000 0.00000000 0.000000000    0    0    0
[19,]    0 0.00000000    0 0.22092778 0.18442667 0.000000000    0    0    0
[20,]    0 0.07684444    0 0.29777222 0.14984667 0.000000000    0    0    0
[21,]    0 0.07684444    0 0.00000000 0.00000000 0.000000000    0    0    0
[22,]    0 0.15368889    0 0.21132222 0.00000000 0.000000000    0    0    0
[23,]    0 0.00000000    0 0.00000000 0.00000000 0.000000000    0    0    0
[24,]    0 0.00000000    0 0.00000000 0.00000000 0.004802778    0    0    0
[25,]    0 0.00000000    0 0.00000000 0.00000000 0.004802778    0    0    0
[26,]    0 0.00000000    0 0.00000000 0.00000000 0.009605556    0    0    0
[27,]    0 0.00000000    0 0.00000000 0.00000000 0.000000000    0    0    0
[28,]    0 0.07684444    0 0.00000000 0.00000000 0.000000000    0    0    0
[29,]    0 0.00000000    0 0.00000000 0.00000000 0.000000000    0    0    0
[30,]    0 0.00000000    0 0.00000000 0.00000000 0.000000000    0    0    0
[31,]    0 0.00000000    0 0.00000000 0.00000000 0.000000000    0    0    0
[32,]    0 0.00000000    0 0.00000000 0.00000000 0.000000000    0    0    0
[33,]    0 0.00000000    0 0.07684444 0.00000000 0.000000000    0    0    0
[34,]    0 0.00000000    0 0.22092778 0.14984667 0.004802778    0    0    0
[35,]    0 0.00000000    0 0.00000000 0.11526667 0.000000000    0    0    0
[36,]    0 0.00000000    0 0.28816667 0.00000000 0.004802778    0    0    0
[37,]    0 0.00000000    0 0.22092778 0.00000000 0.000000000    0    0    0
[38,]    0 0.00000000    0 0.00000000 0.00000000 0.000000000    0    0    0
[39,]    0 0.15368889    0 0.14408333 0.00000000 0.000000000    0    0    0
[40,]    0 0.00000000    0 0.00000000 0.00000000 0.000000000    0    0    0
[41,]    0 0.15368889    0 0.00000000 0.00000000 0.009605556    0    0    0
[42,]    0 0.15368889    0 0.00000000 0.00000000 0.000000000    0    0    0
[43,]    0 0.07684444    0 0.00000000 0.00000000 0.000000000    0    0    0
[44,]    0 0.00000000    0 0.00000000 0.00000000 0.009605556    0    0    0
[45,]    0 0.00000000    0 0.00000000 0.11526667 0.000000000    0    0    0
[46,]    0 0.00000000    0 0.00000000 0.00000000 0.000000000    0    0    0
[47,]    0 0.00000000    0 0.00000000 0.00000000 0.009605556    0    0    0
[48,]    0 0.07684444    0 0.06723889 0.00000000 0.000000000    0    0    0
[49,]    0 0.15368889    0 0.00000000 0.06916000 0.004802778    0    0    0
[50,]    0 0.00000000    0 0.00000000 0.00000000 0.000000000    0    0    0

$Ndateboots
      [,1]     [,2] [,3]      [,4]      [,5]     [,6] [,7] [,8] [,9]
 [1,]    0  0.00000    0   0.00000   0.00000 0.000000    0    0    0
 [2,]    0 59.25926    0 111.11111 142.22222 0.000000    0    0    0
 [3,]    0  0.00000    0   0.00000   0.00000 0.000000    0    0    0
 [4,]    0  0.00000    0   0.00000 106.66667 0.000000    0    0    0
 [5,]    0  0.00000    0   0.00000   0.00000 0.000000    0    0    0
 [6,]    0  0.00000    0  25.92593   0.00000 0.000000    0    0    0
 [7,]    0  0.00000    0   0.00000   0.00000 0.000000    0    0    0
 [8,]    0  0.00000    0   0.00000   0.00000 1.851852    0    0    0
 [9,]    0 88.88889    0 114.81481   0.00000 0.000000    0    0    0
[10,]    0  0.00000    0   0.00000   0.00000 0.000000    0    0    0
[11,]    0 29.62963    0 166.66667   0.00000 0.000000    0    0    0
[12,]    0  0.00000    0  85.18519   0.00000 0.000000    0    0    0
[13,]    0  0.00000    0  51.85185  62.22222 0.000000    0    0    0
[14,]    0  0.00000    0   0.00000   0.00000 0.000000    0    0    0
[15,]    0  0.00000    0   0.00000   0.00000 0.000000    0    0    0
[16,]    0  0.00000    0   0.00000   0.00000 1.851852    0    0    0
[17,]    0 59.25926    0   0.00000  26.66667 5.555556    0    0    0
[18,]    0  0.00000    0   0.00000   0.00000 0.000000    0    0    0
[19,]    0  0.00000    0  85.18519 142.22222 0.000000    0    0    0
[20,]    0 29.62963    0 114.81481 115.55556 0.000000    0    0    0
[21,]    0 29.62963    0   0.00000   0.00000 0.000000    0    0    0
[22,]    0 59.25926    0  81.48148   0.00000 0.000000    0    0    0
[23,]    0  0.00000    0   0.00000   0.00000 0.000000    0    0    0
[24,]    0  0.00000    0   0.00000   0.00000 1.851852    0    0    0
[25,]    0  0.00000    0   0.00000   0.00000 1.851852    0    0    0
[26,]    0  0.00000    0   0.00000   0.00000 3.703704    0    0    0
[27,]    0  0.00000    0   0.00000   0.00000 0.000000    0    0    0
[28,]    0 29.62963    0   0.00000   0.00000 0.000000    0    0    0
[29,]    0  0.00000    0   0.00000   0.00000 0.000000    0    0    0
[30,]    0  0.00000    0   0.00000   0.00000 0.000000    0    0    0
[31,]    0  0.00000    0   0.00000   0.00000 0.000000    0    0    0
[32,]    0  0.00000    0   0.00000   0.00000 0.000000    0    0    0
[33,]    0  0.00000    0  29.62963   0.00000 0.000000    0    0    0
[34,]    0  0.00000    0  85.18519 115.55556 1.851852    0    0    0
[35,]    0  0.00000    0   0.00000  88.88889 0.000000    0    0    0
[36,]    0  0.00000    0 111.11111   0.00000 1.851852    0    0    0
[37,]    0  0.00000    0  85.18519   0.00000 0.000000    0    0    0
[38,]    0  0.00000    0   0.00000   0.00000 0.000000    0    0    0
[39,]    0 59.25926    0  55.55556   0.00000 0.000000    0    0    0
[40,]    0  0.00000    0   0.00000   0.00000 0.000000    0    0    0
[41,]    0 59.25926    0   0.00000   0.00000 3.703704    0    0    0
[42,]    0 59.25926    0   0.00000   0.00000 0.000000    0    0    0
[43,]    0 29.62963    0   0.00000   0.00000 0.000000    0    0    0
[44,]    0  0.00000    0   0.00000   0.00000 3.703704    0    0    0
[45,]    0  0.00000    0   0.00000  88.88889 0.000000    0    0    0
[46,]    0  0.00000    0   0.00000   0.00000 0.000000    0    0    0
[47,]    0  0.00000    0   0.00000   0.00000 3.703704    0    0    0
[48,]    0 29.62963    0  25.92593   0.00000 0.000000    0    0    0
[49,]    0 59.25926    0   0.00000  53.33333 1.851852    0    0    0
[50,]    0  0.00000    0   0.00000   0.00000 0.000000    0    0    0

