$totdays
[1] 365

$Psampest
[1] NA

$Pbootest
     Mean      2.5%       50%     97.5% 
 3.008769  0.000000  0.000000 21.538968 

$Pboots
 [1] 15.481935420  9.171990524  9.600872044  0.000000000  0.000000000  0.000000000
 [7]  0.000000000  0.000000000  0.000000000  8.508095815  0.000000000  0.001230036
[13]  0.000000000 21.431332612  0.000000000  0.000000000  0.000000000  0.000000000
[19]  0.000000000  0.000000000 22.441161545 16.845898953  8.179937712  0.000000000
[25]  0.000000000  0.000000000  0.000000000  0.000000000 21.570216826  0.000000000
[31]  0.004305128  0.000000000  0.003690109  0.000000000  0.420321828 12.417281157
[37]  0.000000000  0.000000000  0.000000000  0.000000000  1.786138763  0.000000000
[43]  0.000000000  0.000000000  0.000000000  0.820029561  0.007380219  0.000000000
[49]  1.678968471  0.067686500

$Bboots
 [1] 0.4384149621 0.3226267164 0.1678310528 0.0000000000 0.0000000000 0.0000000000
 [7] 0.0000000000 0.0000000000 0.0000000000 0.2116147676 0.0000000000 0.0005833333
[13] 0.0000000000 0.4694390089 0.0000000000 0.0000000000 0.0000000000 0.0000000000
[19] 0.0000000000 0.0000000000 0.4673917679 0.4144795352 0.1793126552 0.0000000000
[25] 0.0000000000 0.0000000000 0.0000000000 0.0000000000 0.4056087561 0.0000000000
[31] 0.0020416667 0.0000000000 0.0017500000 0.0000000000 0.0158699725 0.3674291592
[37] 0.0000000000 0.0000000000 0.0000000000 0.0000000000 0.0162628513 0.0000000000
[43] 0.0000000000 0.0000000000 0.0000000000 0.0270772682 0.0035000000 0.0000000000
[49] 0.0107211846 0.0035000000

$Nboots
 [1] 78.2407407 59.2592593 18.0555556  0.0000000  0.0000000  0.0000000  0.0000000
 [8]  0.0000000  0.0000000 39.1203704  0.0000000  0.2777778  0.0000000 74.5370370
[15]  0.0000000  0.0000000  0.0000000  0.0000000  0.0000000  0.0000000 62.5000000
[22] 74.0740741 19.9074074  0.0000000  0.0000000  0.0000000  0.0000000  0.0000000
[29] 51.1574074  0.0000000  0.9722222  0.0000000  0.8333333  0.0000000  1.5277778
[36] 66.1111111  0.0000000  0.0000000  0.0000000  0.0000000  2.9166667  0.0000000
[43]  0.0000000  0.0000000  0.0000000  2.0370370  1.6666667  0.0000000  0.2777778
[50]  1.6666667

$julians
[1] 2008 2040 2085 2122 2143 2232 2278 2283 2362

$intdays
[1] 32 45 37 21 89 46  5 79 11

$Pintsampest
[1] NA NA NA NA NA NA NA NA NA

$Pintboots
          [,1]      [,2]     [,3]      [,4]     [,5]      [,6]        [,7] [,8] [,9]
 [1,] 4.585995  8.441871 2.454069        NA       NA        NA          NA   NA   NA
 [2,] 9.171991        NA       NA        NA       NA        NA          NA   NA   NA
 [3,]       NA  9.600872       NA        NA       NA        NA          NA   NA   NA
 [4,]       NA        NA       NA        NA       NA        NA          NA   NA   NA
 [5,]       NA        NA       NA        NA       NA        NA          NA   NA   NA
 [6,]       NA        NA       NA        NA       NA        NA          NA   NA   NA
 [7,]       NA        NA       NA        NA       NA        NA          NA   NA   NA
 [8,]       NA        NA       NA        NA       NA        NA          NA   NA   NA
 [9,]       NA        NA       NA        NA       NA        NA          NA   NA   NA
[10,]       NA  8.508096       NA        NA       NA        NA          NA   NA   NA
[11,]       NA        NA       NA        NA       NA        NA          NA   NA   NA
[12,]       NA        NA       NA        NA       NA        NA 0.001230036   NA   NA
[13,]       NA        NA       NA        NA       NA        NA          NA   NA   NA
[14,]       NA 21.431333       NA        NA       NA        NA          NA    0   NA
[15,]       NA        NA       NA        NA       NA        NA          NA   NA   NA
[16,]       NA        NA       NA        NA       NA        NA          NA   NA   NA
[17,]       NA        NA       NA        NA       NA        NA          NA   NA   NA
[18,]       NA        NA       NA        NA       NA        NA          NA   NA   NA
[19,]       NA        NA       NA        NA       NA        NA          NA   NA   NA
[20,]       NA        NA       NA        NA       NA        NA          NA   NA   NA
[21,]       NA 15.048617 7.392545        NA       NA        NA          NA   NA   NA
[22,]       NA 16.845899       NA        NA       NA        NA          NA    0   NA
[23,]       NA        NA 8.179938        NA       NA        NA          NA   NA   NA
[24,]       NA        NA       NA        NA       NA        NA          NA   NA   NA
[25,]       NA        NA       NA        NA       NA        NA          NA   NA   NA
[26,]       NA        NA       NA        NA       NA        NA          NA   NA   NA
[27,]       NA        NA       NA        NA       NA        NA          NA   NA   NA
[28,]       NA        NA       NA        NA       NA        NA          NA   NA   NA
[29,]       NA 21.570217       NA        NA       NA        NA          NA   NA   NA
[30,]       NA        NA       NA        NA       NA        NA          NA   NA   NA
[31,]       NA        NA       NA        NA       NA        NA 0.004305128   NA   NA
[32,]       NA        NA       NA        NA       NA        NA          NA   NA   NA
[33,]       NA        NA       NA        NA       NA        NA 0.003690109   NA   NA
[34,]       NA        NA       NA        NA       NA        NA          NA   NA   NA
[35,]       NA        NA       NA 0.4203218       NA        NA          NA   NA   NA
[36,] 9.171991        NA       NA 0.6017267 2.518453 0.1128108 0.012300364   NA   NA
[37,]       NA        NA       NA        NA       NA        NA          NA   NA   NA
[38,]       NA        NA       NA        NA       NA 0.0000000          NA   NA   NA
[39,]       NA        NA       NA        NA       NA        NA          NA   NA   NA
[40,]       NA        NA       NA        NA       NA        NA          NA   NA   NA
[41,]       NA        NA       NA        NA 1.678968 0.1071703          NA   NA   NA
[42,]       NA        NA       NA        NA       NA        NA          NA   NA   NA
[43,]       NA        NA       NA        NA       NA        NA          NA   NA   NA
[44,]       NA        NA       NA        NA       NA        NA          NA   NA   NA
[45,]       NA        NA       NA        NA       NA        NA          NA   NA   NA
[46,]       NA        NA       NA 0.8200296       NA        NA          NA   NA   NA
[47,]       NA        NA       NA        NA       NA        NA 0.007380219   NA   NA
[48,]       NA        NA       NA        NA       NA        NA          NA   NA   NA
[49,]       NA        NA       NA        NA 1.678968        NA          NA   NA   NA
[50,]       NA        NA       NA        NA       NA 0.0676865          NA   NA   NA

$Bdatesampinfo
      DATE JULIAN N Mean Stdev
1 07/01/11   2008 2   NA    NA
2 08/02/11   2040 3   NA    NA
3 09/16/11   2085 6   NA    NA
4 10/23/11   2122 6   NA    NA
5 11/13/11   2143 5   NA    NA
6 02/10/12   2232 6   NA    NA
7 03/27/12   2278 5   NA    NA
8 04/01/12   2283 4   NA    NA
9 06/19/12   2362 2   NA    NA

$Ndatesampinfo
      DATE JULIAN N Mean Stdev
1 07/01/11   2008 2   NA    NA
2 08/02/11   2040 3   NA    NA
3 09/16/11   2085 6   NA    NA
4 10/23/11   2122 6   NA    NA
5 11/13/11   2143 5   NA    NA
6 02/10/12   2232 6   NA    NA
7 03/27/12   2278 5   NA    NA
8 04/01/12   2283 4   NA    NA
9 06/19/12   2362 2   NA    NA

$Bdateboots
      [,1]     [,2]      [,3]        [,4]       [,5] [,6]        [,7] [,8] [,9]
 [1,]    0 2.581014 0.7503781 0.351855720 0.00000000    0 0.000000000    0    0
 [2,]    0 5.162027 0.0000000 0.000000000 0.00000000    0 0.000000000    0    0
 [3,]    0 0.000000 2.6852968 0.000000000 0.00000000    0 0.000000000    0    0
 [4,]    0 0.000000 0.0000000 0.000000000 0.00000000    0 0.000000000    0    0
 [5,]    0 0.000000 0.0000000 0.000000000 0.00000000    0 0.000000000    0    0
 [6,]    0 0.000000 0.0000000 0.000000000 0.00000000    0 0.000000000    0    0
 [7,]    0 0.000000 0.0000000 0.000000000 0.08576948    0 0.032666667    0    0
 [8,]    0 0.000000 0.0000000 0.000000000 0.00000000    0 0.060666667    0    0
 [9,]    0 2.581014 0.0000000 0.007777778 0.00000000    0 0.000000000    0    0
[10,]    0 2.581014 0.8048226 0.000000000 0.00000000    0 0.000000000    0    0
[11,]    0 0.000000 0.0000000 0.000000000 0.00000000    0 0.014000000    0    0
[12,]    0 0.000000 0.0000000 0.000000000 0.00000000    0 0.009333333    0    0
[13,]    0 0.000000 0.0000000 0.000000000 0.00000000    0 0.000000000    0    0
[14,]    0 5.162027 2.3489967 0.000000000 0.00000000    0 0.000000000    0    0
[15,]    0 0.000000 0.0000000 0.000000000 0.00000000    0 0.000000000    0    0
[16,]    0 0.000000 0.0000000 0.000000000 0.00000000    0 0.000000000    0    0
[17,]    0 0.000000 0.0000000 0.000000000 0.00000000    0 0.000000000    0    0
[18,]    0 0.000000 0.0000000 0.000000000 0.00000000    0 0.000000000    0    0
[19,]    0 0.000000 3.8853930 0.000000000 0.00000000    0 0.000000000    0    0
[20,]    0 0.000000 0.0000000 0.000000000 0.00000000    0 0.009333333    0    0
[21,]    0 2.581014 2.3645522 0.168150082 0.00000000    0 0.084000000    0    0
[22,]    0 5.162027 1.4696451 0.000000000 0.00000000    0 0.000000000    0    0
[23,]    0 0.000000 2.6930746 0.175927860 0.00000000    0 0.056000000    0    0
[24,]    0 0.000000 0.0000000 0.000000000 0.25730843    0 0.032666667    0    0
[25,]    0 0.000000 0.0000000 0.000000000 0.00000000    0 0.000000000    0    0
[26,]    0 0.000000 3.8931708 0.000000000 0.00000000    0 0.000000000    0    0
[27,]    0 0.000000 0.0000000 0.183705638 0.00000000    0 0.037333333    0    0
[28,]    0 0.000000 4.2605821 0.000000000 0.00000000    0 0.000000000    0    0
[29,]    0 2.581014 3.9087264 0.000000000 0.00000000    0 0.000000000    0    0
[30,]    0 0.000000 4.2061376 0.000000000 0.00000000    0 0.000000000    0    0
[31,]    0 2.581014 0.0000000 0.007777778 0.00000000    0 0.032666667    0    0
[32,]    0 0.000000 0.0000000 0.000000000 0.00000000    0 0.000000000    0    0
[33,]    0 0.000000 1.1489005 0.000000000 0.00000000    0 0.028000000    0    0
[34,]    0 0.000000 0.0000000 0.015555556 0.00000000    0 0.000000000    0    0
[35,]    0 0.000000 0.0000000 0.168150082 0.08576948    0 0.060666667    0    0
[36,]    0 5.162027 0.0000000 0.015555556 0.25730843    0 0.093333333    0    0
[37,]    0 0.000000 0.0000000 0.000000000 0.17153895    0 0.000000000    0    0
[38,]    0 0.000000 2.3412189 0.000000000 0.00000000    0 0.000000000    0    0
[39,]    0 0.000000 0.0000000 0.007777778 0.00000000    0 0.000000000    0    0
[40,]    0 0.000000 2.6541857 0.000000000 0.00000000    0 0.028000000    0    0
[41,]    0 0.000000 2.3412189 0.000000000 0.17153895    0 0.088666667    0    0
[42,]    0 0.000000 0.0000000 0.000000000 0.08576948    0 0.000000000    0    0
[43,]    0 2.581014 0.0000000 0.000000000 0.00000000    0 0.032666667    0    0
[44,]    0 0.000000 0.0000000 0.000000000 0.00000000    0 0.000000000    0    0
[45,]    0 0.000000 0.0000000 0.000000000 0.00000000    0 0.000000000    0    0
[46,]    0 0.000000 0.0000000 0.175927860 0.25730843    0 0.000000000    0    0
[47,]    0 0.000000 0.0000000 0.000000000 0.00000000    0 0.056000000    0    0
[48,]    0 0.000000 0.0000000 0.000000000 0.00000000    0 0.000000000    0    0
[49,]    0 0.000000 2.3023300 0.000000000 0.17153895    0 0.000000000    0    0
[50,]    0 0.000000 0.0000000 0.000000000 0.00000000    0 0.056000000    0    0

$Ndateboots
      [,1]     [,2]     [,3]      [,4]     [,5] [,6]      [,7] [,8] [,9]
 [1,]    0 474.0741 125.9259 51.851852 0.000000    0  0.000000    0    0
 [2,]    0 948.1481   0.0000  0.000000 0.000000    0  0.000000    0    0
 [3,]    0   0.0000 288.8889  0.000000 0.000000    0  0.000000    0    0
 [4,]    0   0.0000   0.0000  0.000000 0.000000    0  0.000000    0    0
 [5,]    0   0.0000   0.0000  0.000000 0.000000    0  0.000000    0    0
 [6,]    0   0.0000   0.0000  0.000000 0.000000    0  0.000000    0    0
 [7,]    0   0.0000   0.0000  0.000000 2.222222    0 15.555556    0    0
 [8,]    0   0.0000   0.0000  0.000000 0.000000    0 28.888889    0    0
 [9,]    0 474.0741   0.0000  3.703704 0.000000    0  0.000000    0    0
[10,]    0 474.0741 151.8519  0.000000 0.000000    0  0.000000    0    0
[11,]    0   0.0000   0.0000  0.000000 0.000000    0  6.666667    0    0
[12,]    0   0.0000   0.0000  0.000000 0.000000    0  4.444444    0    0
[13,]    0   0.0000   0.0000  0.000000 0.000000    0  0.000000    0    0
[14,]    0 948.1481 244.4444  0.000000 0.000000    0  0.000000    0    0
[15,]    0   0.0000   0.0000  0.000000 0.000000    0  0.000000    0    0
[16,]    0   0.0000   0.0000  0.000000 0.000000    0  0.000000    0    0
[17,]    0   0.0000   0.0000  0.000000 0.000000    0  0.000000    0    0
[18,]    0   0.0000   0.0000  0.000000 0.000000    0  0.000000    0    0
[19,]    0   0.0000 333.3333  0.000000 0.000000    0  0.000000    0    0
[20,]    0   0.0000   0.0000  0.000000 0.000000    0  4.444444    0    0
[21,]    0 474.0741 251.8519 22.222222 0.000000    0 40.000000    0    0
[22,]    0 948.1481 237.0370  0.000000 0.000000    0  0.000000    0    0
[23,]    0   0.0000 292.5926 25.925926 0.000000    0 26.666667    0    0
[24,]    0   0.0000   0.0000  0.000000 6.666667    0 15.555556    0    0
[25,]    0   0.0000   0.0000  0.000000 0.000000    0  0.000000    0    0
[26,]    0   0.0000 337.0370  0.000000 0.000000    0  0.000000    0    0
[27,]    0   0.0000   0.0000 29.629630 0.000000    0 17.777778    0    0
[28,]    0   0.0000 396.2963  0.000000 0.000000    0  0.000000    0    0
[29,]    0 474.0741 344.4444  0.000000 0.000000    0  0.000000    0    0
[30,]    0   0.0000 370.3704  0.000000 0.000000    0  0.000000    0    0
[31,]    0 474.0741   0.0000  3.703704 0.000000    0 15.555556    0    0
[32,]    0   0.0000   0.0000  0.000000 0.000000    0  0.000000    0    0
[33,]    0   0.0000 200.0000  0.000000 0.000000    0 13.333333    0    0
[34,]    0   0.0000   0.0000  7.407407 0.000000    0  0.000000    0    0
[35,]    0   0.0000   0.0000 22.222222 2.222222    0 28.888889    0    0
[36,]    0 948.1481   0.0000  7.407407 6.666667    0 44.444444    0    0
[37,]    0   0.0000   0.0000  0.000000 4.444444    0  0.000000    0    0
[38,]    0   0.0000 240.7407  0.000000 0.000000    0  0.000000    0    0
[39,]    0   0.0000   0.0000  3.703704 0.000000    0  0.000000    0    0
[40,]    0   0.0000 274.0741  0.000000 0.000000    0 13.333333    0    0
[41,]    0   0.0000 240.7407  0.000000 4.444444    0 42.222222    0    0
[42,]    0   0.0000   0.0000  0.000000 2.222222    0  0.000000    0    0
[43,]    0 474.0741   0.0000  0.000000 0.000000    0 15.555556    0    0
[44,]    0   0.0000   0.0000  0.000000 0.000000    0  0.000000    0    0
[45,]    0   0.0000   0.0000  0.000000 0.000000    0  0.000000    0    0
[46,]    0   0.0000   0.0000 25.925926 6.666667    0  0.000000    0    0
[47,]    0   0.0000   0.0000  0.000000 0.000000    0 26.666667    0    0
[48,]    0   0.0000   0.0000  0.000000 0.000000    0  0.000000    0    0
[49,]    0   0.0000 222.2222  0.000000 4.444444    0  0.000000    0    0
[50,]    0   0.0000   0.0000  0.000000 0.000000    0 26.666667    0    0

