$totdays
[1] 365

$Psampest
[1] 0.2210885

$Pbootest
    Mean     2.5%      50%    97.5% 
1.428210 0.000000 1.332380 2.767992 

$Pboots
 [1] 0.7796588 0.4421769 0.0000000 1.4429242 0.0000000 1.7672448 0.0000000 0.6632654
 [9] 2.5469036 2.5469036 2.5469036 0.2210885 0.0000000 0.7796588 2.7679921 1.9516065
[17] 0.7796588 2.5469036 2.3258151 0.2210885 2.9890805 0.4421769 1.0007472 1.2218357
[25] 1.9883333 1.5461564 2.5469036 1.0007472 2.3258151 2.5469036 2.5469036 2.5469036
[33] 1.0007472 0.2210885 2.5469036 0.2210885 2.5469036 1.5461564 2.3258151 1.0007472
[41] 2.7679921 2.7679921 0.4421769 0.0000000 0.0000000 0.7796588 2.3258151 2.3258151
[49] 0.7796588 0.7796588

$Bboots
 [1] 0.06260029 0.05008023 0.00000000 0.13772064 0.00000000 0.15024070 0.00000000
 [8] 0.07512035 0.21284099 0.21284099 0.21284099 0.02504012 0.00000000 0.06260029
[15] 0.23788110 0.11268052 0.06260029 0.21284099 0.18780087 0.02504012 0.26292122
[22] 0.05008023 0.08764041 0.11268052 0.17528081 0.12520058 0.21284099 0.08764041
[29] 0.18780087 0.21284099 0.21284099 0.21284099 0.08764041 0.02504012 0.21284099
[36] 0.02504012 0.21284099 0.12520058 0.18780087 0.08764041 0.23788110 0.23788110
[43] 0.05008023 0.00000000 0.00000000 0.06260029 0.18780087 0.18780087 0.06260029
[50] 0.06260029

$Nboots
 [1]  5.555556  4.444444  0.000000 12.222222  0.000000 13.333333  0.000000  6.666667
 [9] 18.888889 18.888889 18.888889  2.222222  0.000000  5.555556 21.111111 10.000000
[17]  5.555556 18.888889 16.666667  2.222222 23.333333  4.444444  7.777778 10.000000
[25] 15.555556 11.111111 18.888889  7.777778 16.666667 18.888889 18.888889 18.888889
[33]  7.777778  2.222222 18.888889  2.222222 18.888889 11.111111 16.666667  7.777778
[41] 21.111111 21.111111  4.444444  0.000000  0.000000  5.555556 16.666667 16.666667
[49]  5.555556  5.555556

$julians
[1] 2008 2040 2085 2122 2143 2232 2278 2283 2362

$intdays
[1] 32 45 37 21 89 46  5 79 11

$Pintsampest
[1] 0.00000000 0.15329952 0.06778894 0.00000000 0.00000000 0.00000000 0.00000000
[8] 0.00000000 0.00000000

$Pintboots
           [,1]      [,2]       [,3] [,4] [,5] [,6] [,7]     [,8]      [,9]
 [1,] 0.6633344 0.0000000 0.00000000    0    0    0    0 0.000000 0.1163243
 [2,] 0.0000000 0.3065990 0.13557788    0    0    0    0 0.000000 0.0000000
 [3,] 0.0000000 0.0000000 0.00000000    0    0    0    0 0.000000 0.0000000
 [4,] 0.6633344 0.4598986 0.20336683    0    0    0    0 0.000000 0.1163243
 [5,] 0.0000000 0.0000000 0.00000000    0    0    0    0 0.000000 0.0000000
 [6,] 0.6633344 0.9197971 0.06778894    0    0    0    0 0.000000 0.1163243
 [7,] 0.0000000 0.0000000 0.00000000    0    0    0    0 0.000000 0.0000000
 [8,] 0.0000000 0.4598986 0.20336683    0    0    0    0 0.000000 0.0000000
 [9,] 1.3266689 0.9197971 0.06778894    0    0    0    0 0.000000 0.2326486
[10,] 1.3266689 0.9197971 0.06778894    0    0    0    0 0.000000 0.2326486
[11,] 1.3266689 0.9197971 0.06778894    0    0    0    0 0.000000 0.2326486
[12,] 0.0000000 0.1532995 0.06778894    0    0    0    0 0.000000 0.0000000
[13,] 0.0000000 0.0000000 0.00000000    0    0    0    0 0.000000 0.0000000
[14,] 0.6633344 0.0000000 0.00000000    0    0    0    0 0.000000 0.1163243
[15,] 1.3266689 1.0730967 0.13557788    0    0    0    0 0.000000 0.2326486
[16,] 0.0000000 0.3065990 0.13557788    0    0    0    0 1.393105 0.1163243
[17,] 0.6633344 0.0000000 0.00000000    0    0    0    0 0.000000 0.1163243
[18,] 1.3266689 0.9197971 0.06778894    0    0    0    0 0.000000 0.2326486
[19,] 1.3266689 0.7664976 0.00000000    0    0    0    0 0.000000 0.2326486
[20,] 0.0000000 0.1532995 0.06778894    0    0    0    0 0.000000 0.0000000
[21,] 1.3266689 1.2263962 0.20336683    0    0    0    0 0.000000 0.2326486
[22,] 0.0000000 0.3065990 0.13557788    0    0    0    0 0.000000 0.0000000
[23,] 0.6633344 0.1532995 0.06778894    0    0    0    0 0.000000 0.1163243
[24,] 0.6633344 0.3065990 0.13557788    0    0    0    0 0.000000 0.1163243
[25,] 0.6633344 1.0730967 0.13557788    0    0    0    0 0.000000 0.1163243
[26,] 0.6633344 0.7664976 0.00000000    0    0    0    0 0.000000 0.1163243
[27,] 1.3266689 0.9197971 0.06778894    0    0    0    0 0.000000 0.2326486
[28,] 0.6633344 0.1532995 0.06778894    0    0    0    0 0.000000 0.1163243
[29,] 1.3266689 0.7664976 0.00000000    0    0    0    0 0.000000 0.2326486
[30,] 1.3266689 0.9197971 0.06778894    0    0    0    0 0.000000 0.2326486
[31,] 1.3266689 0.9197971 0.06778894    0    0    0    0 0.000000 0.2326486
[32,] 1.3266689 0.9197971 0.06778894    0    0    0    0 0.000000 0.2326486
[33,] 0.6633344 0.1532995 0.06778894    0    0    0    0 0.000000 0.1163243
[34,] 0.0000000 0.1532995 0.06778894    0    0    0    0 0.000000 0.0000000
[35,] 1.3266689 0.9197971 0.06778894    0    0    0    0 0.000000 0.2326486
[36,] 0.0000000 0.1532995 0.06778894    0    0    0    0 0.000000 0.0000000
[37,] 1.3266689 0.9197971 0.06778894    0    0    0    0 0.000000 0.2326486
[38,] 0.6633344 0.7664976 0.00000000    0    0    0    0 0.000000 0.1163243
[39,] 1.3266689 0.7664976 0.00000000    0    0    0    0 0.000000 0.2326486
[40,] 0.6633344 0.1532995 0.06778894    0    0    0    0 0.000000 0.1163243
[41,] 1.3266689 1.0730967 0.13557788    0    0    0    0 0.000000 0.2326486
[42,] 1.3266689 1.0730967 0.13557788    0    0    0    0 0.000000 0.2326486
[43,] 0.0000000 0.3065990 0.13557788    0    0    0    0 0.000000 0.0000000
[44,] 0.0000000 0.0000000 0.00000000    0    0    0    0 0.000000 0.0000000
[45,] 0.0000000 0.0000000 0.00000000    0    0    0    0 0.000000 0.0000000
[46,] 0.6633344 0.0000000 0.00000000    0    0    0    0 0.000000 0.1163243
[47,] 1.3266689 0.7664976 0.00000000    0    0    0    0 0.000000 0.2326486
[48,] 1.3266689 0.7664976 0.00000000    0    0    0    0 0.000000 0.2326486
[49,] 0.6633344 0.0000000 0.00000000    0    0    0    0 0.000000 0.1163243
[50,] 0.6633344 0.0000000 0.00000000    0    0    0    0 0.000000 0.1163243

$Bdatesampinfo
      DATE JULIAN N      Mean     Stdev
1 07/01/11   2008 1 0.0000000        NA
2 08/02/11   2040 1 0.0000000        NA
3 09/16/11   2085 5 0.2003209 0.4479312
4 10/23/11   2122 5 0.0000000 0.0000000
5 11/13/11   2143 4 0.0000000 0.0000000
6 02/10/12   2232 5 0.0000000 0.0000000
7 03/27/12   2278 4 0.0000000 0.0000000
8 04/01/12   2283 3 0.0000000 0.0000000
9 06/19/12   2362 1 0.0000000        NA

$Ndatesampinfo
      DATE JULIAN N     Mean    Stdev
1 07/01/11   2008 1  0.00000       NA
2 08/02/11   2040 1  0.00000       NA
3 09/16/11   2085 5 17.77778 39.75232
4 10/23/11   2122 5  0.00000  0.00000
5 11/13/11   2143 4  0.00000  0.00000
6 02/10/12   2232 5  0.00000  0.00000
7 03/27/12   2278 4  0.00000  0.00000
8 04/01/12   2283 3  0.00000  0.00000
9 06/19/12   2362 1  0.00000       NA

$Bdateboots
          [,1]     [,2]      [,3] [,4] [,5] [,6] [,7] [,8]     [,9]
 [1,] 1.001605 0.000000 0.0000000    0    0    0    0    0 0.000000
 [2,] 0.000000 0.000000 0.4006419    0    0    0    0    0 0.000000
 [3,] 0.000000 0.000000 0.0000000    0    0    0    0    0 0.000000
 [4,] 1.001605 0.000000 0.6009628    0    0    0    0    0 0.000000
 [5,] 0.000000 0.000000 0.0000000    0    0    0    0    0 0.000000
 [6,] 0.000000 1.001605 0.2003209    0    0    0    0    0 0.000000
 [7,] 0.000000 0.000000 0.0000000    0    0    0    0    0 0.000000
 [8,] 0.000000 0.000000 0.6009628    0    0    0    0    0 0.000000
 [9,] 1.001605 1.001605 0.2003209    0    0    0    0    0 0.000000
[10,] 1.001605 1.001605 0.2003209    0    0    0    0    0 0.000000
[11,] 1.001605 1.001605 0.2003209    0    0    0    0    0 0.000000
[12,] 0.000000 0.000000 0.2003209    0    0    0    0    0 0.000000
[13,] 0.000000 0.000000 0.0000000    0    0    0    0    0 0.000000
[14,] 1.001605 0.000000 0.0000000    0    0    0    0    0 0.000000
[15,] 1.001605 1.001605 0.4006419    0    0    0    0    0 0.000000
[16,] 0.000000 0.000000 0.4006419    0    0    0    0    0 1.001605
[17,] 1.001605 0.000000 0.0000000    0    0    0    0    0 0.000000
[18,] 1.001605 1.001605 0.2003209    0    0    0    0    0 0.000000
[19,] 1.001605 1.001605 0.0000000    0    0    0    0    0 0.000000
[20,] 0.000000 0.000000 0.2003209    0    0    0    0    0 0.000000
[21,] 1.001605 1.001605 0.6009628    0    0    0    0    0 0.000000
[22,] 0.000000 0.000000 0.4006419    0    0    0    0    0 0.000000
[23,] 1.001605 0.000000 0.2003209    0    0    0    0    0 0.000000
[24,] 1.001605 0.000000 0.4006419    0    0    0    0    0 0.000000
[25,] 0.000000 1.001605 0.4006419    0    0    0    0    0 0.000000
[26,] 0.000000 1.001605 0.0000000    0    0    0    0    0 0.000000
[27,] 1.001605 1.001605 0.2003209    0    0    0    0    0 0.000000
[28,] 1.001605 0.000000 0.2003209    0    0    0    0    0 0.000000
[29,] 1.001605 1.001605 0.0000000    0    0    0    0    0 0.000000
[30,] 1.001605 1.001605 0.2003209    0    0    0    0    0 0.000000
[31,] 1.001605 1.001605 0.2003209    0    0    0    0    0 0.000000
[32,] 1.001605 1.001605 0.2003209    0    0    0    0    0 0.000000
[33,] 1.001605 0.000000 0.2003209    0    0    0    0    0 0.000000
[34,] 0.000000 0.000000 0.2003209    0    0    0    0    0 0.000000
[35,] 1.001605 1.001605 0.2003209    0    0    0    0    0 0.000000
[36,] 0.000000 0.000000 0.2003209    0    0    0    0    0 0.000000
[37,] 1.001605 1.001605 0.2003209    0    0    0    0    0 0.000000
[38,] 0.000000 1.001605 0.0000000    0    0    0    0    0 0.000000
[39,] 1.001605 1.001605 0.0000000    0    0    0    0    0 0.000000
[40,] 1.001605 0.000000 0.2003209    0    0    0    0    0 0.000000
[41,] 1.001605 1.001605 0.4006419    0    0    0    0    0 0.000000
[42,] 1.001605 1.001605 0.4006419    0    0    0    0    0 0.000000
[43,] 0.000000 0.000000 0.4006419    0    0    0    0    0 0.000000
[44,] 0.000000 0.000000 0.0000000    0    0    0    0    0 0.000000
[45,] 0.000000 0.000000 0.0000000    0    0    0    0    0 0.000000
[46,] 1.001605 0.000000 0.0000000    0    0    0    0    0 0.000000
[47,] 1.001605 1.001605 0.0000000    0    0    0    0    0 0.000000
[48,] 1.001605 1.001605 0.0000000    0    0    0    0    0 0.000000
[49,] 1.001605 0.000000 0.0000000    0    0    0    0    0 0.000000
[50,] 1.001605 0.000000 0.0000000    0    0    0    0    0 0.000000

$Ndateboots
          [,1]     [,2]     [,3] [,4] [,5] [,6] [,7] [,8]     [,9]
 [1,] 88.88889  0.00000  0.00000    0    0    0    0    0  0.00000
 [2,]  0.00000  0.00000 35.55556    0    0    0    0    0  0.00000
 [3,]  0.00000  0.00000  0.00000    0    0    0    0    0  0.00000
 [4,] 88.88889  0.00000 53.33333    0    0    0    0    0  0.00000
 [5,]  0.00000  0.00000  0.00000    0    0    0    0    0  0.00000
 [6,]  0.00000 88.88889 17.77778    0    0    0    0    0  0.00000
 [7,]  0.00000  0.00000  0.00000    0    0    0    0    0  0.00000
 [8,]  0.00000  0.00000 53.33333    0    0    0    0    0  0.00000
 [9,] 88.88889 88.88889 17.77778    0    0    0    0    0  0.00000
[10,] 88.88889 88.88889 17.77778    0    0    0    0    0  0.00000
[11,] 88.88889 88.88889 17.77778    0    0    0    0    0  0.00000
[12,]  0.00000  0.00000 17.77778    0    0    0    0    0  0.00000
[13,]  0.00000  0.00000  0.00000    0    0    0    0    0  0.00000
[14,] 88.88889  0.00000  0.00000    0    0    0    0    0  0.00000
[15,] 88.88889 88.88889 35.55556    0    0    0    0    0  0.00000
[16,]  0.00000  0.00000 35.55556    0    0    0    0    0 88.88889
[17,] 88.88889  0.00000  0.00000    0    0    0    0    0  0.00000
[18,] 88.88889 88.88889 17.77778    0    0    0    0    0  0.00000
[19,] 88.88889 88.88889  0.00000    0    0    0    0    0  0.00000
[20,]  0.00000  0.00000 17.77778    0    0    0    0    0  0.00000
[21,] 88.88889 88.88889 53.33333    0    0    0    0    0  0.00000
[22,]  0.00000  0.00000 35.55556    0    0    0    0    0  0.00000
[23,] 88.88889  0.00000 17.77778    0    0    0    0    0  0.00000
[24,] 88.88889  0.00000 35.55556    0    0    0    0    0  0.00000
[25,]  0.00000 88.88889 35.55556    0    0    0    0    0  0.00000
[26,]  0.00000 88.88889  0.00000    0    0    0    0    0  0.00000
[27,] 88.88889 88.88889 17.77778    0    0    0    0    0  0.00000
[28,] 88.88889  0.00000 17.77778    0    0    0    0    0  0.00000
[29,] 88.88889 88.88889  0.00000    0    0    0    0    0  0.00000
[30,] 88.88889 88.88889 17.77778    0    0    0    0    0  0.00000
[31,] 88.88889 88.88889 17.77778    0    0    0    0    0  0.00000
[32,] 88.88889 88.88889 17.77778    0    0    0    0    0  0.00000
[33,] 88.88889  0.00000 17.77778    0    0    0    0    0  0.00000
[34,]  0.00000  0.00000 17.77778    0    0    0    0    0  0.00000
[35,] 88.88889 88.88889 17.77778    0    0    0    0    0  0.00000
[36,]  0.00000  0.00000 17.77778    0    0    0    0    0  0.00000
[37,] 88.88889 88.88889 17.77778    0    0    0    0    0  0.00000
[38,]  0.00000 88.88889  0.00000    0    0    0    0    0  0.00000
[39,] 88.88889 88.88889  0.00000    0    0    0    0    0  0.00000
[40,] 88.88889  0.00000 17.77778    0    0    0    0    0  0.00000
[41,] 88.88889 88.88889 35.55556    0    0    0    0    0  0.00000
[42,] 88.88889 88.88889 35.55556    0    0    0    0    0  0.00000
[43,]  0.00000  0.00000 35.55556    0    0    0    0    0  0.00000
[44,]  0.00000  0.00000  0.00000    0    0    0    0    0  0.00000
[45,]  0.00000  0.00000  0.00000    0    0    0    0    0  0.00000
[46,] 88.88889  0.00000  0.00000    0    0    0    0    0  0.00000
[47,] 88.88889 88.88889  0.00000    0    0    0    0    0  0.00000
[48,] 88.88889 88.88889  0.00000    0    0    0    0    0  0.00000
[49,] 88.88889  0.00000  0.00000    0    0    0    0    0  0.00000
[50,] 88.88889  0.00000  0.00000    0    0    0    0    0  0.00000

