$totdays
[1] 365

$Psampest
[1] NA

$Pbootest
    Mean     2.5%      50%    97.5% 
101.6193   0.0000   0.0000 515.2816 

$Pboots
 [1]  27.676521 269.122994   0.000000   0.000000   0.000000   0.000000 511.461006
 [8]  11.462884 403.684491 516.390768 230.881053   0.000000 206.707130  33.722182
[15]   0.000000   0.000000 197.639235 197.639235   0.000000  37.952216   0.000000
[22]   0.000000   0.000000 157.682241 134.561497   0.000000   0.000000 403.684491
[29]  90.612085   0.000000   0.000000   0.000000  20.980096  55.027555 215.775024
[36] 188.571341   0.000000 224.990013   0.000000 938.395187   0.000000   0.000000
[43]   0.000000   0.000000   0.000000   0.000000   0.000000   3.172404   3.172404
[50]   0.000000

$Bboots
 [1]   8.8208293  98.0436071   0.0000000   0.0000000   0.0000000   0.0000000 123.2668925
 [8]  27.1355901 147.0654106 169.9221827  30.6114374   0.0000000  53.7391058   4.4716125
[15]   0.0000000   0.0000000  51.3804547  51.3804547   0.0000000   5.0325136   0.0000000
[22]   0.0000000   0.0000000  52.0877034  49.0218035   0.0000000   0.0000000 147.0654106
[29] 113.0291410   0.0000000   0.0000000   0.0000000  29.5899583  11.3243538  56.0977570
[36]  49.0218035   0.0000000  55.0072556   0.0000000 260.8571479   0.0000000   0.0000000
[43]   0.0000000   0.0000000   0.0000000   0.0000000   0.0000000   0.8181227   0.8181227
[50]   0.0000000

$Nboots
 [1]  6.2500000  1.3888889  0.0000000  0.0000000  0.0000000  0.0000000 17.3148148
 [8]  0.3472222  2.0833333 16.5740741  5.1157407  0.0000000  4.3981481  1.6203704
[15]  0.0000000  0.0000000  2.5462963  2.5462963  0.0000000  1.6203704  0.0000000
[22]  0.0000000  0.0000000  2.3611111  0.6944444  0.0000000  0.0000000  2.0833333
[29]  6.5277778  0.0000000  0.0000000  0.0000000  0.6944444  4.5833333  6.2500000
[36]  0.6944444  0.0000000  4.2129630  0.0000000  3.4722222  0.0000000  0.0000000
[43]  0.0000000  0.0000000  0.0000000  0.0000000  0.0000000  0.1157407  0.1157407
[50]  0.0000000

$julians
[1] 2008 2040 2085 2122 2143 2232 2278 2283 2362

$intdays
[1] 32 45 37 21 89 46  5 79 11

$Pintsampest
[1] NA NA NA NA NA NA NA NA NA

$Pintboots
          [,1]     [,2]     [,3]      [,4]      [,5]     [,6]     [,7]     [,8]   [,9]
 [1,]       NA       NA 27.67652        NA        NA       NA       NA       NA     NA
 [2,] 269.1230       NA       NA        NA        NA       NA       NA       NA     NA
 [3,]       NA       NA       NA        NA        NA       NA       NA       NA     NA
 [4,]       NA       NA       NA        NA        NA       NA       NA       NA     NA
 [5,]       NA       NA       NA        NA        NA       NA       NA       NA     NA
 [6,]       NA       NA       NA        NA        NA       NA       NA       NA     NA
 [7,]       NA 197.6392 21.15292 60.353837 229.14261 3.172404       NA       NA     NA
 [8,]       NA       NA       NA        NA        NA       NA 11.46288       NA     NA
 [9,] 403.6845       NA       NA        NA        NA       NA       NA       NA     NA
[10,]       NA       NA 40.49169 86.186952        NA       NA 22.92577 366.7864     NA
[11,]       NA       NA       NA        NA 230.88105       NA       NA       NA     NA
[12,]       NA       NA       NA        NA        NA       NA       NA       NA     NA
[13,]       NA 206.7071       NA        NA        NA       NA       NA       NA     NA
[14,]       NA       NA       NA        NA  33.72218       NA       NA       NA     NA
[15,]       NA       NA       NA        NA        NA       NA       NA       NA     NA
[16,]       NA       NA       NA        NA        NA       NA       NA       NA     NA
[17,]       NA 197.6392       NA        NA        NA       NA       NA       NA     NA
[18,]       NA 197.6392       NA        NA        NA       NA       NA       NA     NA
[19,]       NA       NA       NA        NA        NA       NA       NA       NA     NA
[20,]       NA       NA       NA        NA  37.95222       NA       NA       NA     NA
[21,]       NA       NA       NA        NA        NA       NA       NA       NA     NA
[22,]       NA       NA       NA        NA        NA       NA       NA       NA     NA
[23,]       NA       NA       NA        NA        NA       NA       NA       NA     NA
[24,] 134.5615       NA       NA        NA  23.12074       NA       NA       NA     NA
[25,] 134.5615       NA       NA        NA        NA       NA       NA       NA     NA
[26,]       NA       NA       NA        NA        NA       NA       NA       NA     NA
[27,]       NA       NA       NA        NA        NA       NA       NA       NA     NA
[28,] 403.6845       NA       NA        NA        NA       NA       NA       NA     NA
[29,]       NA       NA       NA 56.223432        NA       NA 34.38865       NA     NA
[30,]       NA       NA       NA        NA        NA       NA       NA       NA     NA
[31,]       NA       NA       NA        NA        NA       NA       NA       NA     NA
[32,]       NA       NA       NA        NA        NA       NA       NA       NA     NA
[33,]       NA       NA       NA        NA        NA 9.517212 11.46288       NA     NA
[34,]       NA       NA       NA  9.368424  45.65913       NA       NA       NA     NA
[35,]       NA 215.7750       NA        NA        NA       NA       NA       NA     NA
[36,]       NA 188.5713       NA        NA        NA       NA       NA       NA     NA
[37,]       NA       NA       NA        NA        NA       NA       NA       NA     NA
[38,]       NA 197.6392       NA        NA  27.35078       NA       NA       NA     NA
[39,]       NA       NA       NA        NA        NA       NA       NA       NA     NA
[40,] 269.1230       NA       NA        NA        NA       NA 34.38865 550.1795 84.704
[41,]       NA       NA       NA        NA        NA       NA       NA       NA     NA
[42,]       NA       NA       NA        NA        NA       NA       NA       NA     NA
[43,]       NA       NA       NA        NA        NA       NA       NA       NA     NA
[44,]       NA       NA       NA        NA        NA       NA       NA       NA     NA
[45,]       NA       NA       NA        NA        NA       NA       NA   0.0000     NA
[46,]       NA       NA       NA        NA        NA       NA       NA       NA     NA
[47,]       NA       NA       NA        NA        NA       NA       NA       NA     NA
[48,]       NA       NA       NA        NA        NA 3.172404       NA       NA     NA
[49,]       NA       NA       NA        NA        NA 3.172404       NA       NA     NA
[50,]       NA       NA       NA        NA        NA       NA       NA       NA     NA

$Bdatesampinfo
      DATE JULIAN N Mean Stdev
1 07/01/11   2008 2   NA    NA
2 08/02/11   2040 3   NA    NA
3 09/16/11   2085 6   NA    NA
4 10/23/11   2122 6   NA    NA
5 11/13/11   2143 5   NA    NA
6 02/10/12   2232 6   NA    NA
7 03/27/12   2278 5   NA    NA
8 04/01/12   2283 4   NA    NA
9 06/19/12   2362 2   NA    NA

$Ndatesampinfo
      DATE JULIAN N Mean Stdev
1 07/01/11   2008 2   NA    NA
2 08/02/11   2040 3   NA    NA
3 09/16/11   2085 6   NA    NA
4 10/23/11   2122 6   NA    NA
5 11/13/11   2143 5   NA    NA
6 02/10/12   2232 6   NA    NA
7 03/27/12   2278 5   NA    NA
8 04/01/12   2283 4   NA    NA
9 06/19/12   2362 2   NA    NA

$Bdateboots
      [,1]      [,2]      [,3]      [,4]      [,5]     [,6] [,7]      [,8] [,9]
 [1,]    0    0.0000 113.21525  27.91801   0.00000  0.00000    0    0.0000    0
 [2,]    0 1568.6977   0.00000   0.00000   0.00000  0.00000    0    0.0000    0
 [3,]    0    0.0000   0.00000   0.00000   0.00000  0.00000    0  868.3389    0
 [4,]    0    0.0000   0.00000   0.00000   0.00000  0.00000    0    0.0000    0
 [5,]    0  784.3489   0.00000   0.00000   0.00000  0.00000    0    0.0000    0
 [6,]    0    0.0000   0.00000   0.00000  41.67735  0.00000    0    0.0000    0
 [7,]    0  784.3489  37.73842  70.12782 473.00451 13.08996    0    0.0000    0
 [8,]    0    0.0000   0.00000   0.00000   0.00000  0.00000    0  434.1694    0
 [9,]    0 2353.0466   0.00000   0.00000 489.35598  0.00000    0    0.0000    0
[10,]    0    0.0000 113.21525  93.26264 682.33662  0.00000    0  868.3389    0
[11,]    0    0.0000   0.00000   0.00000 476.69303 13.08996    0    0.0000    0
[12,]    0    0.0000   0.00000   0.00000   0.00000  0.00000    0    0.0000    0
[13,]    0  784.3489  75.47684   0.00000 460.34157  0.00000    0    0.0000    0
[14,]    0    0.0000   0.00000   0.00000  45.36587 26.17993    0    0.0000    0
[15,]    0    0.0000   0.00000   0.00000 691.31104  0.00000    0    0.0000    0
[16,]    0    0.0000   0.00000   0.00000 259.98388  0.00000    0    0.0000    0
[17,]    0  784.3489  37.73842   0.00000   0.00000  0.00000    0    0.0000    0
[18,]    0  784.3489  37.73842   0.00000   0.00000  0.00000    0    0.0000    0
[19,]    0    0.0000 113.21525   0.00000 251.00946  0.00000    0    0.0000    0
[20,]    0    0.0000  37.73842   0.00000  54.34029 26.17993    0    0.0000    0
[21,]    0    0.0000   0.00000   0.00000 271.04945  0.00000    0    0.0000    0
[22,]    0    0.0000   0.00000 119.80402   0.00000  0.00000    0    0.0000    0
[23,]    0    0.0000  75.47684   0.00000   0.00000  0.00000    0    0.0000    0
[24,]    0  784.3489   0.00000   0.00000  49.05440  0.00000    0    0.0000    0
[25,]    0  784.3489   0.00000   0.00000   0.00000  0.00000    0    0.0000    0
[26,]    0    0.0000   0.00000 100.07575   0.00000 13.08996    0    0.0000    0
[27,]    0    0.0000   0.00000   0.00000 267.36092  0.00000    0    0.0000    0
[28,]    0 2353.0466   0.00000   0.00000  45.36587  0.00000    0    0.0000    0
[29,]    0    0.0000   0.00000  45.61636 460.34157  0.00000    0 1302.5083    0
[30,]    0    0.0000   0.00000 123.21057   0.00000  0.00000    0    0.0000    0
[31,]    0    0.0000   0.00000   0.00000   0.00000  0.00000    0    0.0000    0
[32,]    0    0.0000   0.00000   0.00000   0.00000  0.00000    0  868.3389    0
[33,]    0    0.0000  37.73842   0.00000   0.00000 39.26989    0  434.1694    0
[34,]    0 1568.6977   0.00000  13.62622  70.69176 26.17993    0    0.0000    0
[35,]    0  784.3489 113.21525   0.00000   0.00000  0.00000    0    0.0000    0
[36,]    0  784.3489   0.00000   0.00000   0.00000  0.00000    0    0.0000    0
[37,]    0    0.0000   0.00000   0.00000   0.00000  0.00000    0    0.0000    0
[38,]    0  784.3489  37.73842   0.00000  58.02881  0.00000    0    0.0000    0
[39,]    0    0.0000   0.00000   0.00000   0.00000  0.00000    0    0.0000    0
[40,]    0 1568.6977   0.00000   0.00000   0.00000  0.00000    0 1302.5083    0
[41,]    0    0.0000   0.00000  10.21967   0.00000  0.00000    0    0.0000    0
[42,]    0 1568.6977   0.00000   0.00000   0.00000  0.00000    0    0.0000    0
[43,]    0    0.0000   0.00000 102.10567   0.00000  0.00000    0    0.0000    0
[44,]    0  784.3489   0.00000  89.85608   0.00000  0.00000    0    0.0000    0
[45,]    0  784.3489   0.00000  31.32457   0.00000 13.08996    0    0.0000    0
[46,]    0    0.0000   0.00000 162.01382   0.00000  0.00000    0    0.0000    0
[47,]    0    0.0000   0.00000   0.00000   0.00000  0.00000    0  868.3389    0
[48,]    0    0.0000   0.00000 105.51222   0.00000 13.08996    0    0.0000    0
[49,]    0    0.0000   0.00000 116.39746   0.00000 13.08996    0    0.0000    0
[50,]    0    0.0000 113.21525   0.00000  58.02881  0.00000    0    0.0000    0

$Ndateboots
      [,1]     [,2]     [,3]      [,4]      [,5]     [,6] [,7]      [,8] [,9]
 [1,]    0  0.00000 88.88889 11.111111   0.00000 0.000000    0  0.000000    0
 [2,]    0 22.22222  0.00000  0.000000   0.00000 0.000000    0  0.000000    0
 [3,]    0  0.00000  0.00000  0.000000   0.00000 0.000000    0 11.111111    0
 [4,]    0  0.00000  0.00000  0.000000   0.00000 0.000000    0  0.000000    0
 [5,]    0 11.11111  0.00000  0.000000   0.00000 0.000000    0  0.000000    0
 [6,]    0  0.00000  0.00000  0.000000  17.77778 0.000000    0  0.000000    0
 [7,]    0 11.11111 29.62963 25.925926  75.55556 1.851852    0  0.000000    0
 [8,]    0  0.00000  0.00000  0.000000   0.00000 0.000000    0  5.555556    0
 [9,]    0 33.33333  0.00000  0.000000  84.44444 0.000000    0  0.000000    0
[10,]    0  0.00000 88.88889 25.925926 102.22222 0.000000    0 11.111111    0
[11,]    0  0.00000  0.00000  0.000000  80.00000 1.851852    0  0.000000    0
[12,]    0  0.00000  0.00000  0.000000   0.00000 0.000000    0  0.000000    0
[13,]    0 11.11111 59.25926  0.000000  71.11111 0.000000    0  0.000000    0
[14,]    0  0.00000  0.00000  0.000000  22.22222 3.703704    0  0.000000    0
[15,]    0  0.00000  0.00000  0.000000 102.22222 0.000000    0  0.000000    0
[16,]    0  0.00000  0.00000  0.000000  44.44444 0.000000    0  0.000000    0
[17,]    0 11.11111 29.62963  0.000000   0.00000 0.000000    0  0.000000    0
[18,]    0 11.11111 29.62963  0.000000   0.00000 0.000000    0  0.000000    0
[19,]    0  0.00000 88.88889  0.000000  44.44444 0.000000    0  0.000000    0
[20,]    0  0.00000 29.62963  0.000000  22.22222 3.703704    0  0.000000    0
[21,]    0  0.00000  0.00000  0.000000  57.77778 0.000000    0  0.000000    0
[22,]    0  0.00000  0.00000 27.777778   0.00000 0.000000    0  0.000000    0
[23,]    0  0.00000 59.25926  0.000000   0.00000 0.000000    0  0.000000    0
[24,]    0 11.11111  0.00000  0.000000  26.66667 0.000000    0  0.000000    0
[25,]    0 11.11111  0.00000  0.000000   0.00000 0.000000    0  0.000000    0
[26,]    0  0.00000  0.00000 29.629630   0.00000 1.851852    0  0.000000    0
[27,]    0  0.00000  0.00000  0.000000  53.33333 0.000000    0  0.000000    0
[28,]    0 33.33333  0.00000  0.000000  22.22222 0.000000    0  0.000000    0
[29,]    0  0.00000  0.00000 16.666667  71.11111 0.000000    0 16.666667    0
[30,]    0  0.00000  0.00000 29.629630   0.00000 0.000000    0  0.000000    0
[31,]    0  0.00000  0.00000  0.000000   0.00000 0.000000    0  0.000000    0
[32,]    0  0.00000  0.00000  0.000000   0.00000 0.000000    0 11.111111    0
[33,]    0  0.00000 29.62963  0.000000   0.00000 5.555556    0  5.555556    0
[34,]    0 22.22222  0.00000  7.407407  31.11111 3.703704    0  0.000000    0
[35,]    0 11.11111 88.88889  0.000000   0.00000 0.000000    0  0.000000    0
[36,]    0 11.11111  0.00000  0.000000   0.00000 0.000000    0  0.000000    0
[37,]    0  0.00000  0.00000  0.000000   0.00000 0.000000    0  0.000000    0
[38,]    0 11.11111 29.62963  0.000000  26.66667 0.000000    0  0.000000    0
[39,]    0  0.00000  0.00000  0.000000   0.00000 0.000000    0  0.000000    0
[40,]    0 22.22222  0.00000  0.000000   0.00000 0.000000    0 16.666667    0
[41,]    0  0.00000  0.00000  5.555556   0.00000 0.000000    0  0.000000    0
[42,]    0 22.22222  0.00000  0.000000   0.00000 0.000000    0  0.000000    0
[43,]    0  0.00000  0.00000 22.222222   0.00000 0.000000    0  0.000000    0
[44,]    0 11.11111  0.00000 24.074074   0.00000 0.000000    0  0.000000    0
[45,]    0 11.11111  0.00000 12.962963   0.00000 1.851852    0  0.000000    0
[46,]    0  0.00000  0.00000 42.592593   0.00000 0.000000    0  0.000000    0
[47,]    0  0.00000  0.00000  0.000000   0.00000 0.000000    0 11.111111    0
[48,]    0  0.00000  0.00000 24.074074   0.00000 1.851852    0  0.000000    0
[49,]    0  0.00000  0.00000 25.925926   0.00000 1.851852    0  0.000000    0
[50,]    0  0.00000 88.88889  0.000000  26.66667 0.000000    0  0.000000    0

