$totdays
[1] 365

$Psampest
[1] NA

$Pbootest
      Mean       2.5%        50%      97.5% 
 3.5166024  0.0000000  0.3191403 19.8077361 

$Pboots
 [1]  0.0000000  6.8692560 27.4209838  0.0000000  0.0000000 14.9274901  0.0000000
 [8]  0.0000000  0.0000000  0.0000000  5.5273344 17.6310237  9.7988919  3.5445561
[15] 16.0712285  0.0000000  0.0000000  2.1528746  6.9300846  0.0000000  0.2238924
[22]  0.0000000 12.2178482  4.3618317  1.9879129  2.9911801  4.6656926  0.0000000
[29]  1.9548407  0.4143882  0.0000000  0.0000000  0.4480712  0.0000000  0.1095528
[36]  4.0076518  0.8065765  4.6347805  0.0000000  0.0000000  0.0000000 20.4396848
[43]  0.0000000  0.0000000  2.3306028  0.6351665  2.7267215  0.0000000  0.0000000
[50]  0.0000000

$Bboots
 [1] 0.000000000 0.272014392 0.959885500 0.000000000 0.000000000 1.012225401 0.000000000
 [8] 0.000000000 0.000000000 0.000000000 0.286292379 0.779311290 0.352823275 0.174441598
[15] 0.310781840 0.000000000 0.000000000 0.111285028 0.225841627 0.000000000 0.019084387
[22] 0.000000000 0.978416698 0.197368276 0.112342469 0.136858501 0.201374279 0.000000000
[29] 0.080621732 0.460934288 0.000000000 0.000000000 0.483657706 0.000000000 0.008981589
[36] 0.569029846 0.043900345 0.326435795 0.000000000 0.000000000 0.000000000 0.653057533
[43] 0.000000000 0.000000000 0.096665285 0.700517744 0.826261866 0.000000000 0.000000000
[50] 0.000000000

$Nboots
 [1]   0.0000000  58.2175926  75.5787037   0.0000000   0.0000000 225.8101852   0.0000000
 [8]   0.0000000   0.0000000   0.0000000  52.4074074  95.3703704  78.7037037  31.3425926
[15]  76.0416667   0.0000000   0.0000000  22.2222222   9.3750000   0.0000000   1.2037037
[22]   0.0000000 251.6203704  40.7407407  20.0000000  31.7129630  30.5555556   0.0000000
[29]  24.8842593  19.4444444   0.0000000   0.0000000  20.9722222   0.0000000   0.5555556
[36]  49.3055556   4.3981481  52.7777778   0.0000000   0.0000000   0.0000000  49.3055556
[43]   0.0000000   0.0000000  11.8518519  29.7916667  37.9398148   0.0000000   0.0000000
[50]   0.0000000

$julians
[1] 2008 2040 2085 2122 2143 2232 2278 2283 2362

$intdays
[1] 32 45 37 21 89 46  5 79 11

$Pintsampest
[1] NA NA NA NA NA NA NA NA NA

$Pintboots
          [,1]     [,2]      [,3]      [,4]      [,5]      [,6]      [,7]      [,8]
 [1,]       NA       NA        NA        NA        NA        NA        NA        NA
 [2,]       NA 4.166177 2.7030787        NA        NA        NA        NA        NA
 [3,]       NA 4.003152 2.6275784        NA        NA        NA        NA 20.790254
 [4,]       NA       NA        NA        NA        NA        NA        NA        NA
 [5,]       NA       NA        NA        NA        NA        NA        NA        NA
 [6,] 5.449640       NA        NA  9.477851        NA        NA        NA        NA
 [7,]       NA       NA        NA        NA        NA        NA        NA        NA
 [8,]       NA       NA        NA        NA        NA        NA        NA        NA
 [9,]       NA       NA        NA        NA        NA        NA        NA        NA
[10,]       NA       NA        NA        NA        NA        NA        NA        NA
[11,]       NA       NA 5.2983173        NA        NA 0.2290171        NA        NA
[12,]       NA       NA        NA  3.770855        NA        NA        NA 13.860169
[13,] 5.227144 4.571748        NA        NA        NA        NA        NA        NA
[14,]       NA       NA 3.2907131        NA        NA 0.2538429        NA        NA
[15,]       NA       NA        NA        NA 16.071229        NA        NA        NA
[16,]       NA       NA        NA        NA        NA        NA        NA        NA
[17,]       NA       NA        NA        NA        NA        NA        NA        NA
[18,]       NA       NA 2.1528746        NA        NA        NA        NA        NA
[19,]       NA       NA        NA        NA        NA        NA        NA  6.930085
[20,]       NA       NA        NA        NA        NA        NA        NA        NA
[21,]       NA       NA        NA        NA        NA 0.2238924        NA        NA
[22,]       NA       NA        NA        NA        NA        NA        NA        NA
[23,]       NA       NA        NA 12.217848        NA        NA        NA        NA
[24,]       NA       NA 4.3618317        NA        NA        NA        NA        NA
[25,]       NA       NA 1.7340699        NA        NA 0.2538429        NA        NA
[26,]       NA       NA 2.9911801        NA        NA        NA        NA        NA
[27,] 4.665693       NA        NA        NA        NA        NA        NA        NA
[28,]       NA       NA        NA        NA        NA        NA        NA        NA
[29,]       NA       NA 1.9548407        NA        NA        NA        NA        NA
[30,]       NA       NA        NA        NA        NA        NA 0.4143882        NA
[31,]       NA       NA        NA        NA        NA        NA        NA        NA
[32,]       NA       NA        NA        NA        NA        NA        NA        NA
[33,]       NA       NA        NA        NA        NA        NA 0.4480712        NA
[34,]       NA       NA        NA        NA        NA        NA        NA        NA
[35,]       NA       NA        NA        NA        NA 0.1095528        NA        NA
[36,]       NA 3.579124        NA        NA        NA        NA 0.4285279        NA
[37,]       NA       NA 0.8065765        NA        NA        NA        NA        NA
[38,]       NA       NA 3.3230529  1.311728        NA        NA        NA        NA
[39,]       NA       NA        NA        NA        NA        NA        NA        NA
[40,]       NA       NA        NA        NA        NA        NA        NA        NA
[41,]       NA       NA        NA        NA        NA        NA        NA        NA
[42,] 4.665693       NA        NA        NA        NA        NA        NA 13.860169
[43,]       NA       NA        NA        NA        NA        NA        NA        NA
[44,]       NA       NA        NA        NA        NA        NA        NA        NA
[45,]       NA 2.106710        NA        NA        NA 0.2238924        NA        NA
[46,]       NA       NA        NA        NA        NA        NA 0.6351665        NA
[47,]       NA       NA        NA        NA  1.530642 0.5326338 0.6634461        NA
[48,]       NA       NA        NA        NA        NA 0.0000000        NA        NA
[49,]       NA       NA        NA        NA        NA        NA        NA        NA
[50,]       NA       NA        NA        NA        NA        NA        NA        NA
          [,9]
 [1,]       NA
 [2,]       NA
 [3,]       NA
 [4,]       NA
 [5,]       NA
 [6,]       NA
 [7,]       NA
 [8,]       NA
 [9,]       NA
[10,]       NA
[11,]       NA
[12,]       NA
[13,]       NA
[14,]       NA
[15,]       NA
[16,]       NA
[17,]       NA
[18,]       NA
[19,]       NA
[20,]       NA
[21,]       NA
[22,]       NA
[23,]       NA
[24,]       NA
[25,]       NA
[26,]       NA
[27,]       NA
[28,]       NA
[29,]       NA
[30,]       NA
[31,]       NA
[32,]       NA
[33,]       NA
[34,]       NA
[35,]       NA
[36,]       NA
[37,]       NA
[38,]       NA
[39,]       NA
[40,]       NA
[41,]       NA
[42,] 1.913823
[43,]       NA
[44,]       NA
[45,]       NA
[46,]       NA
[47,]       NA
[48,]       NA
[49,]       NA
[50,]       NA

$Bdatesampinfo
      DATE JULIAN N Mean Stdev
1 07/01/11   2008 2   NA    NA
2 08/02/11   2040 4   NA    NA
3 09/16/11   2085 6   NA    NA
4 10/23/11   2122 6   NA    NA
5 11/13/11   2143 6   NA    NA
6 02/10/12   2232 6   NA    NA
7 03/27/12   2278 5   NA    NA
8 04/01/12   2283 4   NA    NA
9 06/19/12   2362 2   NA    NA

$Ndatesampinfo
      DATE JULIAN N Mean Stdev
1 07/01/11   2008 2   NA    NA
2 08/02/11   2040 4   NA    NA
3 09/16/11   2085 6   NA    NA
4 10/23/11   2122 6   NA    NA
5 11/13/11   2143 6   NA    NA
6 02/10/12   2232 6   NA    NA
7 03/27/12   2278 5   NA    NA
8 04/01/12   2283 4   NA    NA
9 06/19/12   2362 2   NA    NA

$Bdateboots
         [,1]      [,2]      [,3]       [,4]       [,5]       [,6]      [,7]      [,8]
 [1,] 0.00000 0.7181385 0.0000000 0.00000000  0.0000000 0.00000000 0.0000000  3.613466
 [2,] 0.00000 1.3069437 0.9577862 1.12971424  0.0000000 0.00000000 0.0000000  0.000000
 [3,] 0.00000 1.3069437 1.0020490 1.20672830  0.0000000 0.00000000 0.0000000 10.840398
 [4,] 0.00000 0.0000000 0.0000000 0.00000000  0.0000000 0.00000000 0.2917220  0.000000
 [5,] 0.00000 0.0000000 0.5231559 0.00000000  0.0000000 0.04274047 0.0000000  0.000000
 [6,] 2.50385 1.3069437 0.0000000 3.23511460  9.1496982 0.00000000 0.0000000  0.000000
 [7,] 0.00000 0.0000000 0.5483774 0.00000000  0.0000000 0.00000000 0.1437054  0.000000
 [8,] 0.00000 0.0000000 0.0000000 0.00000000  0.0000000 0.08548094 0.0000000  0.000000
 [9,] 2.50385 0.0000000 1.0272705 0.00000000  0.0000000 0.00000000 0.0000000  0.000000
[10,] 0.00000 0.0000000 0.0000000 0.00000000  0.0000000 0.00000000 0.0000000  0.000000
[11,] 0.00000 0.0000000 0.9768274 3.31212866  0.0000000 0.00000000 0.2917220  0.000000
[12,] 2.50385 0.0000000 0.0000000 0.15402811  5.0880205 0.00000000 0.0000000  7.226932
[13,] 2.50385 0.9768052 1.1877121 0.00000000  4.5876547 0.00000000 0.0000000  7.226932
[14,] 2.50385 0.0000000 0.2741887 2.18241442  0.0000000 0.04274047 0.2917220  0.000000
[15,] 0.00000 0.0000000 0.7278603 0.00000000  4.9297690 0.04274047 0.0000000  0.000000
[16,] 0.00000 0.0000000 0.0000000 2.18241442  0.0000000 0.00000000 0.0000000  0.000000
[17,] 0.00000 0.5888052 0.0000000 0.00000000  9.1753095 0.00000000 0.0000000  0.000000
[18,] 0.00000 0.0000000 0.7278603 1.05270018  0.0000000 0.00000000 0.0000000  0.000000
[19,] 0.00000 0.0000000 0.0000000 0.00000000  0.3677255 0.00000000 0.0000000  3.613466
[20,] 2.50385 0.0000000 0.0000000 0.00000000  4.9297690 0.00000000 0.0000000  0.000000
[21,] 0.00000 1.1776103 0.0000000 1.12971424  0.0000000 0.08548094 0.2198693  0.000000
[22,] 0.00000 0.0000000 0.0000000 2.18241442  0.0000000 0.04274047 0.0000000  0.000000
[23,] 0.00000 0.0000000 0.0000000 2.25942848 13.3952387 0.00000000 0.0000000  3.613466
[24,] 0.00000 0.0000000 1.0524920 2.10540036  0.0000000 0.00000000 0.0000000 10.840398
[25,] 2.50385 0.0000000 1.2319749 0.23104217  0.0000000 0.04274047 0.2917220  0.000000
[26,] 0.00000 0.0000000 0.9830077 1.20672830  0.0000000 0.00000000 0.0000000  0.000000
[27,] 2.50385 0.7181385 0.0000000 0.00000000  0.0000000 0.04274047 0.0000000  0.000000
[28,] 0.00000 0.0000000 0.0000000 0.00000000  0.0000000 0.12822141 0.0000000  0.000000
[29,] 2.50385 0.0000000 1.2129337 0.07701406  0.0000000 0.04274047 0.0000000  0.000000
[30,] 0.00000 0.8474718 0.0000000 0.00000000  0.0000000 0.00000000 0.1480165  7.226932
[31,] 2.50385 0.0000000 0.0000000 0.00000000  0.0000000 0.00000000 0.0000000  0.000000
[32,] 0.00000 0.0000000 0.0000000 0.00000000  0.0000000 0.00000000 0.0000000  7.226932
[33,] 0.00000 0.0000000 0.7530818 0.00000000  5.6139974 0.00000000 0.5115912  7.226932
[34,] 2.50385 0.0000000 1.5190246 0.00000000  0.0000000 0.00000000 0.0000000  0.000000
[35,] 0.00000 0.0000000 0.0000000 0.23104217  0.0000000 0.00000000 0.1437054  0.000000
[36,] 0.00000 0.8474718 0.7340406 0.00000000  0.0000000 0.00000000 0.2960331  7.226932
[37,] 0.00000 0.0000000 0.5483774 0.15402811  0.0000000 0.00000000 0.0000000  7.226932
[38,] 0.00000 0.0000000 1.2571964 1.20672830  1.5523197 0.00000000 0.1437054  0.000000
[39,] 0.00000 0.0000000 0.0000000 0.00000000  1.5523197 0.00000000 0.0000000  0.000000
[40,] 0.00000 0.5888052 0.0000000 0.00000000  5.7978602 0.00000000 0.0000000  0.000000
[41,] 0.00000 0.8474718 0.0000000 0.00000000  0.0000000 0.00000000 0.0000000  3.613466
[42,] 2.50385 0.7181385 0.0000000 0.00000000  0.7098397 0.00000000 0.0000000  7.226932
[43,] 0.00000 0.0000000 0.0000000 0.00000000  0.0000000 0.00000000 0.0000000  3.613466
[44,] 0.00000 0.0000000 0.2741887 0.00000000  4.9297690 0.00000000 0.2198693  0.000000
[45,] 0.00000 0.7181385 0.5231559 0.00000000  0.0000000 0.08548094 0.2198693  0.000000
[46,] 0.00000 0.0000000 0.4788931 0.00000000  0.0000000 0.00000000 0.3678858 10.840398
[47,] 2.50385 0.0000000 0.0000000 0.00000000  1.0519540 0.00000000 0.6639189 10.840398
[48,] 0.00000 0.0000000 0.0000000 0.00000000  0.0000000 0.00000000 0.0000000  0.000000
[49,] 2.50385 0.0000000 0.0000000 2.18241442  0.0000000 0.00000000 0.0000000  0.000000
[50,] 0.00000 0.0000000 0.0000000 0.00000000  0.0000000 0.00000000 0.5920662  0.000000
      [,9]
 [1,]    0
 [2,]    0
 [3,]    0
 [4,]    0
 [5,]    0
 [6,]    0
 [7,]    0
 [8,]    0
 [9,]    0
[10,]    0
[11,]    0
[12,]    0
[13,]    0
[14,]    0
[15,]    0
[16,]    0
[17,]    0
[18,]    0
[19,]    0
[20,]    0
[21,]    0
[22,]    0
[23,]    0
[24,]    0
[25,]    0
[26,]    0
[27,]    0
[28,]    0
[29,]    0
[30,]    0
[31,]    0
[32,]    0
[33,]    0
[34,]    0
[35,]    0
[36,]    0
[37,]    0
[38,]    0
[39,]    0
[40,]    0
[41,]    0
[42,]    0
[43,]    0
[44,]    0
[45,]    0
[46,]    0
[47,]    0
[48,]    0
[49,]    0
[50,]    0

$Ndateboots
          [,1]      [,2]      [,3]       [,4]       [,5]     [,6]      [,7] [,8] [,9]
 [1,]   0.0000 133.33333   0.00000   0.000000    0.00000 0.000000  0.000000  150    0
 [2,]   0.0000 200.00000 251.85185 227.777778    0.00000 0.000000  0.000000    0    0
 [3,]   0.0000 200.00000 162.96296 233.333333    0.00000 0.000000  0.000000  450    0
 [4,]   0.0000   0.00000   0.00000   0.000000    0.00000 0.000000 20.000000    0    0
 [5,]   0.0000   0.00000  37.03704   0.000000    0.00000 1.851852  0.000000    0    0
 [6,] 355.5556 200.00000   0.00000 672.222222 2385.18519 0.000000  0.000000    0    0
 [7,]   0.0000   0.00000  59.25926   0.000000    0.00000 0.000000  8.888889    0    0
 [8,]   0.0000   0.00000   0.00000   0.000000    0.00000 3.703704  0.000000    0    0
 [9,] 355.5556   0.00000 185.18519   0.000000    0.00000 0.000000  0.000000    0    0
[10,]   0.0000   0.00000   0.00000   0.000000    0.00000 0.000000  0.000000    0    0
[11,]   0.0000   0.00000 140.74074 677.777778    0.00000 0.000000 20.000000    0    0
[12,] 355.5556   0.00000   0.00000  11.111111 1214.81481 0.000000  0.000000  300    0
[13,] 355.5556 266.66667 370.37037   0.000000 1200.00000 0.000000  0.000000  300    0
[14,] 355.5556   0.00000  29.62963 450.000000    0.00000 1.851852 20.000000    0    0
[15,]   0.0000   0.00000 133.33333   0.000000 1214.81481 1.851852  0.000000    0    0
[16,]   0.0000   0.00000   0.00000 450.000000    0.00000 0.000000  0.000000    0    0
[17,]   0.0000  66.66667   0.00000   0.000000 2400.00000 0.000000  0.000000    0    0
[18,]   0.0000   0.00000 133.33333 222.222222    0.00000 0.000000  0.000000    0    0
[19,]   0.0000   0.00000   0.00000   0.000000   29.62963 0.000000  0.000000  150    0
[20,] 355.5556   0.00000   0.00000   0.000000 1214.81481 0.000000  0.000000    0    0
[21,]   0.0000 133.33333   0.00000 227.777778    0.00000 3.703704 15.555556    0    0
[22,]   0.0000   0.00000   0.00000 450.000000    0.00000 1.851852  0.000000    0    0
[23,]   0.0000   0.00000   0.00000 455.555556 3570.37037 0.000000  0.000000  150    0
[24,]   0.0000   0.00000 207.40741 444.444444    0.00000 0.000000  0.000000  450    0
[25,] 355.5556   0.00000 281.48148  16.666667    0.00000 1.851852 20.000000    0    0
[26,]   0.0000   0.00000 274.07407 233.333333    0.00000 0.000000  0.000000    0    0
[27,] 355.5556 133.33333   0.00000   0.000000    0.00000 1.851852  0.000000    0    0
[28,]   0.0000   0.00000   0.00000   0.000000    0.00000 5.555556  0.000000    0    0
[29,] 355.5556   0.00000 392.59259   5.555556    0.00000 1.851852  0.000000    0    0
[30,]   0.0000 200.00000   0.00000   0.000000    0.00000 0.000000 11.111111  300    0
[31,] 355.5556   0.00000   0.00000   0.000000    0.00000 0.000000  0.000000    0    0
[32,]   0.0000   0.00000   0.00000   0.000000    0.00000 0.000000  0.000000  300    0
[33,]   0.0000   0.00000 155.55556   0.000000 1244.44444 0.000000 35.555556  300    0
[34,] 355.5556   0.00000  66.66667   0.000000    0.00000 0.000000  0.000000    0    0
[35,]   0.0000   0.00000   0.00000  16.666667    0.00000 0.000000  8.888889    0    0
[36,]   0.0000 200.00000 266.66667   0.000000    0.00000 0.000000 22.222222  300    0
[37,]   0.0000   0.00000  59.25926  11.111111    0.00000 0.000000  0.000000  300    0
[38,]   0.0000   0.00000 303.70370 233.333333   74.07407 0.000000  8.888889    0    0
[39,]   0.0000   0.00000   0.00000   0.000000   74.07407 0.000000  0.000000    0    0
[40,]   0.0000  66.66667   0.00000   0.000000 1259.25926 0.000000  0.000000    0    0
[41,]   0.0000 200.00000   0.00000   0.000000    0.00000 0.000000  0.000000  150    0
[42,] 355.5556 133.33333   0.00000   0.000000   44.44444 0.000000  0.000000  300    0
[43,]   0.0000   0.00000   0.00000   0.000000    0.00000 0.000000  0.000000  150    0
[44,]   0.0000   0.00000  29.62963   0.000000 1214.81481 0.000000 15.555556    0    0
[45,]   0.0000 133.33333  37.03704   0.000000    0.00000 3.703704 15.555556    0    0
[46,]   0.0000   0.00000 125.92593   0.000000    0.00000 0.000000 26.666667  450    0
[47,] 355.5556   0.00000   0.00000   0.000000   59.25926 0.000000 48.888889  450    0
[48,]   0.0000   0.00000   0.00000   0.000000    0.00000 0.000000  0.000000    0    0
[49,] 355.5556   0.00000   0.00000 450.000000    0.00000 0.000000  0.000000    0    0
[50,]   0.0000   0.00000   0.00000   0.000000    0.00000 0.000000 44.444444    0    0

