$totdays
[1] 365

$Psampest
[1] NA

$Pbootest
        Mean         2.5%          50%        97.5% 
1.130368e-02 0.000000e+00 2.102365e-06 4.948544e-02 

$Pboots
 [1] 0.000000e+00 0.000000e+00 4.886773e-03 0.000000e+00 0.000000e+00 0.000000e+00
 [7] 2.456235e-02 0.000000e+00 1.690010e-02 0.000000e+00 5.173107e-02 5.050017e-03
[13] 0.000000e+00 2.900586e-02 4.306995e-02 4.222689e-02 0.000000e+00 0.000000e+00
[19] 0.000000e+00 0.000000e+00 0.000000e+00 4.714519e-02 0.000000e+00 1.653275e-02
[25] 3.996176e-02 0.000000e+00 3.239565e-02 8.631209e-06 0.000000e+00 3.134247e-02
[31] 8.852960e-06 1.233331e-02 2.157642e-02 4.204729e-06 7.792356e-03 2.885311e-02
[37] 0.000000e+00 0.000000e+00 1.583990e-02 0.000000e+00 5.016487e-02 0.000000e+00
[43] 6.049625e-03 0.000000e+00 2.046545e-02 1.727658e-02 0.000000e+00 0.000000e+00
[49] 0.000000e+00 0.000000e+00

$Bboots
 [1] 0.000000e+00 0.000000e+00 1.260310e-03 0.000000e+00 0.000000e+00 0.000000e+00
 [7] 9.367309e-03 0.000000e+00 5.386337e-03 0.000000e+00 1.345594e-02 7.581410e-04
[13] 0.000000e+00 6.979571e-03 1.120307e-02 1.254534e-02 0.000000e+00 0.000000e+00
[19] 0.000000e+00 0.000000e+00 0.000000e+00 1.226309e-02 0.000000e+00 2.192340e-03
[25] 1.214151e-02 0.000000e+00 1.243040e-02 2.044879e-05 0.000000e+00 1.093334e-02
[31] 2.097416e-05 6.937806e-03 6.876757e-03 9.961714e-06 4.383401e-03 8.583654e-03
[37] 0.000000e+00 0.000000e+00 8.910349e-03 0.000000e+00 1.474281e-02 0.000000e+00
[43] 3.403069e-03 0.000000e+00 7.507542e-03 5.382893e-03 0.000000e+00 0.000000e+00
[49] 0.000000e+00 0.000000e+00

$Nboots
 [1]  0.0000000  0.0000000  1.2037037  0.0000000  0.0000000  0.0000000 22.5000000
 [8]  0.0000000 12.7314815  0.0000000 21.2962963 10.8333333  0.0000000 30.7870370
[15] 23.1481481 25.2314815  0.0000000  0.0000000  0.0000000  0.0000000  0.0000000
[22] 21.2962963  0.0000000 13.9351852 27.9166667  0.0000000 31.9444444  0.4166667
[29]  0.0000000 36.0185185  0.5555556 17.7314815  8.5648148  0.1388889 19.5370370
[36] 11.5740741  0.0000000  0.0000000 24.4444444  0.0000000 47.6851852  0.0000000
[43] 22.5000000  0.0000000 38.1481481 33.4722222  0.0000000  0.0000000  0.0000000
[50]  0.0000000

$julians
[1] 2008 2040 2085 2122 2143 2232 2278 2283 2362

$intdays
[1] 32 45 37 21 89 46  5 79 11

$Pintsampest
[1] NA NA NA NA NA NA NA NA NA

$Pintboots
            [,1]       [,2]        [,3]        [,4]        [,5]        [,6]
 [1,]         NA         NA          NA          NA          NA          NA
 [2,]         NA         NA          NA          NA          NA          NA
 [3,]         NA         NA          NA          NA          NA 0.004886773
 [4,]         NA         NA          NA          NA          NA          NA
 [5,]         NA         NA          NA          NA          NA          NA
 [6,]         NA         NA          NA          NA          NA          NA
 [7,]         NA         NA 0.018250500 0.006311848          NA          NA
 [8,]         NA         NA          NA          NA          NA          NA
 [9,]         NA         NA 0.016900097          NA          NA          NA
[10,]         NA         NA          NA          NA          NA          NA
[11,]         NA 0.05173107          NA          NA          NA          NA
[12,]         NA         NA          NA          NA          NA          NA
[13,]         NA         NA          NA          NA          NA          NA
[14,]         NA 0.02396049          NA          NA          NA          NA
[15,]         NA 0.04306995          NA          NA          NA          NA
[16,] 0.01495711 0.02726978          NA          NA          NA          NA
[17,]         NA         NA          NA          NA          NA          NA
[18,]         NA         NA          NA          NA          NA          NA
[19,]         NA         NA          NA          NA          NA          NA
[20,]         NA         NA          NA          NA          NA          NA
[21,]         NA         NA          NA          NA          NA          NA
[22,]         NA 0.04714519          NA          NA          NA          NA
[23,]         NA         NA          NA          NA          NA          NA
[24,]         NA         NA          NA          NA 0.016532753          NA
[25,] 0.02950430         NA          NA          NA 0.010457456          NA
[26,]         NA         NA          NA          NA          NA          NA
[27,]         NA         NA 0.023760309 0.008635344          NA          NA
[28,]         NA         NA          NA          NA          NA          NA
[29,]         NA         NA          NA          NA          NA          NA
[30,] 0.01495711         NA          NA 0.008415797          NA          NA
[31,]         NA         NA          NA          NA          NA          NA
[32,]         NA         NA          NA 0.012333313          NA          NA
[33,]         NA         NA 0.021576420          NA          NA          NA
[34,]         NA         NA          NA          NA          NA          NA
[35,]         NA         NA          NA 0.007792356          NA          NA
[36,]         NA 0.01044834 0.018404772          NA          NA          NA
[37,]         NA         NA          NA          NA          NA          NA
[38,]         NA         NA          NA          NA          NA          NA
[39,]         NA         NA          NA 0.015839895          NA          NA
[40,]         NA         NA          NA          NA          NA          NA
[41,]         NA         NA 0.015649868 0.010590582 0.018936680 0.004987738
[42,]         NA         NA          NA          NA          NA          NA
[43,]         NA         NA          NA 0.006049625          NA          NA
[44,]         NA         NA          NA          NA          NA          NA
[45,]         NA         NA          NA 0.011150227 0.009315219          NA
[46,]         NA         NA 0.009206399 0.003024812          NA          NA
[47,]         NA         NA          NA          NA          NA          NA
[48,]         NA         NA          NA          NA          NA          NA
[49,]         NA         NA          NA          NA          NA          NA
[50,]         NA         NA          NA          NA          NA          NA
              [,7]        [,8]       [,9]
 [1,]           NA          NA         NA
 [2,]           NA          NA         NA
 [3,]           NA          NA         NA
 [4,]           NA          NA         NA
 [5,]           NA          NA         NA
 [6,]           NA          NA         NA
 [7,]           NA          NA         NA
 [8,]           NA          NA         NA
 [9,]           NA          NA         NA
[10,]           NA          NA         NA
[11,]           NA          NA         NA
[12,] 4.648231e-06 0.005045369         NA
[13,]           NA          NA         NA
[14,]           NA 0.005045369         NA
[15,]           NA          NA         NA
[16,]           NA          NA         NA
[17,]           NA          NA         NA
[18,]           NA          NA         NA
[19,]           NA          NA         NA
[20,]           NA          NA         NA
[21,]           NA          NA         NA
[22,]           NA          NA         NA
[23,]           NA          NA         NA
[24,]           NA          NA         NA
[25,]           NA          NA         NA
[26,]           NA          NA         NA
[27,]           NA          NA         NA
[28,] 8.631209e-06          NA         NA
[29,]           NA          NA         NA
[30,]           NA 0.005045369 0.00292419
[31,] 8.852960e-06          NA         NA
[32,]           NA          NA         NA
[33,]           NA          NA         NA
[34,] 4.204729e-06          NA         NA
[35,]           NA          NA         NA
[36,]           NA          NA         NA
[37,]           NA          NA         NA
[38,]           NA          NA         NA
[39,]           NA          NA         NA
[40,]           NA          NA         NA
[41,]           NA          NA         NA
[42,]           NA          NA         NA
[43,]           NA          NA         NA
[44,]           NA          NA         NA
[45,]           NA          NA         NA
[46,]           NA 0.005045369         NA
[47,]           NA          NA         NA
[48,]           NA          NA         NA
[49,]           NA          NA         NA
[50,]           NA          NA         NA

$Bdatesampinfo
      DATE JULIAN N Mean Stdev
1 07/01/11   2008 2   NA    NA
2 08/02/11   2040 3   NA    NA
3 09/16/11   2085 6   NA    NA
4 10/23/11   2122 6   NA    NA
5 11/13/11   2143 5   NA    NA
6 02/10/12   2232 6   NA    NA
7 03/27/12   2278 5   NA    NA
8 04/01/12   2283 4   NA    NA
9 06/19/12   2362 2   NA    NA

$Ndatesampinfo
      DATE JULIAN N Mean Stdev
1 07/01/11   2008 2   NA    NA
2 08/02/11   2040 3   NA    NA
3 09/16/11   2085 6   NA    NA
4 10/23/11   2122 6   NA    NA
5 11/13/11   2143 5   NA    NA
6 02/10/12   2232 6   NA    NA
7 03/27/12   2278 5   NA    NA
8 04/01/12   2283 4   NA    NA
9 06/19/12   2362 2   NA    NA

$Bdateboots
             [,1]       [,2]        [,3]       [,4]       [,5]       [,6]         [,7]
 [1,] 0.000000000 0.16968585 0.000000000 0.04533333 0.00000000 0.02041379 0.000000e+00
 [2,] 0.002390811 0.00000000 0.010625829 0.00000000 0.01402609 0.00000000 0.000000e+00
 [3,] 0.000000000 0.00000000 0.000000000 0.08562963 0.00000000 0.02014815 1.681170e-05
 [4,] 0.000000000 0.00000000 0.010625829 0.00000000 0.00000000 0.00000000 1.846050e-04
 [5,] 0.000000000 0.00000000 0.027586228 0.00000000 0.00000000 0.00000000 1.593874e-04
 [6,] 0.000000000 0.00000000 0.033961725 0.00000000 0.00000000 0.00000000 4.781623e-04
 [7,] 0.000000000 0.00000000 0.047734376 0.04533333 0.01147589 0.00000000 1.761991e-04
 [8,] 0.000000000 0.25452877 0.000000000 0.08059259 0.00000000 0.00000000 3.187749e-04
 [9,] 0.002390811 0.00000000 0.010625829 0.07555556 0.00000000 0.02558365 0.000000e+00
[10,] 0.000000000 0.00000000 0.032899142 0.00000000 0.00000000 0.00000000 3.271807e-04
[11,] 0.000000000 0.16968585 0.045609211 0.00000000 0.00000000 0.02531801 0.000000e+00
[12,] 0.000000000 0.00000000 0.000000000 0.06044444 0.00000000 0.00000000 1.761991e-04
[13,] 0.000000000 0.08484292 0.000000000 0.00000000 0.00000000 0.00000000 0.000000e+00
[14,] 0.000000000 0.08484292 0.014876160 0.00000000 0.00000000 0.00000000 0.000000e+00
[15,] 0.000000000 0.16968585 0.009563246 0.00000000 0.02422689 0.00000000 0.000000e+00
[16,] 0.002390811 0.08484292 0.028648811 0.00000000 0.00000000 0.00000000 3.355866e-04
[17,] 0.000000000 0.00000000 0.000000000 0.00000000 0.00000000 0.02531801 0.000000e+00
[18,] 0.000000000 0.00000000 0.000000000 0.00000000 0.00000000 0.00000000 0.000000e+00
[19,] 0.000000000 0.00000000 0.051984708 0.00000000 0.00000000 0.02041379 0.000000e+00
[20,] 0.002390811 0.00000000 0.000000000 0.00000000 0.00000000 0.00000000 0.000000e+00
[21,] 0.000000000 0.00000000 0.000000000 0.00000000 0.02167669 0.00000000 0.000000e+00
[22,] 0.000000000 0.16968585 0.026523645 0.00000000 0.00000000 0.00000000 0.000000e+00
[23,] 0.000000000 0.08484292 0.000000000 0.00000000 0.00000000 0.00000000 0.000000e+00
[24,] 0.002390811 0.00000000 0.000000000 0.00000000 0.01466364 0.02041379 0.000000e+00
[25,] 0.002390811 0.16968585 0.000000000 0.00000000 0.01211344 0.01007407 0.000000e+00
[26,] 0.000000000 0.00000000 0.000000000 0.07555556 0.00000000 0.00000000 0.000000e+00
[27,] 0.000000000 0.00000000 0.065757359 0.05540741 0.02231424 0.00000000 0.000000e+00
[28,] 0.002390811 0.00000000 0.000000000 0.00000000 0.00000000 0.00000000 3.271807e-04
[29,] 0.000000000 0.00000000 0.027586228 0.00000000 0.00000000 0.00000000 3.355866e-04
[30,] 0.002390811 0.08484292 0.000000000 0.06044444 0.01530119 0.00000000 0.000000e+00
[31,] 0.000000000 0.00000000 0.029711394 0.00000000 0.00000000 0.00000000 3.355866e-04
[32,] 0.000000000 0.00000000 0.000000000 0.09570370 0.01530119 0.00000000 0.000000e+00
[33,] 0.000000000 0.00000000 0.044546628 0.06548148 0.00000000 0.00000000 8.405852e-06
[34,] 0.000000000 0.00000000 0.000000000 0.00000000 0.00000000 0.00000000 1.593874e-04
[35,] 0.000000000 0.16968585 0.000000000 0.05037037 0.01976404 0.00000000 0.000000e+00
[36,] 0.000000000 0.00000000 0.043484045 0.05037037 0.00000000 0.00000000 0.000000e+00
[37,] 0.000000000 0.00000000 0.000000000 0.00000000 0.00000000 0.02067944 0.000000e+00
[38,] 0.000000000 0.00000000 0.000000000 0.06044444 0.00000000 0.01550958 0.000000e+00
[39,] 0.000000000 0.00000000 0.000000000 0.12088889 0.02167669 0.00000000 0.000000e+00
[40,] 0.000000000 0.00000000 0.000000000 0.00000000 0.00000000 0.01033972 0.000000e+00
[41,] 0.000000000 0.00000000 0.004250331 0.07555556 0.01976404 0.02041379 1.677933e-04
[42,] 0.000000000 0.00000000 0.000000000 0.00000000 0.02167669 0.00000000 3.355866e-04
[43,] 0.000000000 0.00000000 0.000000000 0.03022222 0.02422689 0.00000000 0.000000e+00
[44,] 0.002390811 0.00000000 0.000000000 0.00000000 0.00000000 0.02014815 0.000000e+00
[45,] 0.002390811 0.00000000 0.000000000 0.08059259 0.01976404 0.00000000 0.000000e+00
[46,] 0.000000000 0.00000000 0.031836560 0.01511111 0.01211344 0.00000000 0.000000e+00
[47,] 0.000000000 0.00000000 0.046671793 0.00000000 0.01721384 0.00000000 1.677933e-04
[48,] 0.002390811 0.00000000 0.000000000 0.07051852 0.00000000 0.00000000 0.000000e+00
[49,] 0.000000000 0.00000000 0.000000000 0.00000000 0.01211344 0.00000000 1.593874e-04
[50,] 0.000000000 0.00000000 0.000000000 0.00000000 0.00000000 0.02041379 0.000000e+00
      [,8]       [,9]
 [1,]    0 0.00000000
 [2,]    0 0.00000000
 [3,]    0 0.00000000
 [4,]    0 0.00000000
 [5,]    0 0.01195406
 [6,]    0 0.01195406
 [7,]    0 0.00000000
 [8,]    0 0.00000000
 [9,]    0 0.00000000
[10,]    0 0.00000000
[11,]    0 0.00000000
[12,]    0 0.01195406
[13,]    0 0.00000000
[14,]    0 0.01195406
[15,]    0 0.00000000
[16,]    0 0.00000000
[17,]    0 0.00000000
[18,]    0 0.01195406
[19,]    0 0.00000000
[20,]    0 0.00000000
[21,]    0 0.00000000
[22,]    0 0.00000000
[23,]    0 0.00000000
[24,]    0 0.00000000
[25,]    0 0.00000000
[26,]    0 0.00000000
[27,]    0 0.00000000
[28,]    0 0.00000000
[29,]    0 0.01195406
[30,]    0 0.01195406
[31,]    0 0.00000000
[32,]    0 0.00000000
[33,]    0 0.00000000
[34,]    0 0.00000000
[35,]    0 0.00000000
[36,]    0 0.00000000
[37,]    0 0.00000000
[38,]    0 0.01195406
[39,]    0 0.00000000
[40,]    0 0.01195406
[41,]    0 0.00000000
[42,]    0 0.01195406
[43,]    0 0.00000000
[44,]    0 0.00000000
[45,]    0 0.00000000
[46,]    0 0.01195406
[47,]    0 0.01195406
[48,]    0 0.00000000
[49,]    0 0.00000000
[50,]    0 0.00000000

$Ndateboots
          [,1]     [,2]      [,3]     [,4]     [,5]      [,6]     [,7] [,8]     [,9]
 [1,]  0.00000 237.0370   0.00000 33.33333   0.0000 18.518519 0.000000    0   0.0000
 [2,] 33.33333   0.0000 148.14815  0.00000 195.5556  0.000000 0.000000    0   0.0000
 [3,]  0.00000   0.0000   0.00000 62.96296   0.0000 14.814815 4.444444    0   0.0000
 [4,]  0.00000   0.0000 148.14815  0.00000   0.0000  0.000000 8.888889    0   0.0000
 [5,]  0.00000   0.0000 118.51852  0.00000   0.0000  0.000000 2.222222    0 166.6667
 [6,]  0.00000   0.0000 207.40741  0.00000   0.0000  0.000000 6.666667    0 166.6667
 [7,]  0.00000   0.0000 133.33333 33.33333 160.0000  0.000000 6.666667    0   0.0000
 [8,]  0.00000 355.5556   0.00000 59.25926   0.0000  0.000000 4.444444    0   0.0000
 [9,] 33.33333   0.0000 148.14815 55.55556   0.0000 24.074074 0.000000    0   0.0000
[10,]  0.00000   0.0000 192.59259  0.00000   0.0000  0.000000 6.666667    0   0.0000
[11,]  0.00000 237.0370 103.70370  0.00000   0.0000 20.370370 0.000000    0   0.0000
[12,]  0.00000   0.0000   0.00000 44.44444   0.0000  0.000000 6.666667    0 166.6667
[13,]  0.00000 118.5185   0.00000  0.00000   0.0000  0.000000 0.000000    0   0.0000
[14,]  0.00000 118.5185 207.40741  0.00000   0.0000  0.000000 0.000000    0 166.6667
[15,]  0.00000 237.0370 133.33333  0.00000 337.7778  0.000000 0.000000    0   0.0000
[16,] 33.33333 118.5185 133.33333  0.00000   0.0000  0.000000 8.888889    0   0.0000
[17,]  0.00000   0.0000   0.00000  0.00000   0.0000 20.370370 0.000000    0   0.0000
[18,]  0.00000   0.0000   0.00000  0.00000   0.0000  0.000000 0.000000    0 166.6667
[19,]  0.00000   0.0000 192.59259  0.00000   0.0000 18.518519 0.000000    0   0.0000
[20,] 33.33333   0.0000   0.00000  0.00000   0.0000  0.000000 0.000000    0   0.0000
[21,]  0.00000   0.0000   0.00000  0.00000 302.2222  0.000000 0.000000    0   0.0000
[22,]  0.00000 237.0370 103.70370  0.00000   0.0000  0.000000 0.000000    0   0.0000
[23,]  0.00000 118.5185   0.00000  0.00000   0.0000  0.000000 0.000000    0   0.0000
[24,] 33.33333   0.0000   0.00000  0.00000 204.4444 18.518519 0.000000    0   0.0000
[25,] 33.33333 237.0370   0.00000  0.00000 168.8889  7.407407 0.000000    0   0.0000
[26,]  0.00000   0.0000   0.00000 55.55556   0.0000  0.000000 0.000000    0   0.0000
[27,]  0.00000   0.0000 118.51852 40.74074 311.1111  0.000000 0.000000    0   0.0000
[28,] 33.33333   0.0000   0.00000  0.00000   0.0000  0.000000 6.666667    0   0.0000
[29,]  0.00000   0.0000 118.51852  0.00000   0.0000  0.000000 8.888889    0 166.6667
[30,] 33.33333 118.5185   0.00000 44.44444 213.3333  0.000000 0.000000    0 166.6667
[31,]  0.00000   0.0000 148.14815  0.00000   0.0000  0.000000 8.888889    0   0.0000
[32,]  0.00000   0.0000   0.00000 70.37037 213.3333  0.000000 0.000000    0   0.0000
[33,]  0.00000   0.0000  88.88889 48.14815   0.0000  0.000000 2.222222    0   0.0000
[34,]  0.00000   0.0000   0.00000  0.00000   0.0000  0.000000 2.222222    0   0.0000
[35,]  0.00000 237.0370   0.00000 37.03704 275.5556  0.000000 0.000000    0   0.0000
[36,]  0.00000   0.0000  74.07407 37.03704   0.0000  0.000000 0.000000    0   0.0000
[37,]  0.00000   0.0000   0.00000  0.00000   0.0000 22.222222 0.000000    0   0.0000
[38,]  0.00000   0.0000   0.00000 44.44444   0.0000 16.666667 0.000000    0 166.6667
[39,]  0.00000   0.0000   0.00000 88.88889 302.2222  0.000000 0.000000    0   0.0000
[40,]  0.00000   0.0000   0.00000  0.00000   0.0000 11.111111 0.000000    0 166.6667
[41,]  0.00000   0.0000  59.25926 55.55556 275.5556 18.518519 4.444444    0   0.0000
[42,]  0.00000   0.0000   0.00000  0.00000 302.2222  0.000000 8.888889    0 166.6667
[43,]  0.00000   0.0000   0.00000 22.22222 337.7778  0.000000 0.000000    0   0.0000
[44,] 33.33333   0.0000   0.00000  0.00000   0.0000 14.814815 0.000000    0   0.0000
[45,] 33.33333   0.0000   0.00000 59.25926 275.5556  0.000000 0.000000    0   0.0000
[46,]  0.00000   0.0000 177.77778 11.11111 168.8889  0.000000 0.000000    0 166.6667
[47,]  0.00000   0.0000 118.51852  0.00000 240.0000  0.000000 4.444444    0 166.6667
[48,] 33.33333   0.0000   0.00000 51.85185   0.0000  0.000000 0.000000    0   0.0000
[49,]  0.00000   0.0000   0.00000  0.00000 168.8889  0.000000 2.222222    0   0.0000
[50,]  0.00000   0.0000   0.00000  0.00000   0.0000 18.518519 0.000000    0   0.0000

