$totdays
[1] 365

$Psampest
[1] NA

$Pbootest
    Mean     2.5%      50%    97.5% 
1.242423 0.000000 0.000000 7.857354 

$Pboots
 [1] 0.0000000000 0.0000000000 1.5559999620 8.4797267551 5.6357157493 0.0000000000
 [7] 0.0000000000 0.0000000000 0.0000000000 0.0000000000 0.0000000000 0.0000000000
[13] 5.9103303024 0.0000000000 8.1900239991 1.6971681843 0.0000000000 0.0000000000
[19] 0.0000000000 0.0000000000 0.0851117461 0.0000000000 0.0000000000 0.0000000000
[25] 0.0000000000 0.0000000000 0.0000000000 5.5317532463 0.7430713995 2.1955302991
[31] 0.0000000000 0.1955508367 0.0000000000 0.0000000000 6.7114921529 0.0000000000
[37] 0.0000000000 0.0000000000 0.0000000000 4.3683244661 0.0000000000 0.0000000000
[43] 0.0000000000 0.0000000000 0.0000000000 5.3951601520 0.0000000000 3.2415191924
[49] 2.1842851996 0.0003688127

$Bboots
 [1] 0.00000000 0.00000000 1.24465360 1.42396717 0.57656566 0.00000000 0.00000000
 [8] 0.00000000 0.00000000 0.00000000 0.00000000 0.00000000 1.30093702 0.00000000
[15] 1.78101133 1.50247635 0.00000000 0.00000000 0.00000000 0.00000000 0.03977079
[22] 0.00000000 0.00000000 0.00000000 0.00000000 0.00000000 0.00000000 1.73834298
[29] 0.30322588 0.72828069 0.00000000 1.17958644 0.00000000 0.00000000 2.35606441
[36] 0.00000000 0.00000000 0.00000000 0.00000000 0.22016829 0.00000000 0.00000000
[43] 0.00000000 0.00000000 0.00000000 0.83223749 0.00000000 1.12051207 0.09671588
[50] 0.09220318

$Nboots
 [1]  0.0000000  0.0000000 10.0925926 12.2685185 11.8055556  0.0000000  0.0000000
 [8]  0.0000000  0.0000000  0.0000000  0.0000000  0.0000000 10.1273148  0.0000000
[15] 13.2986111 12.4537037  0.0000000  0.0000000  0.0000000  0.0000000  0.3703704
[22]  0.0000000  0.0000000  0.0000000  0.0000000  0.0000000  0.0000000 10.0115741
[29]  4.6527778  3.5879630  0.0000000  5.6712963  0.0000000  0.0000000 15.4513889
[36]  0.0000000  0.0000000  0.0000000  0.0000000  5.5555556  0.0000000  0.0000000
[43]  0.0000000  0.0000000  0.0000000  6.0763889  0.0000000  7.7777778  2.6388889
[50]  0.4166667

$julians
[1] 2008 2040 2085 2122 2143 2232 2278 2283 2362

$intdays
[1] 32 45 37 21 89 46  5 79 11

$Pintsampest
[1] NA NA NA NA NA NA NA NA NA

$Pintboots
          [,1]     [,2]      [,3]      [,4]     [,5]       [,6]         [,7] [,8] [,9]
 [1,]       NA       NA        NA        NA       NA         NA           NA   NA   NA
 [2,]       NA       NA        NA        NA       NA         NA           NA   NA   NA
 [3,]       NA       NA 1.5558770        NA       NA         NA 0.0001229376   NA   NA
 [4,] 3.684588 4.795139        NA        NA       NA         NA           NA   NA   NA
 [5,]       NA       NA        NA 1.0289956 4.606720         NA           NA   NA   NA
 [6,]       NA       NA        NA        NA       NA         NA           NA   NA   NA
 [7,]       NA       NA        NA        NA       NA         NA           NA    0   NA
 [8,]       NA       NA        NA        NA       NA         NA           NA   NA   NA
 [9,]       NA       NA        NA        NA       NA         NA           NA   NA   NA
[10,]       NA       NA        NA        NA       NA         NA           NA   NA   NA
[11,]       NA       NA        NA        NA       NA         NA           NA   NA   NA
[12,]       NA       NA        NA        NA       NA         NA           NA   NA   NA
[13,]       NA 5.910330        NA        NA       NA         NA           NA   NA   NA
[14,]       NA       NA        NA        NA       NA         NA           NA    0   NA
[15,]       NA 4.589837        NA        NA 3.600187         NA           NA   NA   NA
[16,]       NA       NA 1.1369636 0.5599587       NA         NA 0.0002458752   NA   NA
[17,]       NA       NA        NA        NA       NA         NA           NA   NA   NA
[18,]       NA       NA        NA        NA       NA         NA           NA   NA   NA
[19,]       NA       NA        NA        NA       NA         NA           NA   NA   NA
[20,]       NA       NA        NA        NA       NA         NA           NA   NA   NA
[21,]       NA       NA        NA        NA       NA 0.08511175           NA   NA   NA
[22,]       NA       NA        NA        NA       NA         NA           NA   NA   NA
[23,]       NA       NA        NA        NA       NA         NA           NA   NA   NA
[24,]       NA       NA        NA        NA       NA         NA           NA   NA   NA
[25,]       NA       NA        NA        NA       NA         NA           NA   NA   NA
[26,]       NA       NA        NA        NA       NA         NA           NA   NA   NA
[27,]       NA       NA        NA        NA       NA         NA           NA   NA   NA
[28,]       NA 5.531753        NA        NA       NA         NA 0.0000000000   NA   NA
[29,]       NA       NA        NA 0.7430714       NA         NA           NA   NA   NA
[30,]       NA 2.195530        NA        NA       NA         NA           NA   NA   NA
[31,]       NA       NA        NA        NA       NA         NA           NA   NA   NA
[32,]       NA       NA 0.1955508        NA       NA         NA           NA   NA   NA
[33,]       NA       NA        NA        NA       NA         NA           NA   NA   NA
[34,]       NA       NA        NA        NA       NA         NA           NA   NA   NA
[35,]       NA 6.056386 0.6551060        NA       NA         NA           NA    0   NA
[36,]       NA       NA        NA        NA       NA         NA           NA   NA   NA
[37,]       NA       NA        NA        NA       NA         NA           NA   NA   NA
[38,]       NA       NA        NA        NA       NA         NA           NA   NA   NA
[39,]       NA       NA        NA        NA       NA         NA           NA   NA   NA
[40,]       NA       NA        NA        NA 4.116382 0.25194216           NA   NA   NA
[41,]       NA       NA        NA        NA       NA         NA           NA   NA   NA
[42,]       NA       NA        NA        NA       NA         NA           NA   NA   NA
[43,]       NA       NA        NA        NA       NA         NA           NA    0   NA
[44,]       NA       NA        NA        NA       NA         NA           NA   NA   NA
[45,]       NA       NA        NA        NA       NA         NA           NA   NA   NA
[46,] 5.395160       NA        NA        NA       NA         NA           NA   NA   NA
[47,]       NA       NA        NA        NA       NA         NA           NA   NA   NA
[48,]       NA       NA        NA        NA 2.887921 0.35359869           NA   NA   NA
[49,]       NA       NA        NA        NA 2.184285         NA           NA   NA   NA
[50,]       NA       NA        NA        NA       NA         NA 0.0003688127   NA   NA

$Bdatesampinfo
      DATE JULIAN N Mean Stdev
1 07/01/11   2008 2   NA    NA
2 08/02/11   2040 4   NA    NA
3 09/16/11   2085 6   NA    NA
4 10/23/11   2122 6   NA    NA
5 11/13/11   2143 5   NA    NA
6 02/10/12   2232 6   NA    NA
7 03/27/12   2278 5   NA    NA
8 04/01/12   2283 4   NA    NA
9 06/19/12   2362 2   NA    NA

$Ndatesampinfo
      DATE JULIAN N Mean Stdev
1 07/01/11   2008 2   NA    NA
2 08/02/11   2040 4   NA    NA
3 09/16/11   2085 6   NA    NA
4 10/23/11   2122 6   NA    NA
5 11/13/11   2143 5   NA    NA
6 02/10/12   2232 6   NA    NA
7 03/27/12   2278 5   NA    NA
8 04/01/12   2283 4   NA    NA
9 06/19/12   2362 2   NA    NA

$Bdateboots
           [,1]      [,2]      [,3]       [,4]     [,5]      [,6]       [,7] [,8] [,9]
 [1,] 0.0000000  8.802371  0.000000 0.43436989 0.000000 0.0000000  0.0000000    0    0
 [2,] 0.0000000  0.000000 16.829635 0.00000000 0.000000 0.0000000  0.0000000    0    0
 [3,] 0.8911652  0.000000 19.422707 0.00000000 0.000000 0.0000000  0.4917503    0    0
 [4,] 0.8911652  8.023449  5.845411 0.00000000 0.000000 0.0000000  9.2043028    0    0
 [5,] 0.0000000  0.000000  0.000000 0.46057155 4.309948 0.1445824  0.0000000    0    0
 [6,] 0.0000000  8.802371  0.000000 0.81633644 0.000000 0.0000000  0.0000000    0    0
 [7,] 0.0000000  8.412910  0.000000 0.46057155 0.000000 0.0000000  0.0000000    0    0
 [8,] 0.0000000  0.000000 11.337523 0.00000000 4.417244 0.0000000 13.8064542    0    0
 [9,] 0.0000000  8.023449  0.000000 0.00000000 4.645570 0.0000000  0.0000000    0    0
[10,] 0.0000000  0.000000  0.000000 0.00000000 0.000000 0.0000000  0.0000000    0    0
[11,] 0.0000000  0.778922  0.000000 0.00000000 4.645570 0.0000000  0.9835006    0    0
[12,] 0.0000000  4.790647  0.000000 0.00000000 0.000000 0.0000000  0.0000000    0    0
[13,] 0.0000000  8.412910 12.402082 0.00000000 3.202204 0.0000000  0.0000000    0    0
[14,] 0.0000000  4.790647  0.000000 0.00000000 0.000000 0.0000000  0.0000000    0    0
[15,] 0.0000000  1.168383 25.051470 0.00000000 1.987164 0.2891647  0.0000000    0    0
[16,] 0.0000000  0.000000 18.358148 0.02620167 4.645570 0.0000000  0.9835006    0    0
[17,] 0.0000000  0.000000  0.000000 0.00000000 0.000000 0.0000000  0.0000000    0    0
[18,] 0.0000000  0.000000  0.000000 0.00000000 0.000000 0.0000000  0.4917503    0    0
[19,] 0.0000000  0.000000 14.041250 0.00000000 0.000000 0.0000000  0.0000000    0    0
[20,] 0.0000000  0.000000  0.000000 0.46057155 0.000000 0.0000000  0.0000000    0    0
[21,] 0.0000000  0.000000  6.883974 0.00000000 0.000000 0.1445824  0.4917503    0    0
[22,] 0.0000000  0.000000  0.000000 0.00000000 0.000000 0.0000000  0.0000000    0    0
[23,] 0.8911652  0.000000 15.791072 0.00000000 0.000000 0.1445824  0.0000000    0    0
[24,] 0.0000000  8.412910  0.000000 0.84253810 0.000000 0.0000000  0.0000000    0    0
[25,] 0.8911652  0.000000  0.000000 0.00000000 0.000000 0.0000000  0.0000000    0    0
[26,] 0.0000000  0.000000  0.000000 0.86873977 0.000000 0.1445824  0.0000000    0    0
[27,] 0.8911652  0.000000  0.000000 0.00000000 0.000000 0.0000000  0.0000000    0    0
[28,] 0.0000000  4.401186 23.412302 0.00000000 5.192575 0.0000000  0.0000000    0    0
[29,] 0.0000000  0.000000  0.000000 0.43436989 4.417244 0.0000000  0.0000000    0    0
[30,] 0.0000000  0.778922 10.873569 0.00000000 0.000000 0.0000000  0.0000000    0    0
[31,] 0.0000000  0.000000  0.000000 0.46057155 0.000000 0.0000000  5.0939017    0    0
[32,] 0.8911652  0.000000 18.030845 0.84253810 0.000000 0.0000000  0.9835006    0    0
[33,] 0.0000000  4.401186  0.000000 0.00000000 0.000000 0.2891647  0.0000000    0    0
[34,] 0.0000000  0.000000  0.000000 0.00000000 0.000000 0.2891647  0.0000000    0    0
[35,] 0.0000000  8.412910 14.615859 0.05240333 0.000000 0.0000000  0.0000000    0    0
[36,] 0.0000000  0.000000  0.000000 0.00000000 2.762494 0.0000000  0.0000000    0    0
[37,] 0.0000000  0.000000 16.829635 0.00000000 0.000000 0.0000000  5.5856520    0    0
[38,] 0.0000000  0.000000  0.000000 0.00000000 0.000000 0.0000000  0.0000000    0    0
[39,] 0.0000000  0.000000  0.000000 0.00000000 0.000000 0.0000000  0.0000000    0    0
[40,] 0.0000000  0.000000  0.000000 0.00000000 2.655198 0.4337471  0.0000000    0    0
[41,] 0.8911652  0.000000  0.000000 0.00000000 0.000000 0.0000000  0.0000000    0    0
[42,] 0.8911652  0.000000  0.000000 1.25070632 0.000000 0.0000000  0.0000000    0    0
[43,] 0.0000000  0.000000  0.000000 0.00000000 0.000000 0.1445824  0.0000000    0    0
[44,] 0.0000000  0.000000  0.000000 0.00000000 0.000000 0.0000000  9.2043028    0    0
[45,] 0.0000000  0.000000  0.000000 0.00000000 2.869790 0.0000000  0.0000000    0    0
[46,] 0.8911652 12.424635  0.000000 0.00000000 0.000000 0.0000000  0.0000000    0    0
[47,] 0.0000000  0.000000  0.000000 0.00000000 0.000000 0.0000000  0.0000000    0    0
[48,] 0.0000000  0.000000  4.180247 0.00000000 2.762494 0.4337471 14.2982046    0    0
[49,] 0.8911652  0.000000 20.708575 0.00000000 1.547454 0.0000000  0.0000000    0    0
[50,] 0.0000000  0.000000  0.000000 0.00000000 0.000000 0.0000000  1.4752509    0    0

$Ndateboots
          [,1]      [,2]      [,3]      [,4]     [,5]      [,6]      [,7] [,8] [,9]
 [1,]  0.00000 61.111111   0.00000  5.555556  0.00000  0.000000  0.000000    0    0
 [2,]  0.00000  0.000000  81.48148  0.000000  0.00000  0.000000  0.000000    0    0
 [3,] 11.11111  0.000000 159.25926  0.000000  0.00000  0.000000  2.222222    0    0
 [4,] 11.11111 55.555556  74.07407  0.000000  0.00000  0.000000 35.555556    0    0
 [5,]  0.00000  0.000000   0.00000  7.407407 88.88889  3.703704  0.000000    0    0
 [6,]  0.00000 61.111111   0.00000  7.407407  0.00000  0.000000  0.000000    0    0
 [7,]  0.00000 58.333333   0.00000  7.407407  0.00000  0.000000  0.000000    0    0
 [8,]  0.00000  0.000000  77.77778  0.000000 68.88889  0.000000 53.333333    0    0
 [9,]  0.00000 55.555556   0.00000  0.000000 57.77778  0.000000  0.000000    0    0
[10,]  0.00000  0.000000   0.00000  0.000000  0.00000  0.000000  0.000000    0    0
[11,]  0.00000  5.555556   0.00000  0.000000 57.77778  0.000000  4.444444    0    0
[12,]  0.00000 33.333333   0.00000  0.000000  0.00000  0.000000  0.000000    0    0
[13,]  0.00000 58.333333 103.70370  0.000000 64.44444  0.000000  0.000000    0    0
[14,]  0.00000 33.333333   0.00000  0.000000  0.00000  0.000000  0.000000    0    0
[15,]  0.00000  8.333333 137.03704  0.000000 60.00000  7.407407  0.000000    0    0
[16,]  0.00000  0.000000 133.33333  1.851852 57.77778  0.000000  4.444444    0    0
[17,]  0.00000  0.000000   0.00000  0.000000  0.00000  0.000000  0.000000    0    0
[18,]  0.00000  0.000000   0.00000  0.000000  0.00000  0.000000  2.222222    0    0
[19,]  0.00000  0.000000 111.11111  0.000000  0.00000  0.000000  0.000000    0    0
[20,]  0.00000  0.000000   0.00000  7.407407  0.00000  0.000000  0.000000    0    0
[21,]  0.00000  0.000000  81.48148  0.000000  0.00000  3.703704  2.222222    0    0
[22,]  0.00000  0.000000   0.00000  0.000000  0.00000  0.000000  0.000000    0    0
[23,] 11.11111  0.000000  74.07407  0.000000  0.00000  3.703704  0.000000    0    0
[24,]  0.00000 58.333333   0.00000  9.259259  0.00000  0.000000  0.000000    0    0
[25,] 11.11111  0.000000   0.00000  0.000000  0.00000  0.000000  0.000000    0    0
[26,]  0.00000  0.000000   0.00000 11.111111  0.00000  3.703704  0.000000    0    0
[27,] 11.11111  0.000000   0.00000  0.000000  0.00000  0.000000  0.000000    0    0
[28,]  0.00000 30.555556 129.62963  0.000000 55.55556  0.000000  0.000000    0    0
[29,]  0.00000  0.000000   0.00000  5.555556 68.88889  0.000000  0.000000    0    0
[30,]  0.00000  5.555556  51.85185  0.000000  0.00000  0.000000  0.000000    0    0
[31,]  0.00000  0.000000   0.00000  7.407407  0.00000  0.000000 20.000000    0    0
[32,] 11.11111  0.000000  81.48148  9.259259  0.00000  0.000000  4.444444    0    0
[33,]  0.00000 30.555556   0.00000  0.000000  0.00000  7.407407  0.000000    0    0
[34,]  0.00000  0.000000   0.00000  0.000000  0.00000  7.407407  0.000000    0    0
[35,]  0.00000 58.333333  92.59259  3.703704  0.00000  0.000000  0.000000    0    0
[36,]  0.00000  0.000000   0.00000  0.000000 46.66667  0.000000  0.000000    0    0
[37,]  0.00000  0.000000  81.48148  0.000000  0.00000  0.000000 22.222222    0    0
[38,]  0.00000  0.000000   0.00000  0.000000  0.00000  0.000000  0.000000    0    0
[39,]  0.00000  0.000000   0.00000  0.000000  0.00000  0.000000  0.000000    0    0
[40,]  0.00000  0.000000   0.00000  0.000000 66.66667 11.111111  0.000000    0    0
[41,] 11.11111  0.000000   0.00000  0.000000  0.00000  0.000000  0.000000    0    0
[42,] 11.11111  0.000000   0.00000 12.962963  0.00000  0.000000  0.000000    0    0
[43,]  0.00000  0.000000   0.00000  0.000000  0.00000  3.703704  0.000000    0    0
[44,]  0.00000  0.000000   0.00000  0.000000  0.00000  0.000000 35.555556    0    0
[45,]  0.00000  0.000000   0.00000  0.000000 26.66667  0.000000  0.000000    0    0
[46,] 11.11111 86.111111   0.00000  0.000000  0.00000  0.000000  0.000000    0    0
[47,]  0.00000  0.000000   0.00000  0.000000  0.00000  0.000000  0.000000    0    0
[48,]  0.00000  0.000000  48.14815  0.000000 46.66667 11.111111 55.555556    0    0
[49,] 11.11111  0.000000  96.29630  0.000000 42.22222  0.000000  0.000000    0    0
[50,]  0.00000  0.000000   0.00000  0.000000  0.00000  0.000000  6.666667    0    0

