$totdays
[1] 365

$Psampest
[1] 0.2677299

$Pbootest
      Mean       2.5%        50%      97.5% 
0.71995782 0.05663988 0.53498527 1.86511475 

$Pboots
 [1] 0.46251936 0.80629115 1.16027081 0.88144520 0.29866843 0.57314016 1.03982264
 [8] 1.71940869 0.33712009 0.09729696 0.24445797 0.35172796 0.55719835 0.63623913
[15] 1.89312126 1.40472878 1.26313215 0.51259398 1.73704925 0.33824913 0.31497718
[22] 0.52566671 0.25793679 1.24449503 0.50442843 0.67703324 0.29100187 0.51992412
[29] 0.74574497 0.09266212 0.19478944 1.90601578 1.39072650 0.06095228 1.39072650
[36] 0.32404736 0.28324241 0.82664161 1.76864790 0.32845600 0.05538789 1.44704394
[43] 0.25793679 0.04654390 0.58510514 0.13570023 1.16490564 1.68593752 0.11242828
[50] 0.54430383

$Bboots
 [1] 0.134138915 0.246562200 0.331013236 0.263951873 0.078056340 0.168491562 0.288270533
 [8] 0.489332733 0.102419784 0.027561739 0.072269314 0.099648190 0.176881618 0.171917504
[15] 0.540054982 0.403282550 0.362549504 0.148330294 0.321054520 0.097242320 0.092247719
[22] 0.151939098 0.074675183 0.354966171 0.146716850 0.204626219 0.082258516 0.161714951
[29] 0.226400932 0.030150471 0.056875000 0.557414168 0.393110485 0.018958333 0.393110485
[36] 0.098810981 0.079442137 0.234014752 0.515295325 0.094653588 0.014983804 0.414657550
[43] 0.074675183 0.009989203 0.179287487 0.037550941 0.328424504 0.482952335 0.032556340
[50] 0.159522432

$Nboots
 [1] 39.9305556 38.6805556 48.0555556 36.8055556 27.0138889 34.3750000 58.5416667
 [8] 75.5555556 20.7638889  5.0000000 12.5000000 11.3194444 29.4444444 23.8194444
[15] 75.7638889 60.5555556 61.0416667 26.8055556 42.0833333 14.2361111 13.8888889
[22] 22.4305556  9.5833333 57.4305556 43.8888889 40.6250000 13.1944444 22.2222222
[29] 31.1111111  8.2638889 27.0833333 79.1666667 53.6805556  9.0277778 53.6805556
[36] 25.1388889 31.7361111 29.4444444 74.9305556 10.9722222  1.0416667 65.9722222
[43]  9.5833333  0.6944444 26.5277778  5.6944444 44.7916667 70.4861111  5.3472222
[50] 26.0416667

$julians
[1] 2008 2040 2085 2122 2143 2232 2278 2283 2362

$intdays
[1] 32 45 37 21 89 46  5 79 11

$Pintsampest
[1] 0.00000000 0.12434191 0.11337562 0.01117988 0.01883251 0.00000000 0.00000000
[8] 0.00000000 0.00000000

$Pintboots
            [,1]       [,2]       [,3]        [,4]       [,5] [,6] [,7]       [,8]
 [1,] 0.10401920 0.19722681 0.11337562 0.011179876 0.01883251    0    0 0.00000000
 [2,] 0.44364290 0.12434191 0.12527230 0.017920308 0.01883251    0    0 0.00000000
 [3,] 0.44364290 0.62170957 0.01189668 0.006740432 0.00000000    0    0 0.00000000
 [4,] 0.47104692 0.16274519 0.11337562 0.015619319 0.03766502    0    0 0.00000000
 [5,] 0.07941361 0.07288489 0.02379337 0.017920308 0.01883251    0    0 0.06745722
 [6,] 0.05200960 0.24868383 0.22675124 0.017920308 0.01883251    0    0 0.00000000
 [7,] 0.49565250 0.19722681 0.10147894 0.004439443 0.01883251    0    0 0.12802587
 [8,] 0.49565250 0.87039340 0.21485456 0.015619319 0.03766502    0    0 0.00000000
 [9,] 0.02740402 0.12434191 0.13716899 0.024660741 0.01883251    0    0 0.00000000
[10,] 0.02740402 0.00000000 0.01189668 0.015619319 0.03766502    0    0 0.00000000
[11,] 0.00000000 0.12434191 0.11337562 0.006740432 0.00000000    0    0 0.00000000
[12,] 0.05480803 0.16274519 0.10147894 0.004439443 0.01883251    0    0 0.00000000
[13,] 0.44364290 0.00000000 0.02379337 0.013480865 0.00000000    0    0 0.00000000
[14,] 0.02740402 0.28708710 0.21485456 0.011179876 0.01883251    0    0 0.06745722
[15,] 0.47104692 0.99473532 0.31633350 0.011179876 0.01883251    0    0 0.00000000
[16,] 0.44364290 0.74605149 0.12527230 0.013480865 0.00000000    0    0 0.00000000
[17,] 0.49565250 0.62170957 0.02379337 0.017920308 0.01883251    0    0 0.00000000
[18,] 0.05200960 0.24868383 0.20295788 0.000000000 0.00000000    0    0 0.00000000
[19,] 0.02740402 0.28708710 0.20295788 0.008878886 0.03766502    0    0 1.09206321
[20,] 0.02740402 0.16274519 0.11337562 0.011179876 0.01883251    0    0 0.00000000
[21,] 0.02740402 0.16274519 0.11337562 0.006740432 0.00000000    0    0 0.00000000
[22,] 0.02740402 0.24868383 0.21485456 0.011179876 0.01883251    0    0 0.00000000
[23,] 0.02740402 0.12434191 0.10147894 0.000000000 0.00000000    0    0 0.00000000
[24,] 0.49565250 0.62170957 0.01189668 0.011179876 0.01883251    0    0 0.00000000
[25,] 0.10401920 0.19722681 0.12527230 0.022359751 0.03766502    0    0 0.00000000
[26,] 0.49565250 0.07288489 0.00000000 0.004439443 0.01883251    0    0 0.00000000
[27,] 0.00000000 0.12434191 0.11337562 0.015619319 0.03766502    0    0 0.00000000
[28,] 0.44364290 0.00000000 0.00000000 0.000000000 0.00000000    0    0 0.00000000
[29,] 0.44364290 0.12434191 0.10147894 0.000000000 0.00000000    0    0 0.00000000
[30,] 0.02740402 0.00000000 0.02379337 0.017920308 0.01883251    0    0 0.00000000
[31,] 0.10401920 0.07288489 0.00000000 0.000000000 0.00000000    0    0 0.00000000
[32,] 0.88728580 0.74605149 0.11337562 0.006740432 0.00000000    0    0 0.00000000
[33,] 0.44364290 0.74605149 0.10147894 0.004439443 0.01883251    0    0 0.00000000
[34,] 0.05200960 0.00000000 0.00000000 0.000000000 0.00000000    0    0 0.00000000
[35,] 0.44364290 0.74605149 0.10147894 0.004439443 0.01883251    0    0 0.00000000
[36,] 0.05200960 0.12434191 0.12527230 0.013480865 0.00000000    0    0 0.00000000
[37,] 0.10401920 0.07288489 0.01189668 0.020058762 0.05649753    0    0 0.00000000
[38,] 0.05480803 0.41142901 0.30443682 0.008878886 0.03766502    0    0 0.00000000
[39,] 0.88728580 0.62170957 0.02379337 0.026799194 0.05649753    0    0 0.00000000
[40,] 0.05480803 0.16274519 0.10147894 0.000000000 0.00000000    0    0 0.00000000
[41,] 0.02740402 0.00000000 0.00000000 0.004439443 0.01883251    0    0 0.00000000
[42,] 0.49565250 0.74605149 0.11337562 0.006740432 0.00000000    0    0 0.00000000
[43,] 0.02740402 0.12434191 0.10147894 0.000000000 0.00000000    0    0 0.00000000
[44,] 0.00000000 0.00000000 0.00000000 0.008878886 0.03766502    0    0 0.00000000
[45,] 0.44364290 0.00000000 0.01189668 0.015619319 0.03766502    0    0 0.00000000
[46,] 0.02740402 0.03840327 0.01189668 0.015619319 0.03766502    0    0 0.00000000
[47,] 0.44364290 0.62170957 0.00000000 0.004439443 0.01883251    0    0 0.00000000
[48,] 0.47104692 0.87039340 0.22675124 0.017920308 0.01883251    0    0 0.00000000
[49,] 0.02740402 0.03840327 0.01189668 0.011179876 0.01883251    0    0 0.00000000
[50,] 0.02740402 0.24868383 0.22675124 0.017920308 0.01883251    0    0 0.00000000
             [,9]
 [1,] 0.017885355
 [2,] 0.076281218
 [3,] 0.076281218
 [4,] 0.080993142
 [5,] 0.018366526
 [6,] 0.008942678
 [7,] 0.094166573
 [8,] 0.085223896
 [9,] 0.004711924
[10,] 0.004711924
[11,] 0.000000000
[12,] 0.009423848
[13,] 0.076281218
[14,] 0.009423848
[15,] 0.080993142
[16,] 0.076281218
[17,] 0.085223896
[18,] 0.008942678
[19,] 0.080993142
[20,] 0.004711924
[21,] 0.004711924
[22,] 0.004711924
[23,] 0.004711924
[24,] 0.085223896
[25,] 0.017885355
[26,] 0.085223896
[27,] 0.000000000
[28,] 0.076281218
[29,] 0.076281218
[30,] 0.004711924
[31,] 0.017885355
[32,] 0.152562436
[33,] 0.076281218
[34,] 0.008942678
[35,] 0.076281218
[36,] 0.008942678
[37,] 0.017885355
[38,] 0.009423848
[39,] 0.152562436
[40,] 0.009423848
[41,] 0.004711924
[42,] 0.085223896
[43,] 0.004711924
[44,] 0.000000000
[45,] 0.076281218
[46,] 0.004711924
[47,] 0.076281218
[48,] 0.080993142
[49,] 0.004711924
[50,] 0.004711924

$Bdatesampinfo
      DATE JULIAN N       Mean      Stdev
1 07/01/11   2008 1 0.00000000         NA
2 08/02/11   2040 1 0.00000000         NA
3 09/16/11   2085 5 0.51748784 1.15713800
4 10/23/11   2122 5 0.06066667 0.13565479
5 11/13/11   2143 4 0.03995681 0.07991362
6 02/10/12   2232 5 0.00000000 0.00000000
7 03/27/12   2278 4 0.00000000 0.00000000
8 04/01/12   2283 3 0.00000000 0.00000000
9 06/19/12   2362 1 0.00000000         NA

$Ndatesampinfo
      DATE JULIAN N      Mean      Stdev
1 07/01/11   2008 1  0.000000         NA
2 08/02/11   2040 1  0.000000         NA
3 09/16/11   2085 5 71.111111 159.009278
4 10/23/11   2122 5 28.888889  64.597519
5 11/13/11   2143 4  2.777778   5.555556
6 02/10/12   2232 5  0.000000   0.000000
7 03/27/12   2278 4  0.000000   0.000000
8 04/01/12   2283 3  0.000000   0.000000
9 06/19/12   2362 1  0.000000         NA

$Bdateboots
           [,1]      [,2]      [,3]       [,4]       [,5] [,6] [,7] [,8]      [,9]
 [1,] 0.3033333 0.3033333 0.5174878 0.06066667 0.03995681    0    0    0 0.0000000
 [2,] 2.5874392 0.0000000 0.5174878 0.12133333 0.03995681    0    0    0 0.0000000
 [3,] 0.0000000 2.5874392 0.0000000 0.06066667 0.00000000    0    0    0 0.0000000
 [4,] 2.5874392 0.1598272 0.5174878 0.06066667 0.07991362    0    0    0 0.0000000
 [5,] 0.1598272 0.3033333 0.0000000 0.12133333 0.03995681    0    0    0 0.1598272
 [6,] 0.3033333 0.0000000 1.0349757 0.12133333 0.03995681    0    0    0 0.0000000
 [7,] 2.5874392 0.3033333 0.5174878 0.00000000 0.03995681    0    0    0 0.3033333
 [8,] 0.3033333 2.5874392 1.0349757 0.06066667 0.07991362    0    0    0 0.0000000
 [9,] 0.1598272 0.0000000 0.5174878 0.18200000 0.03995681    0    0    0 0.0000000
[10,] 0.1598272 0.0000000 0.0000000 0.06066667 0.07991362    0    0    0 0.0000000
[11,] 0.0000000 0.0000000 0.5174878 0.06066667 0.00000000    0    0    0 0.0000000
[12,] 0.1598272 0.1598272 0.5174878 0.00000000 0.03995681    0    0    0 0.0000000
[13,] 2.5874392 0.0000000 0.0000000 0.12133333 0.00000000    0    0    0 0.0000000
[14,] 0.0000000 0.1598272 1.0349757 0.06066667 0.03995681    0    0    0 0.1598272
[15,] 0.1598272 2.5874392 1.5524635 0.06066667 0.03995681    0    0    0 0.0000000
[16,] 0.0000000 2.5874392 0.5174878 0.12133333 0.00000000    0    0    0 0.0000000
[17,] 0.3033333 2.5874392 0.0000000 0.12133333 0.03995681    0    0    0 0.0000000
[18,] 0.3033333 0.0000000 1.0349757 0.00000000 0.00000000    0    0    0 0.0000000
[19,] 0.0000000 0.1598272 1.0349757 0.00000000 0.07991362    0    0    0 2.5874392
[20,] 0.0000000 0.1598272 0.5174878 0.06066667 0.03995681    0    0    0 0.0000000
[21,] 0.0000000 0.1598272 0.5174878 0.06066667 0.00000000    0    0    0 0.0000000
[22,] 0.1598272 0.0000000 1.0349757 0.06066667 0.03995681    0    0    0 0.0000000
[23,] 0.1598272 0.0000000 0.5174878 0.00000000 0.00000000    0    0    0 0.0000000
[24,] 0.3033333 2.5874392 0.0000000 0.06066667 0.03995681    0    0    0 0.0000000
[25,] 0.3033333 0.3033333 0.5174878 0.12133333 0.07991362    0    0    0 0.0000000
[26,] 2.5874392 0.3033333 0.0000000 0.00000000 0.03995681    0    0    0 0.0000000
[27,] 0.0000000 0.0000000 0.5174878 0.06066667 0.07991362    0    0    0 0.0000000
[28,] 2.5874392 0.0000000 0.0000000 0.00000000 0.00000000    0    0    0 0.0000000
[29,] 2.5874392 0.0000000 0.5174878 0.00000000 0.00000000    0    0    0 0.0000000
[30,] 0.1598272 0.0000000 0.0000000 0.12133333 0.03995681    0    0    0 0.0000000
[31,] 0.3033333 0.3033333 0.0000000 0.00000000 0.00000000    0    0    0 0.0000000
[32,] 2.5874392 2.5874392 0.5174878 0.06066667 0.00000000    0    0    0 0.0000000
[33,] 0.0000000 2.5874392 0.5174878 0.00000000 0.03995681    0    0    0 0.0000000
[34,] 0.3033333 0.0000000 0.0000000 0.00000000 0.00000000    0    0    0 0.0000000
[35,] 0.0000000 2.5874392 0.5174878 0.00000000 0.03995681    0    0    0 0.0000000
[36,] 0.3033333 0.0000000 0.5174878 0.12133333 0.00000000    0    0    0 0.0000000
[37,] 0.3033333 0.3033333 0.0000000 0.06066667 0.11987043    0    0    0 0.0000000
[38,] 0.1598272 0.1598272 1.5524635 0.00000000 0.07991362    0    0    0 0.0000000
[39,] 2.5874392 2.5874392 0.0000000 0.12133333 0.11987043    0    0    0 0.0000000
[40,] 0.1598272 0.1598272 0.5174878 0.00000000 0.00000000    0    0    0 0.0000000
[41,] 0.1598272 0.0000000 0.0000000 0.00000000 0.03995681    0    0    0 0.0000000
[42,] 0.3033333 2.5874392 0.5174878 0.06066667 0.00000000    0    0    0 0.0000000
[43,] 0.1598272 0.0000000 0.5174878 0.00000000 0.00000000    0    0    0 0.0000000
[44,] 0.0000000 0.0000000 0.0000000 0.00000000 0.07991362    0    0    0 0.0000000
[45,] 2.5874392 0.0000000 0.0000000 0.06066667 0.07991362    0    0    0 0.0000000
[46,] 0.0000000 0.1598272 0.0000000 0.06066667 0.07991362    0    0    0 0.0000000
[47,] 0.0000000 2.5874392 0.0000000 0.00000000 0.03995681    0    0    0 0.0000000
[48,] 0.1598272 2.5874392 1.0349757 0.12133333 0.03995681    0    0    0 0.0000000
[49,] 0.0000000 0.1598272 0.0000000 0.06066667 0.03995681    0    0    0 0.0000000
[50,] 0.1598272 0.0000000 1.0349757 0.12133333 0.03995681    0    0    0 0.0000000

$Ndateboots
           [,1]      [,2]      [,3]     [,4]     [,5] [,6] [,7] [,8]      [,9]
 [1,] 144.44444 144.44444  71.11111 28.88889 2.777778    0    0    0   0.00000
 [2,] 355.55556   0.00000  71.11111 57.77778 2.777778    0    0    0   0.00000
 [3,]   0.00000 355.55556   0.00000 28.88889 0.000000    0    0    0   0.00000
 [4,] 355.55556  11.11111  71.11111 28.88889 5.555556    0    0    0   0.00000
 [5,]  11.11111 144.44444   0.00000 57.77778 2.777778    0    0    0  11.11111
 [6,] 144.44444   0.00000 142.22222 57.77778 2.777778    0    0    0   0.00000
 [7,] 355.55556 144.44444  71.11111  0.00000 2.777778    0    0    0 144.44444
 [8,] 144.44444 355.55556 142.22222 28.88889 5.555556    0    0    0   0.00000
 [9,]  11.11111   0.00000  71.11111 86.66667 2.777778    0    0    0   0.00000
[10,]  11.11111   0.00000   0.00000 28.88889 5.555556    0    0    0   0.00000
[11,]   0.00000   0.00000  71.11111 28.88889 0.000000    0    0    0   0.00000
[12,]  11.11111  11.11111  71.11111  0.00000 2.777778    0    0    0   0.00000
[13,] 355.55556   0.00000   0.00000 57.77778 0.000000    0    0    0   0.00000
[14,]   0.00000  11.11111 142.22222 28.88889 2.777778    0    0    0  11.11111
[15,]  11.11111 355.55556 213.33333 28.88889 2.777778    0    0    0   0.00000
[16,]   0.00000 355.55556  71.11111 57.77778 0.000000    0    0    0   0.00000
[17,] 144.44444 355.55556   0.00000 57.77778 2.777778    0    0    0   0.00000
[18,] 144.44444   0.00000 142.22222  0.00000 0.000000    0    0    0   0.00000
[19,]   0.00000  11.11111 142.22222  0.00000 5.555556    0    0    0 355.55556
[20,]   0.00000  11.11111  71.11111 28.88889 2.777778    0    0    0   0.00000
[21,]   0.00000  11.11111  71.11111 28.88889 0.000000    0    0    0   0.00000
[22,]  11.11111   0.00000 142.22222 28.88889 2.777778    0    0    0   0.00000
[23,]  11.11111   0.00000  71.11111  0.00000 0.000000    0    0    0   0.00000
[24,] 144.44444 355.55556   0.00000 28.88889 2.777778    0    0    0   0.00000
[25,] 144.44444 144.44444  71.11111 57.77778 5.555556    0    0    0   0.00000
[26,] 355.55556 144.44444   0.00000  0.00000 2.777778    0    0    0   0.00000
[27,]   0.00000   0.00000  71.11111 28.88889 5.555556    0    0    0   0.00000
[28,] 355.55556   0.00000   0.00000  0.00000 0.000000    0    0    0   0.00000
[29,] 355.55556   0.00000  71.11111  0.00000 0.000000    0    0    0   0.00000
[30,]  11.11111   0.00000   0.00000 57.77778 2.777778    0    0    0   0.00000
[31,] 144.44444 144.44444   0.00000  0.00000 0.000000    0    0    0   0.00000
[32,] 355.55556 355.55556  71.11111 28.88889 0.000000    0    0    0   0.00000
[33,]   0.00000 355.55556  71.11111  0.00000 2.777778    0    0    0   0.00000
[34,] 144.44444   0.00000   0.00000  0.00000 0.000000    0    0    0   0.00000
[35,]   0.00000 355.55556  71.11111  0.00000 2.777778    0    0    0   0.00000
[36,] 144.44444   0.00000  71.11111 57.77778 0.000000    0    0    0   0.00000
[37,] 144.44444 144.44444   0.00000 28.88889 8.333333    0    0    0   0.00000
[38,]  11.11111  11.11111 213.33333  0.00000 5.555556    0    0    0   0.00000
[39,] 355.55556 355.55556   0.00000 57.77778 8.333333    0    0    0   0.00000
[40,]  11.11111  11.11111  71.11111  0.00000 0.000000    0    0    0   0.00000
[41,]  11.11111   0.00000   0.00000  0.00000 2.777778    0    0    0   0.00000
[42,] 144.44444 355.55556  71.11111 28.88889 0.000000    0    0    0   0.00000
[43,]  11.11111   0.00000  71.11111  0.00000 0.000000    0    0    0   0.00000
[44,]   0.00000   0.00000   0.00000  0.00000 5.555556    0    0    0   0.00000
[45,] 355.55556   0.00000   0.00000 28.88889 5.555556    0    0    0   0.00000
[46,]   0.00000  11.11111   0.00000 28.88889 5.555556    0    0    0   0.00000
[47,]   0.00000 355.55556   0.00000  0.00000 2.777778    0    0    0   0.00000
[48,]  11.11111 355.55556 142.22222 57.77778 2.777778    0    0    0   0.00000
[49,]   0.00000  11.11111   0.00000 28.88889 2.777778    0    0    0   0.00000
[50,]  11.11111   0.00000 142.22222 57.77778 2.777778    0    0    0   0.00000

