$totdays
[1] 365

$Psampest
[1] NA

$Pbootest
     Mean      2.5%       50%     97.5% 
 2.467977  0.000000  0.000000 14.390890 

$Pboots
 [1]  0.00000000  0.00000000  3.51767552  5.88286088  0.00000000  0.00000000  0.00000000
 [8] 18.56049017  0.00000000 12.77234865  0.00000000  3.84013459 10.62720594  0.00000000
[15]  0.00000000  0.00000000  0.00000000  0.00000000  0.00000000  0.00000000  6.86289846
[22]  5.55640042  0.00000000  0.00000000 10.14711041  0.00000000  0.00000000  0.00000000
[29]  1.97460742  2.30658266  0.00000000  0.00000000  0.00000000  0.00000000  0.02748073
[36]  0.00000000  5.36118816  0.00000000  0.22500042  3.39013375  0.00000000 14.86078879
[43]  0.00000000  2.06090965  0.00000000  4.90758047  0.00000000 10.51744694  0.00000000
[50]  0.00000000

$Bboots
 [1] 0.00000000 0.00000000 0.91498194 1.87493434 0.00000000 0.00000000 0.00000000
 [8] 3.12650798 0.00000000 3.06959714 0.00000000 0.99035633 2.76423664 0.00000000
[15] 0.00000000 0.00000000 0.00000000 0.00000000 0.00000000 0.00000000 0.91003770
[22] 1.83189005 0.00000000 0.00000000 2.48954234 0.00000000 0.00000000 0.00000000
[29] 1.11076076 0.34156330 0.00000000 0.00000000 0.00000000 0.00000000 0.06510644
[36] 0.00000000 0.95147951 0.00000000 0.05802796 0.87430042 0.00000000 4.79601462
[43] 0.00000000 0.30518356 0.00000000 1.78887219 0.00000000 2.73568688 0.00000000
[50] 0.00000000

$Nboots
 [1]  0.0000000  0.0000000  0.9259259  1.8518519  0.0000000  0.0000000  0.0000000
 [8]  3.8888889  0.0000000 12.0949074  0.0000000  1.2962963  2.3148148  0.0000000
[15]  0.0000000  0.0000000  0.0000000  0.0000000  0.0000000  0.0000000  1.3888889
[22]  2.8935185  0.0000000  0.0000000  5.6481481  0.0000000  0.0000000  0.0000000
[29]  3.0092593 10.4166667  0.0000000  0.0000000  0.0000000  0.0000000  0.5208333
[36]  0.0000000  0.9953704  0.0000000  0.4166667  0.4629630  0.0000000  5.6712963
[43]  0.0000000 10.0694444  0.0000000  2.3148148  0.0000000  1.8518519  0.0000000
[50]  0.0000000

$julians
[1] 2008 2040 2085 2122 2143 2232 2278 2283 2362

$intdays
[1] 32 45 37 21 89 46  5 79 11

$Pintsampest
[1] NA NA NA NA NA NA NA NA NA

$Pintboots
         [,1]      [,2]       [,3]     [,4]      [,5]      [,6]       [,7]     [,8]
 [1,]      NA        NA         NA       NA        NA        NA         NA       NA
 [2,]      NA        NA         NA       NA        NA        NA         NA       NA
 [3,]      NA  3.517676         NA       NA        NA        NA         NA       NA
 [4,]      NA        NA 5.88286088       NA        NA        NA         NA       NA
 [5,]      NA        NA         NA       NA        NA        NA         NA       NA
 [6,]      NA        NA         NA       NA        NA        NA         NA       NA
 [7,]      NA        NA         NA       NA        NA        NA         NA       NA
 [8,]      NA        NA         NA       NA 13.250289 5.3102010         NA       NA
 [9,]      NA        NA         NA       NA        NA        NA         NA       NA
[10,]      NA 10.517447         NA       NA        NA        NA         NA 2.254902
[11,]      NA        NA         NA       NA        NA        NA         NA       NA
[12,]      NA        NA         NA       NA        NA 3.8401346         NA       NA
[13,]      NA 10.627206         NA       NA        NA        NA         NA       NA
[14,]      NA        NA         NA       NA        NA        NA         NA       NA
[15,]      NA        NA         NA       NA        NA        NA         NA       NA
[16,]      NA        NA         NA       NA        NA        NA         NA       NA
[17,]      NA        NA         NA       NA        NA        NA         NA       NA
[18,]      NA        NA         NA       NA        NA        NA         NA       NA
[19,]      NA        NA         NA       NA        NA        NA         NA       NA
[20,]      NA        NA         NA       NA        NA        NA         NA       NA
[21,]      NA        NA         NA       NA  6.862898        NA         NA       NA
[22,] 3.65250  1.813717 0.09018366       NA        NA        NA         NA       NA
[23,]      NA        NA         NA       NA        NA        NA         NA       NA
[24,]      NA        NA         NA       NA        NA        NA         NA       NA
[25,] 3.65250        NA         NA       NA  4.124543 2.3700681         NA       NA
[26,]      NA        NA         NA       NA        NA        NA         NA       NA
[27,]      NA        NA         NA       NA        NA        NA         NA       NA
[28,]      NA        NA         NA       NA        NA        NA         NA       NA
[29,]      NA        NA         NA 1.974607        NA        NA         NA       NA
[30,]      NA        NA         NA       NA        NA        NA         NA 2.306583
[31,]      NA        NA         NA       NA        NA        NA         NA       NA
[32,]      NA        NA         NA       NA        NA        NA         NA       NA
[33,]      NA        NA         NA       NA        NA        NA         NA       NA
[34,]      NA        NA         NA       NA        NA        NA         NA       NA
[35,]      NA        NA         NA       NA        NA        NA 0.02748073       NA
[36,]      NA        NA         NA       NA        NA        NA         NA       NA
[37,]      NA        NA         NA       NA  3.441121 1.9200673         NA       NA
[38,]      NA        NA         NA       NA        NA        NA         NA       NA
[39,]      NA        NA         NA       NA        NA 0.2250004         NA       NA
[40,]      NA        NA         NA       NA        NA 3.3901338         NA       NA
[41,]      NA        NA         NA       NA        NA        NA         NA       NA
[42,]      NA  7.054651 5.86557540 1.940562        NA        NA         NA       NA
[43,]      NA        NA         NA       NA        NA        NA         NA       NA
[44,]      NA        NA         NA       NA        NA        NA         NA 2.060910
[45,]      NA        NA         NA       NA        NA        NA         NA       NA
[46,] 4.90758        NA         NA       NA        NA        NA         NA       NA
[47,]      NA        NA         NA       NA        NA        NA         NA       NA
[48,]      NA 10.517447         NA       NA        NA        NA         NA       NA
[49,]      NA        NA         NA       NA        NA        NA         NA       NA
[50,]      NA        NA         NA       NA        NA        NA         NA       NA
      [,9]
 [1,]   NA
 [2,]   NA
 [3,]   NA
 [4,]   NA
 [5,]   NA
 [6,]   NA
 [7,]   NA
 [8,]   NA
 [9,]   NA
[10,]   NA
[11,]   NA
[12,]   NA
[13,]   NA
[14,]   NA
[15,]   NA
[16,]   NA
[17,]   NA
[18,]   NA
[19,]   NA
[20,]   NA
[21,]   NA
[22,]   NA
[23,]   NA
[24,]   NA
[25,]   NA
[26,]   NA
[27,]   NA
[28,]   NA
[29,]   NA
[30,]   NA
[31,]   NA
[32,]   NA
[33,]   NA
[34,]   NA
[35,]   NA
[36,]   NA
[37,]   NA
[38,]   NA
[39,]   NA
[40,]   NA
[41,]   NA
[42,]   NA
[43,]   NA
[44,]   NA
[45,]   NA
[46,]   NA
[47,]   NA
[48,]   NA
[49,]   NA
[50,]   NA

$Bdatesampinfo
      DATE JULIAN N Mean Stdev
1 07/01/11   2008 2   NA    NA
2 08/02/11   2040 3   NA    NA
3 09/16/11   2085 6   NA    NA
4 10/23/11   2122 6   NA    NA
5 11/13/11   2143 6   NA    NA
6 02/10/12   2232 6   NA    NA
7 03/27/12   2278 5   NA    NA
8 04/01/12   2283 4   NA    NA
9 06/19/12   2362 2   NA    NA

$Ndatesampinfo
      DATE JULIAN N Mean Stdev
1 07/01/11   2008 2   NA    NA
2 08/02/11   2040 3   NA    NA
3 09/16/11   2085 6   NA    NA
4 10/23/11   2122 6   NA    NA
5 11/13/11   2143 6   NA    NA
6 02/10/12   2232 6   NA    NA
7 03/27/12   2278 5   NA    NA
8 04/01/12   2283 4   NA    NA
9 06/19/12   2362 2   NA    NA

$Bdateboots
          [,1]      [,2]       [,3]      [,4]       [,5]      [,6]      [,7]      [,8]
 [1,]  0.00000  0.000000 29.3596771 0.0000000  1.7153895  0.000000 0.0000000 0.0000000
 [2,] 13.98224  0.000000  0.0000000 0.0000000  0.0000000  6.994403 0.0000000 0.0000000
 [3,]  0.00000 14.639711  0.0000000 0.0000000  0.0000000  0.000000 0.0000000 0.0000000
 [4,]  0.00000  0.000000 29.3596771 0.6392723  0.0000000  0.000000 0.0000000 0.0000000
 [5,]  0.00000  0.000000  0.0000000 0.0000000  2.2871861  0.000000 0.9284473 0.0000000
 [6,]  0.00000  0.000000  0.0000000 0.0000000  0.3064182  0.000000 0.0000000 0.0000000
 [7,] 13.98224  0.000000  0.0000000 0.0000000  0.0000000  0.000000 0.0000000 0.0000000
 [8,] 13.98224  0.000000  0.0000000 0.0000000  7.1292604 20.983210 0.9284473 0.0000000
 [9,]  0.00000  0.000000  0.0000000 0.0000000  0.3064182  0.000000 0.0000000 0.0000000
[10,]  0.00000 14.639711 29.1312790 0.0000000  6.2510457  0.000000 0.0000000 1.2664888
[11,]  0.00000  0.000000  0.0000000 0.6392723  0.0000000  0.000000 0.0000000 0.0000000
[12,]  0.00000  0.000000 58.2625580 0.0000000  0.0000000 13.988807 1.8568946 0.0000000
[13,]  0.00000 14.639711 29.5880753 0.0000000  0.0000000  0.000000 0.0000000 0.0000000
[14,] 13.98224  0.000000  0.0000000 0.0000000  0.0000000  0.000000 0.0000000 0.0000000
[15,]  0.00000  0.000000  0.0000000 0.5511257  0.0000000  0.000000 0.0000000 0.0000000
[16,]  0.00000  0.000000 29.5880753 0.0000000  0.0000000 13.988807 0.0000000 0.0000000
[17,]  0.00000  0.000000  0.0000000 0.1762932  0.0000000  6.994403 0.0000000 0.9192545
[18,] 13.98224  0.000000  0.0000000 0.4077828  0.0000000  6.994403 0.0000000 0.0000000
[19,]  0.00000  0.000000 58.7193543 0.0000000  0.0000000  0.000000 0.0000000 1.2664888
[20,]  0.00000 14.639711  0.0000000 0.0000000  6.5574639  0.000000 0.0000000 0.0000000
[21,]  0.00000  0.000000  0.0000000 0.0000000  0.5717965 13.988807 0.0000000 1.6137232
[22,] 13.98224  7.319856  0.2283981 0.2314896  0.0000000  0.000000 0.0000000 0.0000000
[23,]  0.00000  0.000000  0.0000000 0.0000000  0.0000000  0.000000 0.0000000 0.0000000
[24,]  0.00000 21.959567  0.0000000 0.0000000  0.0000000  0.000000 0.0000000 0.0000000
[25,] 13.98224  7.319856  0.0000000 0.0000000  1.7564294  6.994403 2.7853420 0.0000000
[26,] 13.98224  0.000000  0.0000000 0.0000000  0.0000000  0.000000 0.0000000 0.0000000
[27,] 13.98224  0.000000  0.0000000 0.0000000  0.0000000  0.000000 0.0000000 0.0000000
[28,] 13.98224  0.000000  0.0000000 0.0000000  0.0000000 13.988807 0.0000000 1.0417030
[29,]  0.00000  0.000000  0.0000000 0.5511257 17.2210464  0.000000 0.0000000 0.0000000
[30,]  0.00000  0.000000  0.0000000 0.0000000  0.0000000  0.000000 0.0000000 1.3889374
[31,]  0.00000 21.959567  0.0000000 0.0000000  5.6382094  0.000000 0.0000000 0.0000000
[32,] 13.98224  0.000000  0.0000000 0.0000000  0.0000000  0.000000 0.0000000 1.0417030
[33,]  0.00000  0.000000  0.2283981 0.0000000  0.0000000  0.000000 0.0000000 1.6137232
[34,] 13.98224  0.000000  0.0000000 0.4077828  0.0000000  0.000000 0.0000000 0.0000000
[35,]  0.00000  0.000000  0.0000000 0.0000000  6.5164241  0.000000 0.0000000 1.0417030
[36,]  0.00000 14.639711  0.0000000 0.3196362  0.0000000  0.000000 2.7853420 0.0000000
[37,] 13.98224  0.000000  0.0000000 0.0000000  0.3064182  6.994403 0.9284473 0.0000000
[38,]  0.00000  7.319856  0.0000000 0.8707619  0.0000000  0.000000 0.0000000 0.0000000
[39,]  0.00000  0.000000  0.0000000 0.0000000  0.0000000  0.000000 0.9284473 0.0000000
[40,]  0.00000  0.000000  0.0000000 0.3196362  0.0000000 13.988807 0.0000000 0.0000000
[41,]  0.00000  7.319856  0.0000000 0.0000000  0.0000000  0.000000 0.0000000 0.0000000
[42,]  0.00000  0.000000 29.3596771 0.5511257 16.9146282  0.000000 0.9284473 0.0000000
[43,] 13.98224  0.000000  0.0000000 0.0000000  0.0000000  6.994403 0.0000000 0.0000000
[44,]  0.00000  0.000000  0.0000000 0.0000000  0.0000000  0.000000 0.0000000 0.8068616
[45,]  0.00000 14.639711  0.0000000 0.5511257  0.0000000  0.000000 0.0000000 0.0000000
[46,] 13.98224 14.639711  0.0000000 0.0000000  6.8228423  0.000000 0.0000000 0.0000000
[47,]  0.00000  0.000000  0.4567963 0.0000000  7.3946388  0.000000 0.9284473 0.0000000
[48,]  0.00000 14.639711 29.1312790 0.0000000  6.5164241  0.000000 0.0000000 0.0000000
[49,]  0.00000 21.959567  0.0000000 0.1762932  0.0000000  0.000000 0.0000000 0.8068616
[50,]  0.00000  0.000000  0.0000000 0.0000000  0.0000000  0.000000 0.0000000 0.0000000
          [,9]
 [1,] 0.000000
 [2,] 0.000000
 [3,] 0.000000
 [4,] 0.000000
 [5,] 0.000000
 [6,] 4.076075
 [7,] 0.000000
 [8,] 0.000000
 [9,] 0.000000
[10,] 4.076075
[11,] 0.000000
[12,] 4.076075
[13,] 0.000000
[14,] 0.000000
[15,] 4.076075
[16,] 0.000000
[17,] 0.000000
[18,] 0.000000
[19,] 0.000000
[20,] 0.000000
[21,] 0.000000
[22,] 0.000000
[23,] 0.000000
[24,] 4.076075
[25,] 0.000000
[26,] 0.000000
[27,] 0.000000
[28,] 0.000000
[29,] 0.000000
[30,] 4.076075
[31,] 0.000000
[32,] 0.000000
[33,] 0.000000
[34,] 4.076075
[35,] 0.000000
[36,] 0.000000
[37,] 4.076075
[38,] 4.076075
[39,] 4.076075
[40,] 0.000000
[41,] 0.000000
[42,] 0.000000
[43,] 4.076075
[44,] 4.076075
[45,] 0.000000
[46,] 0.000000
[47,] 0.000000
[48,] 0.000000
[49,] 0.000000
[50,] 0.000000

$Ndateboots
          [,1]      [,2]      [,3]      [,4]      [,5]      [,6]      [,7]      [,8]
 [1,]  0.00000  0.000000 18.518519  0.000000 44.444444  0.000000  0.000000  0.000000
 [2,] 22.22222  0.000000  0.000000  0.000000  0.000000  3.703704  0.000000  0.000000
 [3,]  0.00000 14.814815  0.000000  0.000000  0.000000  0.000000  0.000000  0.000000
 [4,]  0.00000  0.000000 18.518519 11.111111  0.000000  0.000000  0.000000  0.000000
 [5,]  0.00000  0.000000  0.000000  0.000000 59.259259  0.000000  6.666667  0.000000
 [6,]  0.00000  0.000000  0.000000  0.000000  1.851852  0.000000  0.000000  0.000000
 [7,] 22.22222  0.000000  0.000000  0.000000  0.000000  0.000000  0.000000  0.000000
 [8,] 22.22222  0.000000  0.000000  0.000000 33.333333 11.111111  6.666667  0.000000
 [9,]  0.00000  0.000000  0.000000  0.000000  1.851852  0.000000  0.000000  0.000000
[10,]  0.00000 14.814815 14.814815  0.000000 16.666667  0.000000  0.000000  8.333333
[11,]  0.00000  0.000000  0.000000 11.111111  0.000000  0.000000  0.000000  0.000000
[12,]  0.00000  0.000000 29.629630  0.000000  0.000000  7.407407 13.333333  0.000000
[13,]  0.00000 14.814815 22.222222  0.000000  0.000000  0.000000  0.000000  0.000000
[14,] 22.22222  0.000000  0.000000  0.000000  0.000000  0.000000  0.000000  0.000000
[15,]  0.00000  0.000000  0.000000  7.407407  0.000000  0.000000  0.000000  0.000000
[16,]  0.00000  0.000000 22.222222  0.000000  0.000000  7.407407  0.000000  0.000000
[17,]  0.00000  0.000000  0.000000  7.407407  0.000000  3.703704  0.000000  5.555556
[18,] 22.22222  0.000000  0.000000  9.259259  0.000000  3.703704  0.000000  0.000000
[19,]  0.00000  0.000000 37.037037  0.000000  0.000000  0.000000  0.000000  8.333333
[20,]  0.00000 14.814815  0.000000  0.000000 18.518519  0.000000  0.000000  0.000000
[21,]  0.00000  0.000000  0.000000  0.000000 14.814815  7.407407  0.000000 11.111111
[22,] 22.22222  7.407407  3.703704  1.851852  0.000000  0.000000  0.000000  0.000000
[23,]  0.00000  0.000000  0.000000  0.000000  0.000000  0.000000  0.000000  0.000000
[24,]  0.00000 22.222222  0.000000  0.000000  0.000000  0.000000  0.000000  0.000000
[25,] 22.22222  7.407407  0.000000  0.000000 33.333333  3.703704 20.000000  0.000000
[26,] 22.22222  0.000000  0.000000  0.000000  0.000000  0.000000  0.000000  0.000000
[27,] 22.22222  0.000000  0.000000  0.000000  0.000000  0.000000  0.000000  0.000000
[28,] 22.22222  0.000000  0.000000  0.000000  0.000000  7.407407  0.000000  8.333333
[29,]  0.00000  0.000000  0.000000  7.407407 40.740741  0.000000  0.000000  0.000000
[30,]  0.00000  0.000000  0.000000  0.000000  0.000000  0.000000  0.000000 11.111111
[31,]  0.00000 22.222222  0.000000  0.000000 12.962963  0.000000  0.000000  0.000000
[32,] 22.22222  0.000000  0.000000  0.000000  0.000000  0.000000  0.000000  8.333333
[33,]  0.00000  0.000000  3.703704  0.000000  0.000000  0.000000  0.000000 11.111111
[34,] 22.22222  0.000000  0.000000  9.259259  0.000000  0.000000  0.000000  0.000000
[35,]  0.00000  0.000000  0.000000  0.000000 29.629630  0.000000  0.000000  8.333333
[36,]  0.00000 14.814815  0.000000  5.555556  0.000000  0.000000 20.000000  0.000000
[37,] 22.22222  0.000000  0.000000  0.000000  1.851852  3.703704  6.666667  0.000000
[38,]  0.00000  7.407407  0.000000 12.962963  0.000000  0.000000  0.000000  0.000000
[39,]  0.00000  0.000000  0.000000  0.000000  0.000000  0.000000  6.666667  0.000000
[40,]  0.00000  0.000000  0.000000  5.555556  0.000000  7.407407  0.000000  0.000000
[41,]  0.00000  7.407407  0.000000  0.000000  0.000000  0.000000  0.000000  0.000000
[42,]  0.00000  0.000000 18.518519  7.407407 38.888889  0.000000  6.666667  0.000000
[43,] 22.22222  0.000000  0.000000  0.000000  0.000000  3.703704  0.000000  0.000000
[44,]  0.00000  0.000000  0.000000  0.000000  0.000000  0.000000  0.000000  5.555556
[45,]  0.00000 14.814815  0.000000  7.407407  0.000000  0.000000  0.000000  0.000000
[46,] 22.22222 14.814815  0.000000  0.000000 31.481481  0.000000  0.000000  0.000000
[47,]  0.00000  0.000000  7.407407  0.000000 46.296296  0.000000  6.666667  0.000000
[48,]  0.00000 14.814815 14.814815  0.000000 29.629630  0.000000  0.000000  0.000000
[49,]  0.00000 22.222222  0.000000  7.407407  0.000000  0.000000  0.000000  5.555556
[50,]  0.00000  0.000000  0.000000  0.000000  0.000000  0.000000  0.000000  0.000000
          [,9]
 [1,]   0.0000
 [2,]   0.0000
 [3,]   0.0000
 [4,]   0.0000
 [5,]   0.0000
 [6,] 155.5556
 [7,]   0.0000
 [8,]   0.0000
 [9,]   0.0000
[10,] 155.5556
[11,]   0.0000
[12,] 155.5556
[13,]   0.0000
[14,]   0.0000
[15,] 155.5556
[16,]   0.0000
[17,]   0.0000
[18,]   0.0000
[19,]   0.0000
[20,]   0.0000
[21,]   0.0000
[22,]   0.0000
[23,]   0.0000
[24,] 155.5556
[25,]   0.0000
[26,]   0.0000
[27,]   0.0000
[28,]   0.0000
[29,]   0.0000
[30,] 155.5556
[31,]   0.0000
[32,]   0.0000
[33,]   0.0000
[34,] 155.5556
[35,]   0.0000
[36,]   0.0000
[37,] 155.5556
[38,] 155.5556
[39,] 155.5556
[40,]   0.0000
[41,]   0.0000
[42,]   0.0000
[43,] 155.5556
[44,] 155.5556
[45,]   0.0000
[46,]   0.0000
[47,]   0.0000
[48,]   0.0000
[49,]   0.0000
[50,]   0.0000

