$totdays
[1] 365

$Psampest
[1] NA

$Pbootest
     Mean      2.5%       50%     97.5% 
0.2478003 0.0000000 0.0000000 2.2640331 

$Pboots
 [1] 1.97548728 3.17275630 0.00000000 0.20678474 0.00000000 0.00000000 0.06643847
 [8] 0.00000000 0.00000000 0.00000000 0.24170892 0.00000000 0.24170892 0.00000000
[15] 0.00000000 0.00000000 0.34222763 0.27649853 0.00000000 0.00000000 0.00000000
[22] 0.00000000 2.29371376 0.02140290 0.00000000 0.00000000 0.00000000 0.00000000
[29] 0.00000000 0.12085446 0.00000000 0.24170892 0.00000000 2.16179963 0.00000000
[36] 0.00000000 0.00000000 0.54691536 0.06643847 0.00000000 0.00000000 0.00000000
[43] 0.00000000 0.00000000 0.00000000 0.00000000 0.41356948 0.00000000 0.00000000
[50] 0.00000000

$Bboots
 [1] 0.12612160 0.21835455 0.00000000 0.01223520 0.00000000 0.00000000 0.06978154
 [8] 0.00000000 0.00000000 0.00000000 0.02043578 0.00000000 0.02043578 0.00000000
[15] 0.00000000 0.00000000 0.02334067 0.13956308 0.00000000 0.00000000 0.00000000
[22] 0.00000000 0.21867895 0.01021789 0.00000000 0.00000000 0.00000000 0.00000000
[29] 0.00000000 0.01021789 0.00000000 0.02043578 0.00000000 0.12951082 0.00000000
[36] 0.00000000 0.00000000 0.16290375 0.06978154 0.00000000 0.00000000 0.00000000
[43] 0.00000000 0.00000000 0.00000000 0.00000000 0.02447041 0.00000000 0.00000000
[50] 0.00000000

$Nboots
 [1]  9.0277778  9.0277778  0.0000000  1.7361111  0.0000000  0.0000000  0.9259259
 [8]  0.0000000  0.0000000  0.0000000  0.4629630  0.0000000  0.4629630  0.0000000
[15]  0.0000000  0.0000000  0.6944444  1.8518519  0.0000000  0.0000000  0.0000000
[22]  0.0000000  9.2592593  0.2314815  0.0000000  0.0000000  0.0000000  0.0000000
[29]  0.0000000  0.2314815  0.0000000  0.4629630  0.0000000 17.3611111  0.0000000
[36]  0.0000000  0.0000000  2.5462963  0.9259259  0.0000000  0.0000000  0.0000000
[43]  0.0000000  0.0000000  0.0000000  0.0000000  3.4722222  0.0000000  0.0000000
[50]  0.0000000

$julians
[1] 2008 2040 2085 2122 2143 2232 2278 2283 2362

$intdays
[1] 32 45 37 21 89 46  5 79 11

$Pintsampest
[1] NA NA NA NA NA NA NA NA NA

$Pintboots
          [,1]       [,2]      [,3]       [,4]      [,5]      [,6] [,7] [,8] [,9]
 [1,] 1.939816 0.03567093        NA         NA        NA        NA   NA   NA   NA
 [2,] 2.488301 0.68445526        NA         NA        NA        NA   NA   NA   NA
 [3,]       NA         NA        NA         NA        NA        NA   NA   NA   NA
 [4,]       NA 0.20678474        NA         NA        NA        NA   NA   NA   NA
 [5,]       NA         NA        NA         NA        NA        NA   NA   NA   NA
 [6,]       NA         NA        NA         NA        NA        NA   NA   NA   NA
 [7,]       NA         NA        NA 0.06643847        NA        NA   NA   NA   NA
 [8,]       NA         NA        NA         NA        NA        NA   NA   NA   NA
 [9,]       NA         NA        NA         NA        NA        NA   NA   NA   NA
[10,]       NA         NA        NA         NA        NA        NA   NA   NA   NA
[11,]       NA         NA        NA         NA 0.2417089        NA   NA   NA   NA
[12,]       NA         NA        NA         NA        NA        NA   NA   NA   NA
[13,]       NA         NA        NA         NA 0.2417089        NA   NA   NA   NA
[14,]       NA         NA        NA         NA        NA        NA   NA   NA   NA
[15,]       NA         NA        NA         NA        NA        NA   NA   NA   NA
[16,]       NA         NA        NA         NA        NA        NA   NA    0   NA
[17,]       NA 0.34222763        NA         NA        NA        NA   NA   NA   NA
[18,]       NA         NA 0.2764985         NA        NA        NA   NA   NA   NA
[19,]       NA         NA        NA         NA        NA        NA   NA   NA   NA
[20,]       NA         NA        NA         NA        NA        NA   NA   NA   NA
[21,]       NA         NA        NA         NA        NA        NA   NA   NA   NA
[22,]       NA         NA        NA         NA        NA        NA   NA   NA   NA
[23,] 2.227275         NA        NA 0.06643847        NA        NA   NA   NA   NA
[24,]       NA         NA        NA         NA        NA 0.0214029   NA   NA   NA
[25,]       NA         NA        NA         NA        NA        NA   NA   NA   NA
[26,]       NA         NA        NA         NA        NA        NA   NA   NA   NA
[27,]       NA         NA        NA         NA        NA        NA   NA   NA   NA
[28,]       NA         NA        NA         NA        NA        NA    0    0   NA
[29,]       NA         NA        NA         NA        NA        NA   NA   NA   NA
[30,]       NA         NA        NA 0.00000000 0.1208545        NA   NA   NA   NA
[31,]       NA         NA        NA         NA        NA        NA   NA   NA   NA
[32,]       NA         NA        NA         NA 0.2417089        NA   NA   NA   NA
[33,]       NA         NA        NA         NA        NA 0.0000000    0   NA   NA
[34,] 2.019116 0.14268371        NA         NA        NA        NA   NA   NA   NA
[35,]       NA         NA        NA         NA        NA        NA   NA   NA   NA
[36,]       NA         NA        NA         NA        NA        NA   NA   NA   NA
[37,]       NA         NA        NA         NA        NA        NA   NA   NA   NA
[38,]       NA 0.34222763 0.1382493 0.06643847        NA        NA    0   NA   NA
[39,]       NA         NA        NA 0.06643847        NA        NA   NA    0   NA
[40,]       NA         NA        NA         NA        NA        NA   NA   NA   NA
[41,]       NA         NA        NA         NA        NA        NA   NA   NA   NA
[42,]       NA         NA        NA         NA        NA        NA   NA   NA   NA
[43,]       NA         NA        NA 0.00000000        NA        NA   NA   NA   NA
[44,]       NA         NA        NA         NA        NA        NA   NA   NA   NA
[45,]       NA         NA        NA         NA        NA        NA   NA   NA   NA
[46,]       NA         NA        NA         NA        NA        NA   NA    0   NA
[47,]       NA 0.41356948        NA         NA        NA        NA   NA   NA   NA
[48,]       NA         NA        NA         NA        NA        NA   NA   NA   NA
[49,]       NA         NA        NA         NA        NA        NA   NA   NA   NA
[50,]       NA         NA        NA         NA        NA        NA   NA   NA   NA

$Bdatesampinfo
      DATE JULIAN N Mean Stdev
1 07/01/11   2008 2   NA    NA
2 08/02/11   2040 4   NA    NA
3 09/16/11   2085 6   NA    NA
4 10/23/11   2122 6   NA    NA
5 11/13/11   2143 5   NA    NA
6 02/10/12   2232 6   NA    NA
7 03/27/12   2278 5   NA    NA
8 04/01/12   2283 4   NA    NA
9 06/19/12   2362 2   NA    NA

$Ndatesampinfo
      DATE JULIAN N Mean Stdev
1 07/01/11   2008 2   NA    NA
2 08/02/11   2040 4   NA    NA
3 09/16/11   2085 6   NA    NA
4 10/23/11   2122 6   NA    NA
5 11/13/11   2143 5   NA    NA
6 02/10/12   2232 6   NA    NA
7 03/27/12   2278 5   NA    NA
8 04/01/12   2283 4   NA    NA
9 06/19/12   2362 2   NA    NA

$Bdateboots
         [,1]        [,2] [,3]     [,4] [,5]      [,6] [,7] [,8] [,9]
 [1,] 1.99987 0.009037902    0 0.000000    0 0.0000000    0    0    0
 [2,] 1.99987 0.746901509    0 0.000000    0 0.0000000    0    0    0
 [3,] 0.00000 0.000000000    0 1.116505    0 0.3269725    0    0    0
 [4,] 0.00000 0.195763279    0 0.000000    0 0.0000000    0    0    0
 [5,] 0.00000 0.000000000    0 0.000000    0 0.0000000    0    0    0
 [6,] 0.00000 0.195763279    0 1.116505    0 0.0000000    0    0    0
 [7,] 0.00000 0.000000000    0 1.116505    0 0.0000000    0    0    0
 [8,] 1.99987 0.000000000    0 0.000000    0 0.0000000    0    0    0
 [9,] 0.00000 0.000000000    0 0.000000    0 0.0000000    0    0    0
[10,] 0.00000 0.000000000    0 0.000000    0 0.0000000    0    0    0
[11,] 0.00000 0.000000000    0 0.000000    0 0.3269725    0    0    0
[12,] 0.00000 0.000000000    0 0.000000    0 0.3269725    0    0    0
[13,] 0.00000 0.000000000    0 0.000000    0 0.3269725    0    0    0
[14,] 0.00000 0.382488656    0 1.116505    0 0.1634862    0    0    0
[15,] 0.00000 0.000000000    0 0.000000    0 0.0000000    0    0    0
[16,] 0.00000 0.000000000    0 0.000000    0 0.0000000    0    0    0
[17,] 0.00000 0.373450754    0 0.000000    0 0.0000000    0    0    0
[18,] 0.00000 0.000000000    0 2.233009    0 0.1634862    0    0    0
[19,] 1.99987 0.000000000    0 0.000000    0 0.0000000    0    0    0
[20,] 0.00000 0.000000000    0 0.000000    0 0.0000000    0    0    0
[21,] 0.00000 0.000000000    0 1.116505    0 0.0000000    0    0    0
[22,] 0.00000 0.382488656    0 0.000000    0 0.0000000    0    0    0
[23,] 1.99987 0.382488656    0 1.116505    0 0.0000000    0    0    0
[24,] 0.00000 0.000000000    0 0.000000    0 0.1634862    0    0    0
[25,] 0.00000 0.000000000    0 2.233009    0 0.0000000    0    0    0
[26,] 0.00000 0.000000000    0 0.000000    0 0.0000000    0    0    0
[27,] 0.00000 0.000000000    0 2.233009    0 0.1634862    0    0    0
[28,] 1.99987 0.000000000    0 0.000000    0 0.0000000    0    0    0
[29,] 0.00000 0.000000000    0 0.000000    0 0.0000000    0    0    0
[30,] 1.99987 0.000000000    0 0.000000    0 0.1634862    0    0    0
[31,] 1.99987 0.000000000    0 0.000000    0 0.1634862    0    0    0
[32,] 0.00000 0.000000000    0 0.000000    0 0.3269725    0    0    0
[33,] 1.99987 0.000000000    0 2.233009    0 0.0000000    0    0    0
[34,] 1.99987 0.036151606    0 0.000000    0 0.0000000    0    0    0
[35,] 0.00000 0.000000000    0 0.000000    0 0.0000000    0    0    0
[36,] 0.00000 0.186725377    0 0.000000    0 0.0000000    0    0    0
[37,] 0.00000 0.000000000    0 0.000000    0 0.0000000    0    0    0
[38,] 0.00000 0.373450754    0 1.116505    0 0.0000000    0    0    0
[39,] 0.00000 0.000000000    0 1.116505    0 0.0000000    0    0    0
[40,] 0.00000 0.000000000    0 0.000000    0 0.3269725    0    0    0
[41,] 0.00000 0.000000000    0 1.116505    0 0.0000000    0    0    0
[42,] 0.00000 0.000000000    0 0.000000    0 0.0000000    0    0    0
[43,] 1.99987 0.000000000    0 0.000000    0 0.0000000    0    0    0
[44,] 0.00000 0.000000000    0 0.000000    0 0.0000000    0    0    0
[45,] 0.00000 0.000000000    0 0.000000    0 0.0000000    0    0    0
[46,] 0.00000 0.000000000    0 0.000000    0 0.1634862    0    0    0
[47,] 0.00000 0.391526558    0 0.000000    0 0.0000000    0    0    0
[48,] 0.00000 0.195763279    0 0.000000    0 0.0000000    0    0    0
[49,] 0.00000 0.000000000    0 0.000000    0 0.0000000    0    0    0
[50,] 0.00000 0.000000000    0 0.000000    0 0.0000000    0    0    0

$Ndateboots
      [,1]      [,2] [,3]     [,4] [,5]     [,6] [,7] [,8] [,9]
 [1,]  100 22.222222    0  0.00000    0 0.000000    0    0    0
 [2,]  100 22.222222    0  0.00000    0 0.000000    0    0    0
 [3,]    0  0.000000    0 14.81481    0 7.407407    0    0    0
 [4,]    0 27.777778    0  0.00000    0 0.000000    0    0    0
 [5,]    0  0.000000    0  0.00000    0 0.000000    0    0    0
 [6,]    0 27.777778    0 14.81481    0 0.000000    0    0    0
 [7,]    0  0.000000    0 14.81481    0 0.000000    0    0    0
 [8,]  100  0.000000    0  0.00000    0 0.000000    0    0    0
 [9,]    0  0.000000    0  0.00000    0 0.000000    0    0    0
[10,]    0  0.000000    0  0.00000    0 0.000000    0    0    0
[11,]    0  0.000000    0  0.00000    0 7.407407    0    0    0
[12,]    0  0.000000    0  0.00000    0 7.407407    0    0    0
[13,]    0  0.000000    0  0.00000    0 7.407407    0    0    0
[14,]    0 33.333333    0 14.81481    0 3.703704    0    0    0
[15,]    0  0.000000    0  0.00000    0 0.000000    0    0    0
[16,]    0  0.000000    0  0.00000    0 0.000000    0    0    0
[17,]    0 11.111111    0  0.00000    0 0.000000    0    0    0
[18,]    0  0.000000    0 29.62963    0 3.703704    0    0    0
[19,]  100  0.000000    0  0.00000    0 0.000000    0    0    0
[20,]    0  0.000000    0  0.00000    0 0.000000    0    0    0
[21,]    0  0.000000    0 14.81481    0 0.000000    0    0    0
[22,]    0 33.333333    0  0.00000    0 0.000000    0    0    0
[23,]  100 33.333333    0 14.81481    0 0.000000    0    0    0
[24,]    0  0.000000    0  0.00000    0 3.703704    0    0    0
[25,]    0  0.000000    0 29.62963    0 0.000000    0    0    0
[26,]    0  0.000000    0  0.00000    0 0.000000    0    0    0
[27,]    0  0.000000    0 29.62963    0 3.703704    0    0    0
[28,]  100  0.000000    0  0.00000    0 0.000000    0    0    0
[29,]    0  0.000000    0  0.00000    0 0.000000    0    0    0
[30,]  100  0.000000    0  0.00000    0 3.703704    0    0    0
[31,]  100  0.000000    0  0.00000    0 3.703704    0    0    0
[32,]    0  0.000000    0  0.00000    0 7.407407    0    0    0
[33,]  100  0.000000    0 29.62963    0 0.000000    0    0    0
[34,]  100 88.888889    0  0.00000    0 0.000000    0    0    0
[35,]    0  0.000000    0  0.00000    0 0.000000    0    0    0
[36,]    0  5.555556    0  0.00000    0 0.000000    0    0    0
[37,]    0  0.000000    0  0.00000    0 0.000000    0    0    0
[38,]    0 11.111111    0 14.81481    0 0.000000    0    0    0
[39,]    0  0.000000    0 14.81481    0 0.000000    0    0    0
[40,]    0  0.000000    0  0.00000    0 7.407407    0    0    0
[41,]    0  0.000000    0 14.81481    0 0.000000    0    0    0
[42,]    0  0.000000    0  0.00000    0 0.000000    0    0    0
[43,]  100  0.000000    0  0.00000    0 0.000000    0    0    0
[44,]    0  0.000000    0  0.00000    0 0.000000    0    0    0
[45,]    0  0.000000    0  0.00000    0 0.000000    0    0    0
[46,]    0  0.000000    0  0.00000    0 3.703704    0    0    0
[47,]    0 55.555556    0  0.00000    0 0.000000    0    0    0
[48,]    0 27.777778    0  0.00000    0 0.000000    0    0    0
[49,]    0  0.000000    0  0.00000    0 0.000000    0    0    0
[50,]    0  0.000000    0  0.00000    0 0.000000    0    0    0

